[[353 142]] , [[354 141]]
[[422 734]] , [[421 735]]
[[576 742]] , [[576 747]]
[[380 734]] , [[380 740]]
[[ 671 1048]] , [[ 672 1047]]
[[449 992]] , [[450 991]]
[[593 738]] , [[593 742]]
[[313 565]] , [[312 566]]
[[  34 1037]] , [[  34 1041]]
[[300 764]] , [[300 765]]
[[  72 1264]] , [[  72 1265]]
[[   0 1058]] , [[   0 1131]]
[[ 641 1270]] , [[ 641 1275]]
[[   8 1038]] , [[   8 1045]]
[[ 650 1404]] , [[ 650 1409]]
[[ 684 1328]] , [[ 684 1333]]
[[ 688 1430]] , [[ 688 1434]]
[[ 735 1469]] , [[ 734 1470]]
[[ 702 1550]] , [[ 702 1555]]
[[ 641 1270]] , [[ 641 1275]]
[[ 684 1300]] , [[ 684 1305]]
[[ 641 1270]] , [[ 641 1275]]
[[ 733 1469]] , [[ 732 1470]]
[[  12 1038]] , [[  12 1045]]
[[ 168 1350]] , [[ 168 1354]]
[[  68 1264]] , [[  68 1267]]
[[ 750 1468]] , [[ 750 1469]]
[[  78 1453]] , [[  78 1457]]
[[ 716 1430]] , [[ 716 1435]]
[[  68 1264]] , [[  68 1267]]
[[  86 1444]] , [[  86 1448]]
[[ 431 1030]] , [[ 431 1031]]
[[ 716 1430]] , [[ 716 1435]]
[[ 348 1424]] , [[ 348 1429]]
[[ 748 1468]] , [[ 748 1472]]
[[ 716 1430]] , [[ 716 1435]]
[[ 632 1370]] , [[ 632 1371]]
[[ 632 1370]] , [[ 632 1371]]
[[ 656 1368]] , [[ 656 1375]]
[[  24 1150]] , [[  24 1155]]
[[ 752 1468]] , [[ 752 1472]]
[[  70 1248]] , [[  70 1250]]
[[ 684 1369]] , [[ 684 1373]]
[[298 904]] , [[298 909]]
[[  17 1176]] , [[  17 1184]]
[[ 656 1368]] , [[ 656 1375]]
[[ 752 1468]] , [[ 752 1472]]
[[  48 1268]] , [[  48 1273]]
[[ 698 1472]] , [[ 698 1477]]
[[  66 1254]] , [[  65 1255]]
[[ 730 1469]] , [[ 730 1473]]
[[ 656 1368]] , [[ 656 1375]]
[[ 616 1546]] , [[ 616 1551]]
[[ 728 1470]] , [[ 728 1475]]
[[ 576 1548]] , [[ 576 1553]]
[[ 682 1374]] , [[ 682 1378]]
[[ 670 1422]] , [[ 670 1427]]
[[ 670 1422]] , [[ 670 1427]]
[[ 682 1374]] , [[ 682 1378]]
[[  22 1254]] , [[  22 1259]]
[[  44 1274]] , [[  44 1279]]
[[ 658 1368]] , [[ 658 1375]]
[[ 668 1404]] , [[ 668 1409]]
[[  18 1249]] , [[  18 1251]]
[[  19 1251]] , [[  18 1252]]
[[ 682 1369]] , [[ 682 1373]]
[[  14 1254]] , [[  14 1258]]
[[   8 1040]] , [[   8 1048]]
[[250 566]] , [[250 567]]
[[   0 1222]] , [[   0 1227]]
[[252 566]] , [[250 568]]
[[603 970]] , [[604 969]]
[[   8 1244]] , [[   8 1249]]
[[652 755]] , [[653 755]]
[[469 924]] , [[470 923]]
[[ 382 1001]] , [[ 383 1000]]
[[  14 1250]] , [[  14 1255]]
[[ 670 1338]] , [[ 670 1343]]
[[ 638 1394]] , [[ 638 1399]]
[[   3 1036]] , [[   3 1037]]
[[ 655 1338]] , [[ 655 1342]]
[[ 668 1338]] , [[ 668 1343]]
[[  85 1265]] , [[  85 1267]]
[[   3 1036]] , [[   3 1037]]
[[   2 1036]] , [[   2 1039]]
[[  15 1258]] , [[  15 1263]]
[[ 674 1424]] , [[ 674 1430]]
[[   1 1036]] , [[   1 1037]]
[[ 672 1422]] , [[ 672 1427]]
[[  20 1266]] , [[  20 1271]]
[[   2 1036]] , [[   2 1037]]
[[   2 1036]] , [[   2 1037]]
[[598 930]] , [[599 929]]
[[248 566]] , [[247 567]]
[[658 756]] , [[659 755]]
[[596 930]] , [[597 929]]
[[ 733 1469]] , [[ 732 1470]]
[[   1 1036]] , [[   1 1039]]
[[ 731 1469]] , [[ 730 1470]]
[[  12 1256]] , [[  12 1261]]
[[ 696 1424]] , [[ 696 1429]]
[[ 811 1060]] , [[ 812 1059]]
[[  16 1253]] , [[  15 1254]]
[[259 564]] , [[258 565]]
[[483 921]] , [[484 920]]
[[653 756]] , [[654 755]]
[[479 921]] , [[480 920]]
[[605 940]] , [[606 939]]
[[ 668 1338]] , [[ 668 1343]]
[[605 946]] , [[606 945]]
[[   5 1228]] , [[   5 1233]]
[[   0 1143]] , [[   0 1153]]
[[254 566]] , [[253 567]]
[[385 978]] , [[386 977]]
[[   0 1055]] , [[   0 1059]]
[[608 932]] , [[609 931]]
[[   0 1086]] , [[   0 1091]]
[[486 919]] , [[487 919]]
[[403 970]] , [[404 969]]
[[485 920]] , [[486 919]]
[[399 984]] , [[400 983]]
[[   6 1136]] , [[   6 1143]]
[[ 654 1298]] , [[ 654 1302]]
[[ 654 1298]] , [[ 654 1302]]
[[  28 1310]] , [[  28 1315]]
[[320 730]] , [[320 735]]
[[ 720 1474]] , [[ 720 1481]]
[[ 668 1368]] , [[ 668 1372]]
[[  70 1464]] , [[  70 1469]]
[[ 556 1476]] , [[ 556 1483]]
[[ 556 1476]] , [[ 556 1477]]
[[ 720 1474]] , [[ 720 1479]]
[[ 720 1474]] , [[ 720 1479]]
[[  72 1460]] , [[  72 1465]]
[[ 574 1548]] , [[ 574 1552]]
[[ 526 1476]] , [[ 526 1483]]
[[ 662 1371]] , [[ 661 1372]]
[[ 624 1370]] , [[ 624 1374]]
[[ 660 1372]] , [[ 660 1377]]
[[ 663 1371]] , [[ 663 1375]]
[[ 573 1550]] , [[ 573 1552]]
[[ 684 1328]] , [[ 684 1333]]
[[  70 1268]] , [[  70 1273]]
[[  72 1267]] , [[  71 1268]]
[[   0 1052]] , [[   0 1071]]
[[  86 1270]] , [[  86 1275]]
[[   0 1027]] , [[   0 1031]]
[[   6 1036]] , [[   6 1038]]
[[  17 1098]] , [[  18 1097]]
[[868 622]] , [[868 627]]
[[  68 1248]] , [[  68 1265]]
[[ 660 1370]] , [[ 660 1377]]
[[  71 1462]] , [[  70 1463]]
[[  62 1037]] , [[  62 1041]]
[[  64 1110]] , [[  64 1121]]
[[   6 1036]] , [[   5 1037]]
[[  62 1104]] , [[  62 1121]]
[[  70 1184]] , [[  70 1191]]
[[ 790 1564]] , [[ 790 1565]]
[[ 632 1274]] , [[ 632 1279]]
[[ 800 1566]] , [[ 800 1570]]
[[ 759 1566]] , [[ 758 1567]]
[[ 726 1568]] , [[ 726 1573]]
[[ 726 1568]] , [[ 726 1573]]
[[ 714 1564]] , [[ 714 1569]]
[[ 758 1564]] , [[ 758 1571]]
[[ 572 1564]] , [[ 572 1573]]
[[ 538 1552]] , [[ 538 1557]]
[[ 568 1553]] , [[ 568 1557]]
[[ 746 1568]] , [[ 746 1574]]
[[ 734 1568]] , [[ 734 1574]]
[[ 542 1552]] , [[ 542 1559]]
[[ 708 1544]] , [[ 708 1552]]
[[ 538 1478]] , [[ 538 1483]]
[[ 543 1552]] , [[ 542 1553]]
[[ 530 1476]] , [[ 529 1477]]
[[ 720 1476]] , [[ 720 1481]]
[[ 526 1476]] , [[ 526 1483]]
[[ 556 1564]] , [[ 556 1567]]
[[ 572 1566]] , [[ 572 1573]]
[[ 572 1566]] , [[ 572 1573]]
[[ 730 1570]] , [[ 730 1575]]
[[ 784 1566]] , [[ 784 1567]]
[[ 530 1556]] , [[ 530 1561]]
[[ 584 1558]] , [[ 584 1565]]
[[ 588 1558]] , [[ 588 1567]]
[[ 588 1558]] , [[ 588 1567]]
[[ 792 1564]] , [[ 792 1565]]
[[ 548 1568]] , [[ 548 1573]]
[[ 780 1568]] , [[ 780 1572]]
[[ 736 1568]] , [[ 736 1572]]
[[ 734 1568]] , [[ 734 1573]]
[[ 780 1568]] , [[ 780 1572]]
[[ 788 1564]] , [[ 788 1569]]
[[ 808 1564]] , [[ 808 1568]]
[[ 808 1564]] , [[ 808 1568]]
[[ 552 1572]] , [[ 552 1577]]
[[ 816 1562]] , [[ 816 1563]]
[[ 829 1564]] , [[ 829 1568]]
[[ 829 1564]] , [[ 829 1568]]
[[ 556 1572]] , [[ 556 1578]]
[[ 536 1564]] , [[ 536 1569]]
[[ 608 1566]] , [[ 608 1567]]
[[ 543 1476]] , [[ 543 1477]]
[[ 602 1558]] , [[ 602 1567]]
[[ 572 1554]] , [[ 572 1559]]
[[ 810 1564]] , [[ 810 1568]]
[[ 809 1564]] , [[ 809 1568]]
[[ 886 1567]] , [[ 886 1571]]
[[ 840 1566]] , [[ 840 1572]]
[[ 810 1564]] , [[ 810 1568]]
[[ 736 1568]] , [[ 736 1573]]
[[ 736 1568]] , [[ 736 1573]]
[[ 564 1562]] , [[ 564 1565]]
[[ 736 1568]] , [[ 736 1573]]
[[ 602 1566]] , [[ 601 1567]]
[[ 604 1554]] , [[ 604 1555]]
[[ 510 1472]] , [[ 510 1475]]
[[ 709 1432]] , [[ 709 1436]]
[[ 709 1432]] , [[ 709 1436]]
[[ 506 1479]] , [[ 506 1483]]
[[ 736 1468]] , [[ 736 1473]]
[[ 548 1478]] , [[ 548 1483]]
[[ 528 1476]] , [[ 528 1481]]
[[ 540 1476]] , [[ 540 1481]]
[[ 734 1432]] , [[ 734 1436]]
[[ 709 1432]] , [[ 709 1436]]
[[ 730 1480]] , [[ 730 1485]]
[[ 744 1468]] , [[ 744 1473]]
[[ 686 1300]] , [[ 686 1304]]
[[ 646 1409]] , [[ 646 1413]]
[[ 719 1432]] , [[ 719 1436]]
[[ 738 1468]] , [[ 738 1473]]
[[ 522 1336]] , [[ 522 1341]]
[[ 724 1432]] , [[ 724 1436]]
[[ 662 1340]] , [[ 662 1344]]
[[  32 1039]] , [[  32 1055]]
[[341 732]] , [[341 736]]
[[ 680 1334]] , [[ 680 1338]]
[[ 522 1336]] , [[ 522 1341]]
[[ 522 1336]] , [[ 522 1341]]
[[  13 1168]] , [[  13 1173]]
[[  82 1269]] , [[  81 1270]]
[[   6 1088]] , [[   6 1120]]
[[   2 1096]] , [[   2 1101]]
[[265 568]] , [[263 570]]
[[459 608]] , [[460 607]]
[[   0 1054]] , [[   0 1065]]
[[258 566]] , [[257 567]]
[[  26 1265]] , [[  25 1266]]
[[ 805 1058]] , [[ 806 1057]]
[[595 756]] , [[596 755]]
[[367 960]] , [[368 959]]
[[ 789 1058]] , [[ 790 1057]]
[[579 976]] , [[580 975]]
[[571 944]] , [[572 943]]
[[469 922]] , [[470 921]]
[[569 994]] , [[570 993]]
[[ 769 1052]] , [[ 770 1051]]
[[565 962]] , [[566 961]]
[[564 964]] , [[565 963]]
[[562 962]] , [[563 961]]
[[ 763 1056]] , [[ 764 1055]]
[[218 568]] , [[218 569]]
[[663 758]] , [[664 757]]
[[661 758]] , [[662 757]]
[[222 568]] , [[222 569]]
[[222 568]] , [[222 569]]
[[ 240 1370]] , [[ 240 1374]]
[[ 270 1346]] , [[ 270 1350]]
[[220 570]] , [[220 571]]
[[212 570]] , [[212 571]]
[[212 570]] , [[212 571]]
[[ 749 1055]] , [[ 750 1054]]
[[ 668 1339]] , [[ 668 1343]]
[[ 672 1424]] , [[ 672 1431]]
[[ 666 1339]] , [[ 666 1343]]
[[469 922]] , [[470 921]]
[[ 559 1028]] , [[ 560 1027]]
[[488 920]] , [[489 919]]
[[619 920]] , [[620 919]]
[[535 764]] , [[536 763]]
[[536 763]] , [[546 763]]
[[ 731 1052]] , [[ 732 1051]]
[[718 962]] , [[719 961]]
[[717 959]] , [[718 958]]
[[617 920]] , [[618 919]]
[[659 761]] , [[661 761]]
[[715 925]] , [[716 924]]
[[174 570]] , [[174 571]]
[[171 572]] , [[171 573]]
[[  76 1274]] , [[  75 1275]]
[[677 919]] , [[680 919]]
[[ 723 1054]] , [[ 724 1053]]
[[168 570]] , [[168 571]]
[[673 920]] , [[674 919]]
[[ 723 1054]] , [[ 724 1053]]
[[612 920]] , [[613 919]]
[[612 920]] , [[613 919]]
[[453 608]] , [[454 607]]
[[469 922]] , [[470 921]]
[[168 572]] , [[168 573]]
[[660 763]] , [[661 762]]
[[525 764]] , [[526 763]]
[[477 920]] , [[478 919]]
[[477 920]] , [[478 919]]
[[477 920]] , [[478 919]]
[[477 920]] , [[478 919]]
[[647 608]] , [[648 607]]
[[455 607]] , [[471 607]]
[[601 920]] , [[602 919]]
[[643 594]] , [[644 593]]
[[457 608]] , [[458 607]]
[[417 740]] , [[416 741]]
[[185 590]] , [[186 589]]
[[185 590]] , [[186 589]]
[[185 590]] , [[186 589]]
[[185 590]] , [[186 589]]
[[706 966]] , [[706 967]]
[[600 920]] , [[601 919]]
[[170 570]] , [[170 571]]
[[716 987]] , [[717 986]]
[[375 747]] , [[376 746]]
[[708 974]] , [[708 979]]
[[658 606]] , [[659 605]]
[[194 589]] , [[199 589]]
[[193 590]] , [[194 589]]
[[447 741]] , [[446 742]]
[[461 606]] , [[462 605]]
[[400 740]] , [[400 741]]
[[198 571]] , [[197 572]]
[[483 920]] , [[484 919]]
[[738 920]] , [[739 919]]
[[543 996]] , [[544 995]]
[[739 632]] , [[740 631]]
[[208 564]] , [[207 565]]
[[465 606]] , [[466 605]]
[[659 918]] , [[660 917]]
[[487 921]] , [[493 921]]
[[ 158 1360]] , [[ 158 1365]]
[[ 158 1360]] , [[ 158 1365]]
[[  80 1258]] , [[  80 1263]]
[[   0 1036]] , [[   0 1041]]
[[226 563]] , [[225 564]]
[[ 159 1360]] , [[ 158 1361]]
[[ 733 1468]] , [[ 732 1469]]
[[ 726 1432]] , [[ 726 1436]]
[[  70 1254]] , [[  70 1261]]
[[  72 1250]] , [[  72 1253]]
[[  72 1250]] , [[  72 1253]]
[[244 562]] , [[243 563]]
[[   0 1034]] , [[   0 1045]]
[[ 160 1360]] , [[ 160 1364]]
[[  80 1256]] , [[  80 1261]]
[[  21 1078]] , [[  21 1083]]
[[ 670 1338]] , [[ 670 1342]]
[[ 738 1480]] , [[ 738 1485]]
[[ 754 1468]] , [[ 754 1475]]
[[ 159 1361]] , [[ 159 1365]]
[[ 546 1560]] , [[ 546 1563]]
[[  17 1205]] , [[  17 1209]]
[[ 731 1469]] , [[ 731 1473]]
[[ 731 1469]] , [[ 731 1473]]
[[ 700 1542]] , [[ 700 1547]]
[[ 737 1425]] , [[ 736 1426]]
[[ 733 1469]] , [[ 733 1473]]
[[ 732 1422]] , [[ 732 1433]]
[[ 532 1546]] , [[ 532 1547]]
[[ 734 1469]] , [[ 733 1470]]
[[ 656 1474]] , [[ 656 1481]]
[[ 720 1370]] , [[ 720 1375]]
[[ 734 1469]] , [[ 734 1473]]
[[  36 1031]] , [[  35 1032]]
[[  36 1031]] , [[  35 1032]]
[[   0 1036]] , [[   0 1079]]
[[ 632 1368]] , [[ 632 1372]]
[[  70 1262]] , [[  70 1267]]
[[ 720 1370]] , [[ 720 1375]]
[[ 720 1370]] , [[ 720 1375]]
[[  70 1262]] , [[  70 1267]]
[[  74 1198]] , [[  74 1199]]
[[ 654 1408]] , [[ 654 1415]]
[[ 556 1368]] , [[ 556 1372]]
[[ 542 1474]] , [[ 542 1475]]
[[ 740 1468]] , [[ 739 1469]]
[[ 556 1368]] , [[ 556 1372]]
[[  66 1200]] , [[  66 1211]]
[[  56 1038]] , [[  56 1043]]
[[  72 1158]] , [[  72 1187]]
[[  71 1168]] , [[  71 1173]]
[[  71 1166]] , [[  71 1171]]
[[  74 1086]] , [[  74 1097]]
[[  71 1162]] , [[  71 1167]]
[[364 566]] , [[364 567]]
[[  25 1074]] , [[  26 1073]]
[[  73 1054]] , [[  73 1058]]
[[ 116 1056]] , [[ 116 1069]]
[[  77 1212]] , [[  77 1216]]
[[ 732 1423]] , [[ 732 1429]]
[[  75 1200]] , [[  75 1204]]
[[ 732 1428]] , [[ 732 1433]]
[[  66 1190]] , [[  66 1201]]
[[  66 1192]] , [[  66 1201]]
[[ 638 1328]] , [[ 638 1332]]
[[  66 1228]] , [[  66 1235]]
[[ 737 1468]] , [[ 736 1469]]
[[  66 1186]] , [[  66 1201]]
[[ 732 1469]] , [[ 731 1470]]
[[ 620 1476]] , [[ 620 1481]]
[[ 620 1476]] , [[ 620 1481]]
[[ 750 1468]] , [[ 750 1472]]
[[ 467 1575]] , [[ 467 1576]]
[[ 728 1570]] , [[ 728 1574]]
[[ 564 1568]] , [[ 564 1571]]
[[ 452 1484]] , [[ 452 1488]]
[[ 632 1474]] , [[ 632 1479]]
[[ 638 1328]] , [[ 638 1332]]
[[ 638 1328]] , [[ 638 1332]]
[[ 638 1328]] , [[ 638 1332]]
[[ 638 1328]] , [[ 638 1333]]
[[ 217 1297]] , [[ 216 1298]]
[[ 638 1474]] , [[ 638 1483]]
[[ 537 1368]] , [[ 537 1372]]
[[ 314 1342]] , [[ 313 1343]]
[[ 219 1293]] , [[ 219 1295]]
[[ 310 1342]] , [[ 310 1349]]
[[ 657 1552]] , [[ 656 1553]]
[[ 704 1550]] , [[ 704 1559]]
[[  72 1278]] , [[  72 1283]]
[[ 332 1425]] , [[ 332 1431]]
[[ 378 1424]] , [[ 378 1431]]
[[ 376 1424]] , [[ 376 1431]]
[[ 598 1558]] , [[ 598 1563]]
[[ 666 1564]] , [[ 666 1569]]
[[ 844 1562]] , [[ 844 1571]]
[[ 544 1558]] , [[ 544 1565]]
[[ 528 1568]] , [[ 528 1575]]
[[ 858 1566]] , [[ 858 1571]]
[[ 624 1560]] , [[ 624 1565]]
[[ 844 1562]] , [[ 844 1567]]
[[ 604 1540]] , [[ 604 1545]]
[[ 556 1480]] , [[ 556 1487]]
[[ 816 1468]] , [[ 816 1472]]
[[ 604 1540]] , [[ 604 1549]]
[[ 667 1552]] , [[ 667 1553]]
[[ 792 1560]] , [[ 792 1567]]
[[ 614 1564]] , [[ 614 1569]]
[[ 554 1568]] , [[ 554 1577]]
[[ 429 1578]] , [[ 429 1582]]
[[ 370 1492]] , [[ 370 1497]]
[[ 596 1554]] , [[ 596 1555]]
[[ 678 1552]] , [[ 678 1556]]
[[ 374 1492]] , [[ 374 1497]]
[[ 676 1558]] , [[ 676 1563]]
[[ 708 1471]] , [[ 708 1475]]
[[ 374 1493]] , [[ 374 1497]]
[[ 374 1493]] , [[ 374 1497]]
[[ 422 1577]] , [[ 422 1581]]
[[ 532 1550]] , [[ 532 1557]]
[[ 494 1571]] , [[ 494 1575]]
[[ 636 1476]] , [[ 636 1477]]
[[ 692 1503]] , [[ 692 1507]]
[[ 768 1482]] , [[ 768 1487]]
[[ 752 1570]] , [[ 752 1571]]
[[ 620 1478]] , [[ 620 1483]]
[[ 548 1560]] , [[ 548 1565]]
[[ 548 1550]] , [[ 548 1557]]
[[ 266 1578]] , [[ 266 1583]]
[[ 524 1482]] , [[ 524 1487]]
[[ 620 1569]] , [[ 620 1573]]
[[ 650 1482]] , [[ 650 1486]]
[[ 536 1749]] , [[ 536 1751]]
[[ 622 1568]] , [[ 621 1569]]
[[ 844 1560]] , [[ 844 1563]]
[[ 760 1474]] , [[ 760 1479]]
[[ 732 1556]] , [[ 732 1561]]
[[ 726 1556]] , [[ 726 1561]]
[[ 700 1552]] , [[ 700 1553]]
[[ 518 1473]] , [[ 518 1481]]
[[ 704 1471]] , [[ 704 1475]]
[[ 620 1568]] , [[ 620 1573]]
[[ 488 1571]] , [[ 488 1575]]
[[ 748 1570]] , [[ 748 1574]]
[[ 488 1571]] , [[ 488 1575]]
[[ 890 1568]] , [[ 890 1574]]
[[ 618 1568]] , [[ 618 1574]]
[[ 526 1480]] , [[ 526 1481]]
[[ 732 1480]] , [[ 732 1485]]
[[ 654 1478]] , [[ 654 1485]]
[[ 654 1478]] , [[ 654 1485]]
[[ 526 1480]] , [[ 526 1484]]
[[ 572 1555]] , [[ 572 1563]]
[[ 598 1553]] , [[ 597 1554]]
[[ 652 1332]] , [[ 652 1337]]
[[784 728]] , [[784 729]]
[[890 654]] , [[890 659]]
[[320 550]] , [[320 551]]
[[888 678]] , [[888 683]]
[[ 764 1367]] , [[ 764 1371]]
[[ 538 1556]] , [[ 538 1561]]
[[ 386 1376]] , [[ 386 1381]]
[[ 748 1570]] , [[ 748 1575]]
[[ 572 1553]] , [[ 572 1557]]
[[  80 1448]] , [[  80 1450]]
[[ 682 1424]] , [[ 682 1431]]
[[ 727 1469]] , [[ 727 1470]]
[[ 682 1424]] , [[ 682 1431]]
[[ 752 1431]] , [[ 752 1436]]
[[ 752 1431]] , [[ 752 1436]]
[[  80 1448]] , [[  80 1450]]
[[375 951]] , [[374 952]]
[[ 624 1306]] , [[ 624 1311]]
[[ 624 1306]] , [[ 624 1311]]
[[864 694]] , [[864 695]]
[[842 596]] , [[842 597]]
[[ 678 1426]] , [[ 678 1427]]
[[ 678 1426]] , [[ 678 1427]]
[[ 764 1466]] , [[ 764 1470]]
[[ 750 1467]] , [[ 750 1471]]
[[ 748 1467]] , [[ 748 1473]]
[[ 518 1476]] , [[ 518 1481]]
[[ 696 1428]] , [[ 696 1433]]
[[ 728 1469]] , [[ 728 1473]]
[[ 676 1548]] , [[ 676 1553]]
[[ 630 1474]] , [[ 630 1481]]
[[836 818]] , [[836 823]]
[[829 766]] , [[829 770]]
[[ 650 1335]] , [[ 650 1339]]
[[818 750]] , [[816 752]]
[[ 742 1427]] , [[ 742 1431]]
[[810 768]] , [[810 779]]
[[ 622 1474]] , [[ 622 1479]]
[[ 733 1468]] , [[ 732 1469]]
[[ 764 1467]] , [[ 764 1471]]
[[ 734 1468]] , [[ 733 1469]]
[[ 704 1368]] , [[ 704 1375]]
[[ 735 1468]] , [[ 734 1469]]
[[ 636 1321]] , [[ 636 1331]]
[[ 566 1327]] , [[ 566 1331]]
[[ 733 1468]] , [[ 732 1469]]
[[ 656 1334]] , [[ 656 1342]]
[[ 733 1468]] , [[ 732 1469]]
[[ 736 1468]] , [[ 736 1473]]
[[ 696 1430]] , [[ 696 1434]]
[[ 670 1339]] , [[ 670 1343]]
[[ 684 1370]] , [[ 684 1375]]
[[ 684 1370]] , [[ 684 1375]]
[[ 201 1028]] , [[ 202 1027]]
[[ 372 1102]] , [[ 372 1105]]
[[  25 1088]] , [[  25 1091]]
[[  12 1322]] , [[  12 1327]]
[[ 740 1427]] , [[ 740 1431]]
[[ 374 1100]] , [[ 374 1104]]
[[ 740 1427]] , [[ 740 1431]]
[[411 960]] , [[412 959]]
[[422 734]] , [[421 735]]
[[576 742]] , [[576 747]]
[[380 734]] , [[380 740]]
[[ 671 1048]] , [[ 672 1047]]
[[449 992]] , [[450 991]]
[[593 738]] , [[593 742]]
[[313 565]] , [[312 566]]
[[  34 1037]] , [[  34 1041]]
[[300 764]] , [[300 765]]
[[  72 1264]] , [[  72 1265]]
[[   0 1058]] , [[   0 1131]]
[[ 641 1270]] , [[ 641 1275]]
[[   8 1038]] , [[   8 1045]]
[[ 650 1404]] , [[ 650 1409]]
[[ 684 1328]] , [[ 684 1333]]
[[ 688 1430]] , [[ 688 1434]]
[[ 735 1469]] , [[ 734 1470]]
[[ 702 1550]] , [[ 702 1555]]
[[ 641 1270]] , [[ 641 1275]]
[[ 684 1300]] , [[ 684 1305]]
[[ 641 1270]] , [[ 641 1275]]
[[ 733 1469]] , [[ 732 1470]]
[[  12 1038]] , [[  12 1045]]
[[ 168 1350]] , [[ 168 1354]]
[[  68 1264]] , [[  68 1267]]
[[ 750 1468]] , [[ 750 1469]]
[[  78 1453]] , [[  78 1457]]
[[ 716 1430]] , [[ 716 1435]]
[[  68 1264]] , [[  68 1267]]
[[  86 1444]] , [[  86 1448]]
[[ 431 1030]] , [[ 431 1031]]
[[ 716 1430]] , [[ 716 1435]]
[[ 348 1424]] , [[ 348 1429]]
[[ 748 1468]] , [[ 748 1472]]
[[ 716 1430]] , [[ 716 1435]]
[[ 632 1370]] , [[ 632 1371]]
[[ 632 1370]] , [[ 632 1371]]
[[ 656 1368]] , [[ 656 1375]]
[[  24 1150]] , [[  24 1155]]
[[ 752 1468]] , [[ 752 1472]]
[[  70 1248]] , [[  70 1250]]
[[ 684 1369]] , [[ 684 1373]]
[[298 904]] , [[298 909]]
[[  17 1176]] , [[  17 1184]]
[[ 656 1368]] , [[ 656 1375]]
[[ 752 1468]] , [[ 752 1472]]
[[  48 1268]] , [[  48 1273]]
[[ 698 1472]] , [[ 698 1477]]
[[  66 1254]] , [[  65 1255]]
[[ 730 1469]] , [[ 730 1473]]
[[ 656 1368]] , [[ 656 1375]]
[[ 616 1546]] , [[ 616 1551]]
[[ 728 1470]] , [[ 728 1475]]
[[ 576 1548]] , [[ 576 1553]]
[[ 682 1374]] , [[ 682 1378]]
[[ 670 1422]] , [[ 670 1427]]
[[ 670 1422]] , [[ 670 1427]]
[[ 682 1374]] , [[ 682 1378]]
[[  22 1254]] , [[  22 1259]]
[[  44 1274]] , [[  44 1279]]
[[ 658 1368]] , [[ 658 1375]]
[[ 668 1404]] , [[ 668 1409]]
[[  18 1249]] , [[  18 1251]]
[[  19 1251]] , [[  18 1252]]
[[ 682 1369]] , [[ 682 1373]]
[[  14 1254]] , [[  14 1258]]
[[   8 1040]] , [[   8 1048]]
[[250 566]] , [[250 567]]
[[   0 1222]] , [[   0 1227]]
[[252 566]] , [[250 568]]
[[603 970]] , [[604 969]]
[[   8 1244]] , [[   8 1249]]
[[652 755]] , [[653 755]]
[[469 924]] , [[470 923]]
[[ 382 1001]] , [[ 383 1000]]
[[  14 1250]] , [[  14 1255]]
[[ 670 1338]] , [[ 670 1343]]
[[ 638 1394]] , [[ 638 1399]]
[[   3 1036]] , [[   3 1037]]
[[ 655 1338]] , [[ 655 1342]]
[[ 668 1338]] , [[ 668 1343]]
[[  85 1265]] , [[  85 1267]]
[[   3 1036]] , [[   3 1037]]
[[   2 1036]] , [[   2 1039]]
[[  15 1258]] , [[  15 1263]]
[[ 674 1424]] , [[ 674 1430]]
[[   1 1036]] , [[   1 1037]]
[[ 672 1422]] , [[ 672 1427]]
[[  20 1266]] , [[  20 1271]]
[[   2 1036]] , [[   2 1037]]
[[   2 1036]] , [[   2 1037]]
[[598 930]] , [[599 929]]
[[248 566]] , [[247 567]]
[[658 756]] , [[659 755]]
[[596 930]] , [[597 929]]
[[ 733 1469]] , [[ 732 1470]]
[[   1 1036]] , [[   1 1039]]
[[ 731 1469]] , [[ 730 1470]]
[[  12 1256]] , [[  12 1261]]
[[ 696 1424]] , [[ 696 1429]]
[[ 811 1060]] , [[ 812 1059]]
[[  16 1253]] , [[  15 1254]]
[[259 564]] , [[258 565]]
[[483 921]] , [[484 920]]
[[653 756]] , [[654 755]]
[[479 921]] , [[480 920]]
[[605 940]] , [[606 939]]
[[ 668 1338]] , [[ 668 1343]]
[[605 946]] , [[606 945]]
[[   5 1228]] , [[   5 1233]]
[[   0 1143]] , [[   0 1153]]
[[254 566]] , [[253 567]]
[[385 978]] , [[386 977]]
[[   0 1055]] , [[   0 1059]]
[[608 932]] , [[609 931]]
[[   0 1086]] , [[   0 1091]]
[[486 919]] , [[487 919]]
[[403 970]] , [[404 969]]
[[485 920]] , [[486 919]]
[[399 984]] , [[400 983]]
[[   6 1136]] , [[   6 1143]]
[[ 654 1298]] , [[ 654 1302]]
[[ 654 1298]] , [[ 654 1302]]
[[  28 1310]] , [[  28 1315]]
[[320 730]] , [[320 735]]
[[ 720 1474]] , [[ 720 1481]]
[[ 668 1368]] , [[ 668 1372]]
[[  70 1464]] , [[  70 1469]]
[[ 556 1476]] , [[ 556 1483]]
[[ 556 1476]] , [[ 556 1477]]
[[ 720 1474]] , [[ 720 1479]]
[[ 720 1474]] , [[ 720 1479]]
[[  72 1460]] , [[  72 1465]]
[[ 574 1548]] , [[ 574 1552]]
[[ 526 1476]] , [[ 526 1483]]
[[ 662 1371]] , [[ 661 1372]]
[[ 624 1370]] , [[ 624 1374]]
[[ 660 1372]] , [[ 660 1377]]
[[ 663 1371]] , [[ 663 1375]]
[[ 573 1550]] , [[ 573 1552]]
[[ 684 1328]] , [[ 684 1333]]
[[  70 1268]] , [[  70 1273]]
[[  72 1267]] , [[  71 1268]]
[[   0 1052]] , [[   0 1071]]
[[  86 1270]] , [[  86 1275]]
[[   0 1027]] , [[   0 1031]]
[[   6 1036]] , [[   6 1038]]
[[  17 1098]] , [[  18 1097]]
[[868 622]] , [[868 627]]
[[  68 1248]] , [[  68 1265]]
[[ 660 1370]] , [[ 660 1377]]
[[  71 1462]] , [[  70 1463]]
[[  62 1037]] , [[  62 1041]]
[[  64 1110]] , [[  64 1121]]
[[   6 1036]] , [[   5 1037]]
[[  62 1104]] , [[  62 1121]]
[[  70 1184]] , [[  70 1191]]
[[ 790 1564]] , [[ 790 1565]]
[[ 632 1274]] , [[ 632 1279]]
[[ 800 1566]] , [[ 800 1570]]
[[ 759 1566]] , [[ 758 1567]]
[[ 726 1568]] , [[ 726 1573]]
[[ 726 1568]] , [[ 726 1573]]
[[ 714 1564]] , [[ 714 1569]]
[[ 758 1564]] , [[ 758 1571]]
[[ 572 1564]] , [[ 572 1573]]
[[ 538 1552]] , [[ 538 1557]]
[[ 568 1553]] , [[ 568 1557]]
[[ 746 1568]] , [[ 746 1574]]
[[ 734 1568]] , [[ 734 1574]]
[[ 542 1552]] , [[ 542 1559]]
[[ 708 1544]] , [[ 708 1552]]
[[ 538 1478]] , [[ 538 1483]]
[[ 543 1552]] , [[ 542 1553]]
[[ 530 1476]] , [[ 529 1477]]
[[ 720 1476]] , [[ 720 1481]]
[[ 526 1476]] , [[ 526 1483]]
[[ 556 1564]] , [[ 556 1567]]
[[ 572 1566]] , [[ 572 1573]]
[[ 572 1566]] , [[ 572 1573]]
[[ 730 1570]] , [[ 730 1575]]
[[ 784 1566]] , [[ 784 1567]]
[[ 530 1556]] , [[ 530 1561]]
[[ 584 1558]] , [[ 584 1565]]
[[ 588 1558]] , [[ 588 1567]]
[[ 588 1558]] , [[ 588 1567]]
[[ 792 1564]] , [[ 792 1565]]
[[ 548 1568]] , [[ 548 1573]]
[[ 780 1568]] , [[ 780 1572]]
[[ 736 1568]] , [[ 736 1572]]
[[ 734 1568]] , [[ 734 1573]]
[[ 780 1568]] , [[ 780 1572]]
[[ 788 1564]] , [[ 788 1569]]
[[ 808 1564]] , [[ 808 1568]]
[[ 808 1564]] , [[ 808 1568]]
[[ 552 1572]] , [[ 552 1577]]
[[ 816 1562]] , [[ 816 1563]]
[[ 829 1564]] , [[ 829 1568]]
[[ 829 1564]] , [[ 829 1568]]
[[ 556 1572]] , [[ 556 1578]]
[[ 536 1564]] , [[ 536 1569]]
[[ 608 1566]] , [[ 608 1567]]
[[ 543 1476]] , [[ 543 1477]]
[[ 602 1558]] , [[ 602 1567]]
[[ 572 1554]] , [[ 572 1559]]
[[ 810 1564]] , [[ 810 1568]]
[[ 809 1564]] , [[ 809 1568]]
[[ 886 1567]] , [[ 886 1571]]
[[ 840 1566]] , [[ 840 1572]]
[[ 810 1564]] , [[ 810 1568]]
[[ 736 1568]] , [[ 736 1573]]
[[ 736 1568]] , [[ 736 1573]]
[[ 564 1562]] , [[ 564 1565]]
[[ 736 1568]] , [[ 736 1573]]
[[ 602 1566]] , [[ 601 1567]]
[[ 604 1554]] , [[ 604 1555]]
[[ 510 1472]] , [[ 510 1475]]
[[ 709 1432]] , [[ 709 1436]]
[[ 709 1432]] , [[ 709 1436]]
[[ 506 1479]] , [[ 506 1483]]
[[ 736 1468]] , [[ 736 1473]]
[[ 548 1478]] , [[ 548 1483]]
[[ 528 1476]] , [[ 528 1481]]
[[ 540 1476]] , [[ 540 1481]]
[[ 734 1432]] , [[ 734 1436]]
[[ 709 1432]] , [[ 709 1436]]
[[ 730 1480]] , [[ 730 1485]]
[[ 744 1468]] , [[ 744 1473]]
[[ 686 1300]] , [[ 686 1304]]
[[ 646 1409]] , [[ 646 1413]]
[[ 719 1432]] , [[ 719 1436]]
[[ 738 1468]] , [[ 738 1473]]
[[ 522 1336]] , [[ 522 1341]]
[[ 724 1432]] , [[ 724 1436]]
[[ 662 1340]] , [[ 662 1344]]
[[  32 1039]] , [[  32 1055]]
[[341 732]] , [[341 736]]
[[ 680 1334]] , [[ 680 1338]]
[[ 522 1336]] , [[ 522 1341]]
[[ 522 1336]] , [[ 522 1341]]
[[  13 1168]] , [[  13 1173]]
[[  82 1269]] , [[  81 1270]]
[[   6 1088]] , [[   6 1120]]
[[   2 1096]] , [[   2 1101]]
[[265 568]] , [[263 570]]
[[459 608]] , [[460 607]]
[[   0 1054]] , [[   0 1065]]
[[258 566]] , [[257 567]]
[[  26 1265]] , [[  25 1266]]
[[ 805 1058]] , [[ 806 1057]]
[[595 756]] , [[596 755]]
[[367 960]] , [[368 959]]
[[ 789 1058]] , [[ 790 1057]]
[[579 976]] , [[580 975]]
[[571 944]] , [[572 943]]
[[469 922]] , [[470 921]]
[[569 994]] , [[570 993]]
[[ 769 1052]] , [[ 770 1051]]
[[565 962]] , [[566 961]]
[[564 964]] , [[565 963]]
[[562 962]] , [[563 961]]
[[ 763 1056]] , [[ 764 1055]]
[[218 568]] , [[218 569]]
[[663 758]] , [[664 757]]
[[661 758]] , [[662 757]]
[[222 568]] , [[222 569]]
[[222 568]] , [[222 569]]
[[ 240 1370]] , [[ 240 1374]]
[[ 270 1346]] , [[ 270 1350]]
[[220 570]] , [[220 571]]
[[212 570]] , [[212 571]]
[[212 570]] , [[212 571]]
[[ 749 1055]] , [[ 750 1054]]
[[ 668 1339]] , [[ 668 1343]]
[[ 672 1424]] , [[ 672 1431]]
[[ 666 1339]] , [[ 666 1343]]
[[469 922]] , [[470 921]]
[[ 559 1028]] , [[ 560 1027]]
[[488 920]] , [[489 919]]
[[619 920]] , [[620 919]]
[[535 764]] , [[536 763]]
[[536 763]] , [[546 763]]
[[ 731 1052]] , [[ 732 1051]]
[[718 962]] , [[719 961]]
[[717 959]] , [[718 958]]
[[617 920]] , [[618 919]]
[[659 761]] , [[661 761]]
[[715 925]] , [[716 924]]
[[174 570]] , [[174 571]]
[[171 572]] , [[171 573]]
[[  76 1274]] , [[  75 1275]]
[[677 919]] , [[680 919]]
[[ 723 1054]] , [[ 724 1053]]
[[168 570]] , [[168 571]]
[[673 920]] , [[674 919]]
[[ 723 1054]] , [[ 724 1053]]
[[612 920]] , [[613 919]]
[[612 920]] , [[613 919]]
[[453 608]] , [[454 607]]
[[469 922]] , [[470 921]]
[[168 572]] , [[168 573]]
[[660 763]] , [[661 762]]
[[525 764]] , [[526 763]]
[[477 920]] , [[478 919]]
[[477 920]] , [[478 919]]
[[477 920]] , [[478 919]]
[[477 920]] , [[478 919]]
[[647 608]] , [[648 607]]
[[455 607]] , [[471 607]]
[[601 920]] , [[602 919]]
[[643 594]] , [[644 593]]
[[457 608]] , [[458 607]]
[[417 740]] , [[416 741]]
[[185 590]] , [[186 589]]
[[185 590]] , [[186 589]]
[[185 590]] , [[186 589]]
[[185 590]] , [[186 589]]
[[706 966]] , [[706 967]]
[[600 920]] , [[601 919]]
[[170 570]] , [[170 571]]
[[716 987]] , [[717 986]]
[[375 747]] , [[376 746]]
[[708 974]] , [[708 979]]
[[658 606]] , [[659 605]]
[[194 589]] , [[199 589]]
[[193 590]] , [[194 589]]
[[447 741]] , [[446 742]]
[[461 606]] , [[462 605]]
[[400 740]] , [[400 741]]
[[198 571]] , [[197 572]]
[[483 920]] , [[484 919]]
[[738 920]] , [[739 919]]
[[543 996]] , [[544 995]]
[[739 632]] , [[740 631]]
[[208 564]] , [[207 565]]
[[465 606]] , [[466 605]]
[[659 918]] , [[660 917]]
[[487 921]] , [[493 921]]
[[ 158 1360]] , [[ 158 1365]]
[[ 158 1360]] , [[ 158 1365]]
[[  80 1258]] , [[  80 1263]]
[[   0 1036]] , [[   0 1041]]
[[226 563]] , [[225 564]]
[[ 159 1360]] , [[ 158 1361]]
[[ 733 1468]] , [[ 732 1469]]
[[ 726 1432]] , [[ 726 1436]]
[[  70 1254]] , [[  70 1261]]
[[  72 1250]] , [[  72 1253]]
[[  72 1250]] , [[  72 1253]]
[[244 562]] , [[243 563]]
[[   0 1034]] , [[   0 1045]]
[[ 160 1360]] , [[ 160 1364]]
[[  80 1256]] , [[  80 1261]]
[[  21 1078]] , [[  21 1083]]
[[ 670 1338]] , [[ 670 1342]]
[[ 738 1480]] , [[ 738 1485]]
[[ 754 1468]] , [[ 754 1475]]
[[ 159 1361]] , [[ 159 1365]]
[[ 546 1560]] , [[ 546 1563]]
[[  17 1205]] , [[  17 1209]]
[[ 731 1469]] , [[ 731 1473]]
[[ 731 1469]] , [[ 731 1473]]
[[ 700 1542]] , [[ 700 1547]]
[[ 737 1425]] , [[ 736 1426]]
[[ 733 1469]] , [[ 733 1473]]
[[ 732 1422]] , [[ 732 1433]]
[[ 532 1546]] , [[ 532 1547]]
[[ 734 1469]] , [[ 733 1470]]
[[ 656 1474]] , [[ 656 1481]]
[[ 720 1370]] , [[ 720 1375]]
[[ 734 1469]] , [[ 734 1473]]
[[  36 1031]] , [[  35 1032]]
[[  36 1031]] , [[  35 1032]]
[[   0 1036]] , [[   0 1079]]
[[ 632 1368]] , [[ 632 1372]]
[[  70 1262]] , [[  70 1267]]
[[ 720 1370]] , [[ 720 1375]]
[[ 720 1370]] , [[ 720 1375]]
[[  70 1262]] , [[  70 1267]]
[[  74 1198]] , [[  74 1199]]
[[ 654 1408]] , [[ 654 1415]]
[[ 556 1368]] , [[ 556 1372]]
[[ 542 1474]] , [[ 542 1475]]
[[ 740 1468]] , [[ 739 1469]]
[[ 556 1368]] , [[ 556 1372]]
[[  66 1200]] , [[  66 1211]]
[[  56 1038]] , [[  56 1043]]
[[  72 1158]] , [[  72 1187]]
[[  71 1168]] , [[  71 1173]]
[[  71 1166]] , [[  71 1171]]
[[  74 1086]] , [[  74 1097]]
[[  71 1162]] , [[  71 1167]]
[[364 566]] , [[364 567]]
[[  25 1074]] , [[  26 1073]]
[[  73 1054]] , [[  73 1058]]
[[ 116 1056]] , [[ 116 1069]]
[[  77 1212]] , [[  77 1216]]
[[ 732 1423]] , [[ 732 1429]]
[[  75 1200]] , [[  75 1204]]
[[ 732 1428]] , [[ 732 1433]]
[[  66 1190]] , [[  66 1201]]
[[  66 1192]] , [[  66 1201]]
[[ 638 1328]] , [[ 638 1332]]
[[  66 1228]] , [[  66 1235]]
[[ 737 1468]] , [[ 736 1469]]
[[  66 1186]] , [[  66 1201]]
[[ 732 1469]] , [[ 731 1470]]
[[ 620 1476]] , [[ 620 1481]]
[[ 620 1476]] , [[ 620 1481]]
[[ 750 1468]] , [[ 750 1472]]
[[ 467 1575]] , [[ 467 1576]]
[[ 728 1570]] , [[ 728 1574]]
[[ 564 1568]] , [[ 564 1571]]
[[ 452 1484]] , [[ 452 1488]]
[[ 632 1474]] , [[ 632 1479]]
[[ 638 1328]] , [[ 638 1332]]
[[ 638 1328]] , [[ 638 1332]]
[[ 638 1328]] , [[ 638 1332]]
[[ 638 1328]] , [[ 638 1333]]
[[ 217 1297]] , [[ 216 1298]]
[[ 638 1474]] , [[ 638 1483]]
[[ 537 1368]] , [[ 537 1372]]
[[ 314 1342]] , [[ 313 1343]]
[[ 219 1293]] , [[ 219 1295]]
[[ 310 1342]] , [[ 310 1349]]
[[ 657 1552]] , [[ 656 1553]]
[[ 704 1550]] , [[ 704 1559]]
[[  72 1278]] , [[  72 1283]]
[[ 332 1425]] , [[ 332 1431]]
[[ 378 1424]] , [[ 378 1431]]
[[ 376 1424]] , [[ 376 1431]]
[[ 598 1558]] , [[ 598 1563]]
[[ 666 1564]] , [[ 666 1569]]
[[ 844 1562]] , [[ 844 1571]]
[[ 544 1558]] , [[ 544 1565]]
[[ 528 1568]] , [[ 528 1575]]
[[ 858 1566]] , [[ 858 1571]]
[[ 624 1560]] , [[ 624 1565]]
[[ 844 1562]] , [[ 844 1567]]
[[ 604 1540]] , [[ 604 1545]]
[[ 556 1480]] , [[ 556 1487]]
[[ 816 1468]] , [[ 816 1472]]
[[ 604 1540]] , [[ 604 1549]]
[[ 667 1552]] , [[ 667 1553]]
[[ 792 1560]] , [[ 792 1567]]
[[ 614 1564]] , [[ 614 1569]]
[[ 554 1568]] , [[ 554 1577]]
[[ 429 1578]] , [[ 429 1582]]
[[ 370 1492]] , [[ 370 1497]]
[[ 596 1554]] , [[ 596 1555]]
[[ 678 1552]] , [[ 678 1556]]
[[ 374 1492]] , [[ 374 1497]]
[[ 676 1558]] , [[ 676 1563]]
[[ 708 1471]] , [[ 708 1475]]
[[ 374 1493]] , [[ 374 1497]]
[[ 374 1493]] , [[ 374 1497]]
[[ 422 1577]] , [[ 422 1581]]
[[ 532 1550]] , [[ 532 1557]]
[[ 494 1571]] , [[ 494 1575]]
[[ 636 1476]] , [[ 636 1477]]
[[ 692 1503]] , [[ 692 1507]]
[[ 768 1482]] , [[ 768 1487]]
[[ 752 1570]] , [[ 752 1571]]
[[ 620 1478]] , [[ 620 1483]]
[[ 548 1560]] , [[ 548 1565]]
[[ 548 1550]] , [[ 548 1557]]
[[ 266 1578]] , [[ 266 1583]]
[[ 524 1482]] , [[ 524 1487]]
[[ 620 1569]] , [[ 620 1573]]
[[ 650 1482]] , [[ 650 1486]]
[[ 536 1749]] , [[ 536 1751]]
[[ 622 1568]] , [[ 621 1569]]
[[ 844 1560]] , [[ 844 1563]]
[[ 760 1474]] , [[ 760 1479]]
[[ 732 1556]] , [[ 732 1561]]
[[ 726 1556]] , [[ 726 1561]]
[[ 700 1552]] , [[ 700 1553]]
[[ 518 1473]] , [[ 518 1481]]
[[ 704 1471]] , [[ 704 1475]]
[[ 620 1568]] , [[ 620 1573]]
[[ 488 1571]] , [[ 488 1575]]
[[ 748 1570]] , [[ 748 1574]]
[[ 488 1571]] , [[ 488 1575]]
[[ 890 1568]] , [[ 890 1574]]
[[ 618 1568]] , [[ 618 1574]]
[[ 526 1480]] , [[ 526 1481]]
[[ 732 1480]] , [[ 732 1485]]
[[ 654 1478]] , [[ 654 1485]]
[[ 654 1478]] , [[ 654 1485]]
[[ 526 1480]] , [[ 526 1484]]
[[ 572 1555]] , [[ 572 1563]]
[[ 598 1553]] , [[ 597 1554]]
[[ 652 1332]] , [[ 652 1337]]
[[784 728]] , [[784 729]]
[[890 654]] , [[890 659]]
[[320 550]] , [[320 551]]
[[888 678]] , [[888 683]]
[[ 764 1367]] , [[ 764 1371]]
[[ 538 1556]] , [[ 538 1561]]
[[ 386 1376]] , [[ 386 1381]]
[[ 748 1570]] , [[ 748 1575]]
[[ 572 1553]] , [[ 572 1557]]
[[  80 1448]] , [[  80 1450]]
[[ 682 1424]] , [[ 682 1431]]
[[ 727 1469]] , [[ 727 1470]]
[[ 682 1424]] , [[ 682 1431]]
[[ 752 1431]] , [[ 752 1436]]
[[ 752 1431]] , [[ 752 1436]]
[[  80 1448]] , [[  80 1450]]
[[375 951]] , [[374 952]]
[[ 624 1306]] , [[ 624 1311]]
[[ 624 1306]] , [[ 624 1311]]
[[864 694]] , [[864 695]]
[[842 596]] , [[842 597]]
[[ 678 1426]] , [[ 678 1427]]
[[ 678 1426]] , [[ 678 1427]]
[[ 764 1466]] , [[ 764 1470]]
[[ 750 1467]] , [[ 750 1471]]
[[ 748 1467]] , [[ 748 1473]]
[[ 518 1476]] , [[ 518 1481]]
[[ 696 1428]] , [[ 696 1433]]
[[ 728 1469]] , [[ 728 1473]]
[[ 676 1548]] , [[ 676 1553]]
[[ 630 1474]] , [[ 630 1481]]
[[836 818]] , [[836 823]]
[[829 766]] , [[829 770]]
[[ 650 1335]] , [[ 650 1339]]
[[818 750]] , [[816 752]]
[[ 742 1427]] , [[ 742 1431]]
[[810 768]] , [[810 779]]
[[ 622 1474]] , [[ 622 1479]]
[[ 733 1468]] , [[ 732 1469]]
[[ 764 1467]] , [[ 764 1471]]
[[ 734 1468]] , [[ 733 1469]]
[[ 704 1368]] , [[ 704 1375]]
[[ 735 1468]] , [[ 734 1469]]
[[ 636 1321]] , [[ 636 1331]]
[[ 566 1327]] , [[ 566 1331]]
[[ 733 1468]] , [[ 732 1469]]
[[ 656 1334]] , [[ 656 1342]]
[[ 733 1468]] , [[ 732 1469]]
[[ 736 1468]] , [[ 736 1473]]
[[ 696 1430]] , [[ 696 1434]]
[[ 670 1339]] , [[ 670 1343]]
[[ 684 1370]] , [[ 684 1375]]
[[ 684 1370]] , [[ 684 1375]]
[[ 201 1028]] , [[ 202 1027]]
[[ 372 1102]] , [[ 372 1105]]
[[  25 1088]] , [[  25 1091]]
[[  12 1322]] , [[  12 1327]]
[[ 740 1427]] , [[ 740 1431]]
[[ 374 1100]] , [[ 374 1104]]
[[ 740 1427]] , [[ 740 1431]]
[[411 960]] , [[412 959]]
[[ 605 1298]] , [[ 605 1299]]
[[ 411 1304]] , [[ 410 1305]]
[[ 606 1298]] , [[ 606 1299]]
[[ 606 1298]] , [[ 606 1299]]
[[ 404 1312]] , [[ 404 1325]]
[[ 788 1312]] , [[ 788 1313]]
[[ 408 1326]] , [[ 408 1341]]
[[ 404 1312]] , [[ 404 1323]]
[[ 788 1310]] , [[ 788 1311]]
[[ 418 1214]] , [[ 418 1229]]
[[ 418 1214]] , [[ 418 1229]]
[[ 263 1170]] , [[ 262 1171]]
[[ 411 1074]] , [[ 411 1083]]
[[284 998]] , [[ 284 1003]]
[[392 894]] , [[392 907]]
[[582 842]] , [[582 847]]
[[178 870]] , [[178 871]]
[[590 840]] , [[590 841]]
[[400 846]] , [[400 851]]
[[400 846]] , [[400 851]]
[[590 840]] , [[590 841]]
[[590 840]] , [[590 841]]
[[809 866]] , [[810 865]]
[[636 832]] , [[636 837]]
[[809 866]] , [[810 865]]
[[809 868]] , [[810 867]]
[[809 868]] , [[810 867]]
[[803 868]] , [[804 867]]
[[807 866]] , [[808 865]]
[[660 834]] , [[660 835]]
[[530 840]] , [[530 847]]
[[614 846]] , [[614 847]]
[[612 844]] , [[612 851]]
[[404 846]] , [[404 853]]
[[574 842]] , [[574 847]]
[[576 844]] , [[576 847]]
[[592 842]] , [[592 843]]
[[542 846]] , [[542 847]]
[[540 846]] , [[540 855]]
[[180 862]] , [[180 863]]
[[180 860]] , [[180 861]]
[[542 846]] , [[542 853]]
[[542 848]] , [[542 853]]
[[542 846]] , [[542 849]]
[[612 838]] , [[612 839]]
[[607 848]] , [[608 847]]
[[610 840]] , [[610 841]]
[[633 860]] , [[633 864]]
[[633 860]] , [[633 864]]
[[538 850]] , [[538 855]]
[[806 880]] , [[806 884]]
[[178 866]] , [[178 871]]
[[182 854]] , [[182 859]]
[[180 864]] , [[180 865]]
[[542 850]] , [[542 855]]
[[399 857]] , [[399 861]]
[[542 848]] , [[542 855]]
[[480 840]] , [[480 853]]
[[582 842]] , [[582 845]]
[[536 846]] , [[536 851]]
[[582 842]] , [[582 845]]
[[580 842]] , [[580 843]]
[[168 846]] , [[167 847]]
[[167 846]] , [[167 857]]
[[519 850]] , [[519 855]]
[[390 898]] , [[390 913]]
[[540 842]] , [[540 845]]
[[164 848]] , [[164 857]]
[[540 842]] , [[540 845]]
[[162 844]] , [[162 859]]
[[160 846]] , [[160 859]]
[[606 888]] , [[606 897]]
[[387 920]] , [[387 930]]
[[154 846]] , [[154 857]]
[[385 921]] , [[385 931]]
[[391 968]] , [[391 973]]
[[392 968]] , [[391 969]]
[[391 956]] , [[391 975]]
[[391 956]] , [[391 975]]
[[391 960]] , [[391 983]]
[[390 958]] , [[390 962]]
[[250 998]] , [[250 999]]
[[ 200 1004]] , [[ 200 1005]]
[[148 862]] , [[148 868]]
[[594 888]] , [[594 903]]
[[454 842]] , [[454 849]]
[[534 848]] , [[534 853]]
[[532 848]] , [[532 853]]
[[590 848]] , [[590 853]]
[[599 940]] , [[600 939]]
[[558 846]] , [[558 851]]
[[580 856]] , [[580 863]]
[[362 856]] , [[362 860]]
[[420 996]] , [[420 997]]
[[142 848]] , [[142 849]]
[[590 860]] , [[590 864]]
[[580 892]] , [[580 893]]
[[344 858]] , [[344 861]]
[[138 856]] , [[138 857]]
[[343 944]] , [[343 948]]
[[124 852]] , [[124 859]]
[[ 139 1018]] , [[ 140 1017]]
[[332 894]] , [[332 912]]
[[437 995]] , [[436 996]]
[[560 856]] , [[560 862]]
[[328 895]] , [[327 896]]
[[562 890]] , [[562 893]]
[[560 890]] , [[560 899]]
[[552 852]] , [[552 859]]
[[552 854]] , [[552 861]]
[[548 852]] , [[548 857]]
[[565 858]] , [[565 862]]
[[750 970]] , [[750 974]]
[[550 890]] , [[550 907]]
[[314 894]] , [[314 931]]
[[322 848]] , [[322 855]]
[[558 890]] , [[557 891]]
[[321 894]] , [[320 895]]
[[552 856]] , [[552 861]]
[[514 846]] , [[514 847]]
[[550 856]] , [[550 860]]
[[304 894]] , [[304 909]]
[[553 890]] , [[553 891]]
[[549 892]] , [[547 894]]
[[ 87 860]] , [[ 87 881]]
[[ 87 858]] , [[ 87 875]]
[[ 87 856]] , [[ 87 867]]
[[302 894]] , [[302 915]]
[[317 893]] , [[316 894]]
[[553 891]] , [[552 892]]
[[536 852]] , [[536 853]]
[[480 846]] , [[480 847]]
[[580 844]] , [[580 845]]
[[446 850]] , [[446 855]]
[[524 850]] , [[524 855]]
[[534 854]] , [[534 860]]
[[524 850]] , [[524 855]]
[[534 856]] , [[534 860]]
[[534 854]] , [[534 859]]
[[653 856]] , [[654 855]]
[[665 854]] , [[666 853]]
[[731 844]] , [[730 845]]
[[116 838]] , [[116 845]]
[[734 844]] , [[734 845]]
[[738 844]] , [[737 845]]
[[538 854]] , [[537 855]]
[[740 844]] , [[739 845]]
[[761 880]] , [[761 887]]
[[318 852]] , [[318 853]]
[[571 889]] , [[570 890]]
[[769 894]] , [[769 907]]
[[326 894]] , [[326 897]]
[[575 889]] , [[574 890]]
[[575 889]] , [[574 890]]
[[760 954]] , [[760 961]]
[[488 846]] , [[488 847]]
[[566 889]] , [[566 909]]
[[474 848]] , [[474 855]]
[[530 840]] , [[530 841]]
[[474 848]] , [[474 853]]
[[126 852]] , [[126 878]]
[[340 893]] , [[340 895]]
[[130 860]] , [[130 861]]
[[588 858]] , [[588 862]]
[[570 854]] , [[570 855]]
[[490 842]] , [[490 847]]
[[574 889]] , [[574 891]]
[[568 856]] , [[568 861]]
[[568 856]] , [[568 861]]
[[478 848]] , [[478 855]]
[[568 856]] , [[568 861]]
[[574 889]] , [[574 893]]
[[568 856]] , [[568 861]]
[[456 994]] , [[456 995]]
[[577 890]] , [[577 891]]
[[498 842]] , [[498 843]]
[[597 936]] , [[598 935]]
[[358 946]] , [[358 961]]
[[146 856]] , [[146 857]]
[[560 844]] , [[560 845]]
[[ 766 1338]] , [[ 767 1337]]
[[522 844]] , [[522 845]]
[[616 854]] , [[616 859]]
[[389 916]] , [[389 927]]
[[606 889]] , [[605 890]]
[[608 850]] , [[608 851]]
[[522 850]] , [[522 855]]
[[183 932]] , [[184 931]]
[[172 864]] , [[172 867]]
[[616 890]] , [[616 891]]
[[616 890]] , [[616 895]]
[[184 954]] , [[184 969]]
[[178 862]] , [[178 867]]
[[614 856]] , [[614 863]]
[[550 844]] , [[550 849]]
[[180 868]] , [[180 879]]
[[538 850]] , [[538 855]]
[[184 894]] , [[184 899]]
[[184 870]] , [[184 881]]
[[184 870]] , [[184 879]]
[[186 868]] , [[186 869]]
[[626 892]] , [[626 895]]
[[626 892]] , [[626 901]]
[[602 856]] , [[602 861]]
[[396 895]] , [[396 927]]
[[602 856]] , [[602 861]]
[[630 892]] , [[630 897]]
[[404 896]] , [[404 897]]
[[404 896]] , [[404 897]]
[[632 892]] , [[632 897]]
[[406 896]] , [[406 898]]
[[408 896]] , [[408 898]]
[[202 928]] , [[202 943]]
[[404 896]] , [[404 913]]
[[638 892]] , [[638 893]]
[[638 892]] , [[638 893]]
[[208 932]] , [[208 949]]
[[209 937]] , [[209 941]]
[[421 894]] , [[420 895]]
[[426 852]] , [[426 857]]
[[208 904]] , [[208 911]]
[[208 904]] , [[208 911]]
[[417 894]] , [[416 895]]
[[646 892]] , [[646 893]]
[[414 895]] , [[414 921]]
[[646 854]] , [[646 855]]
[[416 894]] , [[416 907]]
[[654 892]] , [[653 893]]
[[542 850]] , [[542 857]]
[[654 892]] , [[654 893]]
[[556 844]] , [[556 847]]
[[526 854]] , [[526 859]]
[[528 850]] , [[528 853]]
[[438 854]] , [[438 857]]
[[220 874]] , [[220 880]]
[[528 854]] , [[528 859]]
[[694 840]] , [[694 841]]
[[236 912]] , [[236 927]]
[[228 894]] , [[228 898]]
[[558 846]] , [[558 847]]
[[662 892]] , [[662 895]]
[[430 895]] , [[430 929]]
[[430 894]] , [[430 920]]
[[848 872]] , [[848 879]]
[[664 892]] , [[664 901]]
[[666 892]] , [[666 895]]
[[690 842]] , [[690 845]]
[[434 894]] , [[434 922]]
[[434 894]] , [[434 916]]
[[232 894]] , [[232 905]]
[[ 827 1354]] , [[ 828 1353]]
[[228 862]] , [[228 864]]
[[690 840]] , [[690 847]]
[[694 842]] , [[694 847]]
[[574 842]] , [[574 849]]
[[698 842]] , [[698 843]]
[[698 842]] , [[698 843]]
[[698 844]] , [[698 845]]
[[698 844]] , [[698 845]]
[[696 844]] , [[696 845]]
[[666 838]] , [[666 843]]
[[696 844]] , [[696 845]]
[[302 834]] , [[302 839]]
[[666 836]] , [[666 841]]
[[318 834]] , [[318 837]]
[[666 836]] , [[666 841]]
[[666 836]] , [[666 841]]
[[688 840]] , [[688 847]]
[[688 840]] , [[688 853]]
[[688 842]] , [[688 845]]
[[666 890]] , [[666 895]]
[[576 850]] , [[576 859]]
[[576 850]] , [[576 859]]
[[694 846]] , [[694 847]]
[[694 846]] , [[694 847]]
[[664 891]] , [[664 907]]
[[226 868]] , [[225 869]]
[[664 893]] , [[664 897]]
[[662 898]] , [[662 911]]
[[430 898]] , [[430 943]]
[[430 898]] , [[430 901]]
[[428 898]] , [[428 919]]
[[662 896]] , [[662 899]]
[[686 850]] , [[686 862]]
[[564 856]] , [[564 863]]
[[425 864]] , [[425 868]]
[[644 894]] , [[644 899]]
[[670 844]] , [[670 845]]
[[640 889]] , [[639 890]]
[[625 852]] , [[626 851]]
[[544 836]] , [[544 837]]
[[415 881]] , [[414 882]]
[[419 884]] , [[420 883]]
[[211 948]] , [[212 947]]
[[662 830]] , [[662 831]]
[[634 877]] , [[633 878]]
[[772 838]] , [[771 839]]
[[627 881]] , [[626 882]]
[[614 836]] , [[614 841]]
[[656 834]] , [[656 835]]
[[178 862]] , [[178 867]]
[[600 850]] , [[600 855]]
[[600 848]] , [[600 849]]
[[603 882]] , [[603 883]]
[[606 850]] , [[606 854]]
[[592 882]] , [[592 889]]
[[596 850]] , [[596 855]]
[[142 850]] , [[142 859]]
[[768 840]] , [[768 841]]
[[342 912]] , [[342 929]]
[[124 848]] , [[124 885]]
[[434 847]] , [[434 851]]
[[112 844]] , [[112 879]]
[[112 858]] , [[112 859]]
[[118 851]] , [[118 855]]
[[536 848]] , [[536 853]]
[[542 846]] , [[542 847]]
[[532 848]] , [[532 853]]
[[306 854]] , [[306 858]]
[[574 840]] , [[574 841]]
[[ 90 834]] , [[ 90 879]]
[[482 838]] , [[482 839]]
[[ 88 832]] , [[ 88 833]]
[[478 838]] , [[478 839]]
[[470 838]] , [[470 841]]
[[ 80 836]] , [[ 80 839]]
[[ 74 836]] , [[ 74 853]]
[[478 838]] , [[478 839]]
[[ 70 838]] , [[ 70 885]]
[[430 838]] , [[430 839]]
[[444 846]] , [[444 851]]
[[500 836]] , [[500 839]]
[[102 824]] , [[102 827]]
[[550 842]] , [[550 843]]
[[416 842]] , [[416 847]]
[[430 840]] , [[430 841]]
[[484 836]] , [[484 841]]
[[416 840]] , [[416 847]]
[[526 840]] , [[526 841]]
[[240 834]] , [[240 835]]
[[228 834]] , [[228 835]]
[[490 848]] , [[490 849]]
[[482 850]] , [[482 854]]
[[184 848]] , [[184 853]]
[[654 840]] , [[654 841]]
[[658 841]] , [[657 842]]
[[500 842]] , [[500 843]]
[[494 844]] , [[494 845]]
[[496 842]] , [[496 843]]
[[442 836]] , [[442 841]]
[[232 838]] , [[232 843]]
[[212 840]] , [[212 853]]
[[190 840]] , [[190 843]]
[[492 842]] , [[492 843]]
[[629 850]] , [[630 849]]
[[452 856]] , [[452 860]]
[[227 873]] , [[227 879]]
[[626 842]] , [[626 847]]
[[669 858]] , [[669 863]]
[[225 864]] , [[225 871]]
[[438 850]] , [[438 855]]
[[490 842]] , [[490 843]]
[[644 840]] , [[644 843]]
[[402 838]] , [[402 839]]
[[503 850]] , [[504 849]]
[[208 846]] , [[208 855]]
[[646 840]] , [[646 841]]
[[646 841]] , [[646 843]]
[[484 842]] , [[484 843]]
[[214 848]] , [[214 849]]
[[448 852]] , [[448 853]]
[[448 852]] , [[448 853]]
[[221 880]] , [[221 885]]
[[486 842]] , [[486 843]]
[[638 844]] , [[638 847]]
[[218 848]] , [[218 849]]
[[448 848]] , [[448 849]]
[[490 842]] , [[490 843]]
[[248 832]] , [[248 833]]
[[446 850]] , [[446 855]]
[[212 846]] , [[212 851]]
[[640 842]] , [[640 849]]
[[502 844]] , [[502 845]]
[[402 846]] , [[402 847]]
[[502 854]] , [[502 861]]
[[484 870]] , [[484 871]]
[[506 860]] , [[506 865]]
[[490 872]] , [[490 879]]
[[648 858]] , [[648 861]]
[[516 856]] , [[516 857]]
[[670 853]] , [[669 854]]
[[680 850]] , [[679 851]]
[[218 852]] , [[218 857]]
[[680 846]] , [[679 847]]
[[444 846]] , [[444 847]]
[[634 844]] , [[634 847]]
[[634 844]] , [[634 847]]
[[454 848]] , [[454 853]]
[[224 844]] , [[224 849]]
[[460 848]] , [[460 853]]
[[232 850]] , [[232 853]]
[[472 846]] , [[472 847]]
[[474 846]] , [[474 847]]
[[558 848]] , [[558 851]]
[[282 873]] , [[282 877]]
[[716 878]] , [[716 883]]
[[ 78 844]] , [[ 78 893]]
[[488 844]] , [[488 847]]
[[ 90 837]] , [[ 90 838]]
[[720 844]] , [[719 845]]
[[ 94 844]] , [[ 94 847]]
[[530 846]] , [[530 847]]
[[534 844]] , [[534 847]]
[[647 854]] , [[648 853]]
[[588 844]] , [[588 849]]
[[573 900]] , [[574 899]]
[[ 145 1028]] , [[ 146 1027]]
[[764 896]] , [[764 903]]
[[ 171 1010]] , [[ 172 1009]]
[[574 850]] , [[574 855]]
[[132 856]] , [[132 857]]
[[552 856]] , [[552 861]]
[[138 852]] , [[138 853]]
[[480 998]] , [[479 999]]
[[582 892]] , [[582 893]]
[[576 848]] , [[576 849]]
[[146 854]] , [[146 855]]
[[568 859]] , [[568 863]]
[[360 941]] , [[360 945]]
[[240 605]] , [[240 609]]
[[156 856]] , [[156 861]]
[[352 834]] , [[351 835]]
[[594 860]] , [[593 861]]
[[642 840]] , [[642 843]]
[[500 854]] , [[500 859]]
[[444 842]] , [[444 847]]
[[444 842]] , [[444 847]]
[[182 860]] , [[182 865]]
[[615 898]] , [[615 901]]
[[638 839]] , [[638 843]]
[[618 896]] , [[618 909]]
[[631 894]] , [[630 895]]
[[184 870]] , [[184 873]]
[[616 850]] , [[616 851]]
[[622 893]] , [[621 894]]
[[409 936]] , [[410 935]]
[[180 872]] , [[180 889]]
[[624 895]] , [[623 896]]
[[190 904]] , [[190 905]]
[[406 898]] , [[406 901]]
[[608 856]] , [[608 861]]
[[626 894]] , [[626 895]]
[[188 894]] , [[188 909]]
[[186 892]] , [[186 896]]
[[612 854]] , [[612 855]]
[[190 888]] , [[190 901]]
[[190 888]] , [[190 903]]
[[190 888]] , [[190 889]]
[[190 892]] , [[190 913]]
[[626 892]] , [[626 893]]
[[184 874]] , [[184 879]]
[[626 892]] , [[626 893]]
[[626 891]] , [[625 892]]
[[184 874]] , [[184 879]]
[[184 874]] , [[184 879]]
[[184 874]] , [[184 879]]
[[626 891]] , [[625 892]]
[[186 888]] , [[186 893]]
[[186 888]] , [[186 893]]
[[620 852]] , [[620 863]]
[[620 852]] , [[620 863]]
[[620 852]] , [[620 863]]
[[620 852]] , [[620 863]]
[[186 888]] , [[186 893]]
[[190 892]] , [[190 899]]
[[186 888]] , [[186 893]]
[[626 891]] , [[626 897]]
[[190 892]] , [[190 911]]
[[608 854]] , [[608 859]]
[[415 952]] , [[416 951]]
[[417 976]] , [[418 975]]
[[628 897]] , [[628 899]]
[[415 976]] , [[416 975]]
[[185 880]] , [[185 881]]
[[185 878]] , [[185 879]]
[[188 862]] , [[188 873]]
[[614 852]] , [[614 857]]
[[614 850]] , [[614 855]]
[[624 887]] , [[624 891]]
[[401 892]] , [[401 893]]
[[182 912]] , [[182 917]]
[[616 894]] , [[616 897]]
[[614 896]] , [[614 899]]
[[393 903]] , [[392 904]]
[[176 942]] , [[176 943]]
[[387 902]] , [[385 904]]
[[379 900]] , [[379 903]]
[[220 998]] , [[220 999]]
[[226 996]] , [[226 997]]
[[ 152 1016]] , [[ 152 1041]]
[[ 174 1000]] , [[ 174 1005]]
[[ 138 1036]] , [[ 138 1043]]
[[ 175 1010]] , [[ 176 1009]]
[[341 972]] , [[342 971]]
[[390 998]] , [[390 999]]
[[ 158 1001]] , [[ 157 1002]]
[[ 728 1082]] , [[ 728 1083]]
[[726 898]] , [[726 919]]
[[ 719 1069]] , [[ 719 1070]]
[[ 708 1062]] , [[ 708 1071]]
[[ 106 1002]] , [[ 106 1003]]
[[500 932]] , [[500 935]]
[[268 884]] , [[267 885]]
[[698 878]] , [[696 880]]
[[502 849]] , [[502 853]]
[[496 888]] , [[496 891]]
[[267 904]] , [[268 903]]
[[256 876]] , [[256 880]]
[[691 880]] , [[691 881]]
[[484 884]] , [[484 891]]
[[254 874]] , [[254 879]]
[[248 854]] , [[248 861]]
[[252 876]] , [[252 885]]
[[483 893]] , [[484 892]]
[[254 880]] , [[253 881]]
[[255 880]] , [[254 881]]
[[246 854]] , [[246 855]]
[[580 852]] , [[580 856]]
[[250 886]] , [[250 887]]
[[261 936]] , [[262 935]]
[[246 858]] , [[246 863]]
[[687 884]] , [[687 885]]
[[246 858]] , [[246 863]]
[[252 876]] , [[252 880]]
[[254 882]] , [[254 883]]
[[587 850]] , [[587 854]]
[[259 878]] , [[259 883]]
[[256 850]] , [[256 861]]
[[695 881]] , [[694 882]]
[[264 850]] , [[264 861]]
[[287 914]] , [[288 913]]
[[279 874]] , [[279 878]]
[[590 850]] , [[590 855]]
[[515 958]] , [[515 960]]
[[296 873]] , [[296 877]]
[[588 848]] , [[588 853]]
[[730 878]] , [[730 881]]
[[304 852]] , [[304 859]]
[[742 882]] , [[742 883]]
[[563 850]] , [[563 854]]
[[324 888]] , [[323 889]]
[[450 988]] , [[450 989]]
[[650 848]] , [[650 853]]
[[ 367 1070]] , [[ 366 1071]]
[[495 989]] , [[494 990]]
[[ 283 1010]] , [[ 284 1009]]
[[ 172 1030]] , [[ 172 1037]]
[[614 856]] , [[614 860]]
[[430 850]] , [[430 855]]
[[166 878]] , [[166 895]]
[[174 906]] , [[174 913]]
[[408 974]] , [[408 989]]
[[393 904]] , [[393 905]]
[[620 892]] , [[620 911]]
[[190 924]] , [[190 928]]
[[638 854]] , [[638 859]]
[[620 846]] , [[620 851]]
[[590 836]] , [[590 847]]
[[510 840]] , [[510 845]]
[[478 834]] , [[478 847]]
[[602 840]] , [[602 847]]
[[658 832]] , [[658 837]]
[[576 844]] , [[576 851]]
[[658 834]] , [[658 839]]
[[631 854]] , [[632 853]]
[[585 850]] , [[586 849]]
[[614 832]] , [[614 833]]
[[ 428 1086]] , [[ 428 1093]]
[[ 406 1170]] , [[ 406 1173]]
[[ 219 1200]] , [[ 219 1202]]
[[ 626 1296]] , [[ 626 1297]]
[[ 625 1336]] , [[ 626 1335]]
[[ 374 1177]] , [[ 374 1181]]
[[ 735 1188]] , [[ 735 1192]]
[[ 340 1170]] , [[ 340 1171]]
[[ 406 1170]] , [[ 406 1175]]
[[ 488 1175]] , [[ 487 1176]]
[[ 406 1170]] , [[ 406 1175]]
[[ 734 1188]] , [[ 734 1193]]
[[ 734 1188]] , [[ 734 1193]]
[[ 734 1188]] , [[ 734 1195]]
