[[610 142]] , [[611 141]]
[[590 738]] , [[590 742]]
[[  61 1048]] , [[  61 1057]]
[[  44 1037]] , [[  44 1041]]
[[854 688]] , [[854 689]]
[[312 565]] , [[311 566]]
[[  10 1038]] , [[  10 1039]]
[[593 738]] , [[593 743]]
[[  40 1049]] , [[  39 1050]]
[[  10 1038]] , [[  10 1045]]
[[ 656 1372]] , [[ 656 1377]]
[[ 641 1270]] , [[ 641 1275]]
[[ 159 1359]] , [[ 159 1361]]
[[ 641 1270]] , [[ 641 1275]]
[[ 688 1430]] , [[ 688 1434]]
[[ 650 1404]] , [[ 650 1409]]
[[ 729 1470]] , [[ 728 1471]]
[[ 560 1552]] , [[ 560 1563]]
[[ 572 1557]] , [[ 572 1561]]
[[ 652 1376]] , [[ 652 1383]]
[[ 159 1360]] , [[ 158 1361]]
[[ 516 1336]] , [[ 515 1337]]
[[ 556 1482]] , [[ 556 1488]]
[[  57 1038]] , [[  57 1045]]
[[ 750 1468]] , [[ 750 1472]]
[[ 168 1350]] , [[ 168 1354]]
[[ 727 1470]] , [[ 726 1471]]
[[ 727 1470]] , [[ 726 1471]]
[[ 460 1484]] , [[ 460 1489]]
[[ 734 1428]] , [[ 734 1435]]
[[ 752 1468]] , [[ 752 1472]]
[[  68 1266]] , [[  68 1269]]
[[ 750 1468]] , [[ 750 1472]]
[[ 752 1468]] , [[ 752 1472]]
[[ 654 1478]] , [[ 654 1487]]
[[ 752 1468]] , [[ 752 1472]]
[[ 682 1410]] , [[ 682 1415]]
[[ 682 1410]] , [[ 682 1415]]
[[ 682 1410]] , [[ 682 1415]]
[[ 156 1362]] , [[ 156 1367]]
[[ 522 1482]] , [[ 522 1487]]
[[ 686 1325]] , [[ 686 1329]]
[[ 682 1410]] , [[ 682 1415]]
[[ 656 1368]] , [[ 656 1375]]
[[ 682 1369]] , [[ 682 1373]]
[[ 668 1406]] , [[ 668 1411]]
[[ 698 1472]] , [[ 698 1477]]
[[ 682 1369]] , [[ 682 1373]]
[[ 624 1480]] , [[ 624 1484]]
[[ 656 1368]] , [[ 656 1375]]
[[ 624 1480]] , [[ 624 1484]]
[[ 754 1472]] , [[ 754 1477]]
[[ 576 1548]] , [[ 576 1553]]
[[ 546 1552]] , [[ 546 1557]]
[[ 712 1552]] , [[ 712 1553]]
[[ 730 1469]] , [[ 729 1470]]
[[ 736 1430]] , [[ 736 1435]]
[[ 736 1430]] , [[ 736 1435]]
[[ 668 1404]] , [[ 668 1409]]
[[ 656 1368]] , [[ 656 1375]]
[[ 682 1369]] , [[ 682 1373]]
[[ 668 1404]] , [[ 668 1409]]
[[ 738 1430]] , [[ 738 1435]]
[[ 658 1368]] , [[ 658 1375]]
[[ 682 1369]] , [[ 682 1373]]
[[ 738 1430]] , [[ 738 1435]]
[[ 735 1468]] , [[ 734 1469]]
[[  12 1246]] , [[  12 1251]]
[[   0 1042]] , [[   0 1047]]
[[  12 1248]] , [[  12 1253]]
[[  12 1248]] , [[  12 1253]]
[[ 373 1092]] , [[ 374 1091]]
[[ 641 1328]] , [[ 641 1332]]
[[603 932]] , [[604 931]]
[[603 962]] , [[604 961]]
[[   3 1036]] , [[   3 1041]]
[[ 656 1338]] , [[ 656 1342]]
[[ 732 1469]] , [[ 732 1473]]
[[ 732 1469]] , [[ 732 1473]]
[[  20 1260]] , [[  20 1267]]
[[ 748 1468]] , [[ 748 1472]]
[[ 748 1468]] , [[ 748 1472]]
[[ 655 1338]] , [[ 655 1342]]
[[  85 1265]] , [[  85 1268]]
[[  78 1271]] , [[  78 1277]]
[[ 704 1471]] , [[ 704 1475]]
[[ 704 1471]] , [[ 704 1475]]
[[ 672 1422]] , [[ 672 1427]]
[[ 748 1470]] , [[ 748 1474]]
[[ 748 1470]] , [[ 748 1474]]
[[ 674 1424]] , [[ 674 1429]]
[[  75 1273]] , [[  75 1277]]
[[ 423 1026]] , [[ 424 1025]]
[[  23 1046]] , [[  22 1047]]
[[598 929]] , [[599 928]]
[[   1 1036]] , [[   1 1039]]
[[ 548 1548]] , [[ 548 1553]]
[[ 732 1469]] , [[ 731 1470]]
[[ 514 1480]] , [[ 514 1487]]
[[ 731 1469]] , [[ 730 1470]]
[[ 698 1470]] , [[ 698 1471]]
[[   1 1036]] , [[   1 1040]]
[[ 698 1470]] , [[ 698 1471]]
[[  14 1256]] , [[  14 1260]]
[[   2 1038]] , [[   2 1044]]
[[250 566]] , [[249 567]]
[[   2 1038]] , [[   2 1048]]
[[   8 1241]] , [[   8 1247]]
[[ 732 1470]] , [[ 731 1471]]
[[798 680]] , [[798 681]]
[[ 664 1298]] , [[ 664 1299]]
[[  22 1256]] , [[  22 1261]]
[[   0 1144]] , [[   0 1153]]
[[611 988]] , [[612 987]]
[[   0 1142]] , [[   0 1147]]
[[   0 1044]] , [[   0 1053]]
[[ 664 1298]] , [[ 664 1299]]
[[616 972]] , [[617 971]]
[[262 566]] , [[261 567]]
[[401 948]] , [[402 947]]
[[816 760]] , [[816 761]]
[[  26 1244]] , [[  26 1249]]
[[ 660 1370]] , [[ 660 1374]]
[[ 660 1370]] , [[ 660 1374]]
[[ 670 1422]] , [[ 670 1427]]
[[  18 1044]] , [[  18 1057]]
[[ 512 1478]] , [[ 512 1483]]
[[  70 1464]] , [[  70 1469]]
[[ 526 1476]] , [[ 526 1477]]
[[ 700 1542]] , [[ 700 1551]]
[[ 573 1547]] , [[ 572 1548]]
[[ 702 1542]] , [[ 702 1549]]
[[ 510 1478]] , [[ 510 1483]]
[[ 510 1478]] , [[ 510 1483]]
[[ 732 1552]] , [[ 732 1557]]
[[ 704 1550]] , [[ 704 1552]]
[[  71 1460]] , [[  70 1461]]
[[ 670 1420]] , [[ 670 1425]]
[[ 727 1432]] , [[ 727 1436]]
[[ 528 1476]] , [[ 527 1477]]
[[ 560 1556]] , [[ 560 1561]]
[[ 660 1372]] , [[ 660 1377]]
[[ 688 1300]] , [[ 688 1305]]
[[ 218 1296]] , [[ 218 1300]]
[[  72 1262]] , [[  72 1263]]
[[ 218 1296]] , [[ 218 1300]]
[[  41 1082]] , [[  42 1081]]
[[ 444 1280]] , [[ 444 1284]]
[[  68 1246]] , [[  68 1273]]
[[   8 1036]] , [[   7 1037]]
[[ 660 1370]] , [[ 660 1375]]
[[ 680 1430]] , [[ 680 1434]]
[[ 638 1478]] , [[ 638 1484]]
[[  68 1248]] , [[  68 1267]]
[[  68 1250]] , [[  68 1263]]
[[  62 1104]] , [[  62 1121]]
[[  64 1142]] , [[  64 1151]]
[[ 633 1274]] , [[ 632 1275]]
[[ 714 1566]] , [[ 714 1571]]
[[ 718 1432]] , [[ 718 1436]]
[[ 730 1568]] , [[ 730 1573]]
[[ 726 1568]] , [[ 726 1573]]
[[ 748 1568]] , [[ 748 1575]]
[[ 748 1568]] , [[ 748 1575]]
[[ 788 1566]] , [[ 788 1567]]
[[ 788 1566]] , [[ 788 1567]]
[[ 760 1564]] , [[ 760 1565]]
[[ 758 1564]] , [[ 758 1569]]
[[ 758 1564]] , [[ 758 1569]]
[[ 522 1575]] , [[ 522 1579]]
[[ 556 1572]] , [[ 556 1578]]
[[ 568 1566]] , [[ 568 1575]]
[[ 543 1552]] , [[ 542 1553]]
[[ 543 1552]] , [[ 542 1553]]
[[ 850 1558]] , [[ 850 1561]]
[[ 538 1478]] , [[ 538 1483]]
[[ 730 1482]] , [[ 730 1487]]
[[ 508 1478]] , [[ 508 1483]]
[[ 526 1574]] , [[ 526 1579]]
[[ 856 1566]] , [[ 856 1571]]
[[ 782 1568]] , [[ 782 1573]]
[[ 332 1577]] , [[ 332 1583]]
[[ 748 1570]] , [[ 748 1575]]
[[ 760 1564]] , [[ 760 1569]]
[[ 716 1564]] , [[ 716 1569]]
[[ 552 1566]] , [[ 552 1575]]
[[ 792 1564]] , [[ 792 1565]]
[[ 734 1568]] , [[ 734 1573]]
[[ 748 1570]] , [[ 748 1575]]
[[ 510 1574]] , [[ 510 1575]]
[[ 510 1574]] , [[ 510 1575]]
[[ 510 1574]] , [[ 510 1575]]
[[ 510 1574]] , [[ 510 1575]]
[[ 552 1572]] , [[ 552 1577]]
[[ 552 1572]] , [[ 552 1577]]
[[ 552 1572]] , [[ 552 1577]]
[[ 470 1577]] , [[ 470 1581]]
[[ 512 1566]] , [[ 512 1571]]
[[ 634 1568]] , [[ 634 1575]]
[[ 840 1568]] , [[ 840 1572]]
[[ 508 1576]] , [[ 508 1581]]
[[ 626 1566]] , [[ 626 1567]]
[[ 840 1568]] , [[ 840 1573]]
[[ 523 1480]] , [[ 523 1485]]
[[ 556 1562]] , [[ 556 1569]]
[[ 554 1562]] , [[ 554 1567]]
[[ 621 1568]] , [[ 620 1569]]
[[ 510 1575]] , [[ 510 1581]]
[[ 840 1568]] , [[ 840 1574]]
[[ 736 1568]] , [[ 736 1573]]
[[ 840 1568]] , [[ 840 1572]]
[[ 536 1572]] , [[ 536 1574]]
[[ 492 1576]] , [[ 492 1581]]
[[ 807 1564]] , [[ 807 1568]]
[[ 848 1568]] , [[ 848 1573]]
[[ 846 1568]] , [[ 846 1573]]
[[ 562 1564]] , [[ 562 1567]]
[[ 790 1562]] , [[ 790 1567]]
[[ 512 1474]] , [[ 512 1481]]
[[ 528 1476]] , [[ 528 1481]]
[[ 742 1562]] , [[ 742 1567]]
[[ 528 1476]] , [[ 528 1481]]
[[ 832 1560]] , [[ 832 1563]]
[[ 845 1559]] , [[ 844 1560]]
[[ 832 1560]] , [[ 832 1563]]
[[ 528 1476]] , [[ 528 1481]]
[[ 740 1468]] , [[ 740 1473]]
[[ 844 1559]] , [[ 844 1565]]
[[ 844 1559]] , [[ 844 1563]]
[[ 646 1409]] , [[ 646 1413]]
[[ 718 1432]] , [[ 718 1436]]
[[ 672 1550]] , [[ 672 1557]]
[[ 712 1473]] , [[ 712 1477]]
[[ 710 1472]] , [[ 710 1477]]
[[ 738 1468]] , [[ 738 1473]]
[[ 748 1468]] , [[ 748 1473]]
[[ 662 1340]] , [[ 662 1344]]
[[304 902]] , [[304 911]]
[[ 706 1432]] , [[ 706 1436]]
[[ 710 1432]] , [[ 710 1436]]
[[ 644 1402]] , [[ 644 1407]]
[[  31 1252]] , [[  31 1256]]
[[  62 1288]] , [[  62 1293]]
[[  59 1287]] , [[  58 1288]]
[[  20 1244]] , [[  20 1248]]
[[   4 1152]] , [[   4 1165]]
[[ 610 1009]] , [[ 610 1013]]
[[  18 1252]] , [[  18 1256]]
[[   0 1164]] , [[   0 1169]]
[[ 666 1339]] , [[ 666 1343]]
[[   0 1038]] , [[   0 1043]]
[[591 930]] , [[592 929]]
[[369 986]] , [[370 985]]
[[  88 1266]] , [[  87 1267]]
[[ 485 1058]] , [[ 486 1057]]
[[577 994]] , [[578 993]]
[[574 986]] , [[575 985]]
[[ 640 1332]] , [[ 640 1337]]
[[ 641 1266]] , [[ 641 1273]]
[[216 568]] , [[215 569]]
[[216 568]] , [[216 569]]
[[563 994]] , [[564 993]]
[[ 641 1266]] , [[ 641 1273]]
[[ 666 1339]] , [[ 666 1343]]
[[ 761 1056]] , [[ 762 1055]]
[[ 759 1054]] , [[ 760 1053]]
[[ 670 1408]] , [[ 670 1417]]
[[ 240 1370]] , [[ 240 1374]]
[[ 744 1468]] , [[ 744 1473]]
[[ 672 1406]] , [[ 672 1410]]
[[ 666 1339]] , [[ 666 1343]]
[[ 668 1339]] , [[ 668 1343]]
[[ 668 1339]] , [[ 668 1343]]
[[ 668 1339]] , [[ 668 1343]]
[[ 616 1552]] , [[ 616 1559]]
[[ 616 1552]] , [[ 616 1559]]
[[ 736 1367]] , [[ 736 1371]]
[[ 741 1056]] , [[ 742 1055]]
[[ 739 1056]] , [[ 740 1055]]
[[ 735 1050]] , [[ 736 1049]]
[[179 572]] , [[177 574]]
[[617 920]] , [[618 919]]
[[617 920]] , [[618 919]]
[[175 572]] , [[175 575]]
[[ 733 1058]] , [[ 734 1057]]
[[175 572]] , [[175 574]]
[[175 572]] , [[175 574]]
[[617 920]] , [[618 919]]
[[ 512 1070]] , [[ 512 1074]]
[[ 219 1292]] , [[ 219 1296]]
[[ 666 1339]] , [[ 666 1343]]
[[ 670 1368]] , [[ 670 1372]]
[[  76 1274]] , [[  75 1275]]
[[  76 1274]] , [[  75 1275]]
[[ 680 1302]] , [[ 680 1303]]
[[168 570]] , [[168 571]]
[[168 570]] , [[168 571]]
[[ 723 1054]] , [[ 724 1053]]
[[ 723 1054]] , [[ 724 1053]]
[[471 920]] , [[472 919]]
[[ 723 1054]] , [[ 724 1053]]
[[ 647 1334]] , [[ 647 1338]]
[[611 920]] , [[612 919]]
[[610 920]] , [[611 919]]
[[712 986]] , [[713 985]]
[[710 963]] , [[711 962]]
[[711 980]] , [[712 979]]
[[709 972]] , [[710 971]]
[[477 920]] , [[478 919]]
[[655 762]] , [[656 761]]
[[168 572]] , [[168 573]]
[[649 607]] , [[665 607]]
[[477 920]] , [[478 919]]
[[653 762]] , [[654 761]]
[[643 594]] , [[644 593]]
[[453 608]] , [[454 607]]
[[653 762]] , [[654 761]]
[[653 762]] , [[654 761]]
[[653 762]] , [[654 761]]
[[ 725 1054]] , [[ 726 1053]]
[[  79 1271]] , [[  78 1272]]
[[ 668 1338]] , [[ 667 1339]]
[[170 570]] , [[170 571]]
[[478 920]] , [[479 919]]
[[478 920]] , [[479 919]]
[[710 976]] , [[710 977]]
[[461 606]] , [[462 605]]
[[462 740]] , [[462 741]]
[[645 608]] , [[646 607]]
[[663 760]] , [[664 759]]
[[541 762]] , [[542 761]]
[[   6 1048]] , [[   6 1053]]
[[   1 1032]] , [[   1 1037]]
[[ 337 1042]] , [[ 338 1041]]
[[208 568]] , [[208 569]]
[[659 760]] , [[660 759]]
[[   6 1048]] , [[   6 1053]]
[[661 918]] , [[662 917]]
[[ 767 1059]] , [[ 768 1058]]
[[359 946]] , [[360 945]]
[[ 728 1432]] , [[ 728 1436]]
[[ 728 1432]] , [[ 728 1436]]
[[ 728 1432]] , [[ 728 1436]]
[[  80 1258]] , [[  80 1263]]
[[  24 1060]] , [[  24 1067]]
[[ 733 1468]] , [[ 732 1469]]
[[ 554 1474]] , [[ 554 1481]]
[[ 750 1468]] , [[ 750 1473]]
[[ 718 1370]] , [[ 718 1375]]
[[ 259 1346]] , [[ 259 1350]]
[[ 718 1370]] , [[ 718 1375]]
[[  21 1060]] , [[  21 1064]]
[[  80 1256]] , [[  80 1261]]
[[ 735 1468]] , [[ 734 1469]]
[[ 668 1424]] , [[ 668 1428]]
[[  14 1241]] , [[  14 1246]]
[[ 666 1422]] , [[ 666 1427]]
[[ 657 1550]] , [[ 657 1554]]
[[ 700 1470]] , [[ 700 1474]]
[[ 754 1468]] , [[ 754 1473]]
[[ 864 1569]] , [[ 864 1573]]
[[ 670 1338]] , [[ 670 1343]]
[[ 544 1480]] , [[ 544 1485]]
[[ 558 1480]] , [[ 558 1481]]
[[ 608 1560]] , [[ 608 1569]]
[[ 557 1484]] , [[ 557 1488]]
[[ 706 1471]] , [[ 706 1475]]
[[ 706 1471]] , [[ 706 1475]]
[[ 608 1560]] , [[ 608 1569]]
[[ 656 1474]] , [[ 656 1481]]
[[ 680 1548]] , [[ 680 1553]]
[[ 734 1469]] , [[ 734 1473]]
[[ 656 1474]] , [[ 656 1481]]
[[  68 1230]] , [[  68 1231]]
[[  44 1038]] , [[  44 1043]]
[[  60 1084]] , [[  60 1085]]
[[ 650 1372]] , [[ 650 1377]]
[[ 720 1370]] , [[ 720 1375]]
[[ 656 1474]] , [[ 656 1481]]
[[ 656 1474]] , [[ 656 1481]]
[[ 720 1370]] , [[ 720 1375]]
[[ 556 1368]] , [[ 556 1372]]
[[ 543 1474]] , [[ 542 1475]]
[[ 654 1408]] , [[ 654 1415]]
[[ 522 1550]] , [[ 522 1555]]
[[ 554 1474]] , [[ 554 1479]]
[[ 784 1468]] , [[ 784 1473]]
[[  80 1218]] , [[  80 1223]]
[[  71 1150]] , [[  71 1169]]
[[  66 1200]] , [[  66 1231]]
[[  65 1234]] , [[  65 1241]]
[[  66 1210]] , [[  66 1233]]
[[  71 1174]] , [[  71 1187]]
[[  66 1212]] , [[  66 1217]]
[[   0 1000]] , [[   0 1051]]
[[   9 1090]] , [[  10 1089]]
[[  86 1235]] , [[  86 1239]]
[[  77 1212]] , [[  77 1215]]
[[ 162 1357]] , [[ 162 1361]]
[[ 544 1472]] , [[ 543 1473]]
[[ 732 1428]] , [[ 732 1429]]
[[ 727 1470]] , [[ 726 1471]]
[[  72 1260]] , [[  72 1271]]
[[  66 1228]] , [[  66 1233]]
[[ 400 1422]] , [[ 400 1431]]
[[ 646 1370]] , [[ 646 1375]]
[[ 625 1478]] , [[ 625 1482]]
[[  66 1206]] , [[  66 1213]]
[[ 525 1473]] , [[ 525 1477]]
[[ 704 1558]] , [[ 704 1561]]
[[ 594 1560]] , [[ 594 1567]]
[[ 594 1560]] , [[ 594 1567]]
[[ 312 1579]] , [[ 312 1583]]
[[ 468 1575]] , [[ 468 1581]]
[[ 468 1575]] , [[ 468 1581]]
[[ 562 1572]] , [[ 562 1577]]
[[ 556 1482]] , [[ 556 1487]]
[[ 334 1369]] , [[ 334 1373]]
[[ 670 1408]] , [[ 670 1413]]
[[ 646 1370]] , [[ 646 1375]]
[[ 746 1370]] , [[ 746 1375]]
[[ 672 1340]] , [[ 672 1344]]
[[ 446 1484]] , [[ 446 1488]]
[[ 646 1370]] , [[ 646 1375]]
[[ 334 1369]] , [[ 334 1373]]
[[ 536 1368]] , [[ 536 1372]]
[[ 638 1474]] , [[ 638 1475]]
[[ 862 1564]] , [[ 862 1567]]
[[ 860 1566]] , [[ 860 1571]]
[[ 288 1344]] , [[ 288 1349]]
[[ 640 1474]] , [[ 640 1477]]
[[ 640 1474]] , [[ 640 1483]]
[[ 464 1484]] , [[ 464 1489]]
[[ 744 1570]] , [[ 744 1574]]
[[ 742 1570]] , [[ 742 1574]]
[[ 667 1565]] , [[ 666 1566]]
[[ 834 1562]] , [[ 834 1563]]
[[ 238 1579]] , [[ 238 1583]]
[[ 748 1568]] , [[ 748 1569]]
[[ 844 1562]] , [[ 844 1567]]
[[ 702 1566]] , [[ 702 1571]]
[[ 662 1550]] , [[ 662 1555]]
[[ 641 1539]] , [[ 641 1543]]
[[ 442 1482]] , [[ 442 1489]]
[[ 577 1550]] , [[ 577 1552]]
[[ 728 1558]] , [[ 728 1567]]
[[ 658 1565]] , [[ 658 1569]]
[[ 554 1568]] , [[ 554 1577]]
[[ 776 1568]] , [[ 776 1573]]
[[ 513 1756]] , [[ 513 1760]]
[[ 652 1540]] , [[ 652 1545]]
[[ 726 1566]] , [[ 726 1571]]
[[ 662 1565]] , [[ 662 1569]]
[[ 681 1556]] , [[ 681 1561]]
[[ 507 1566]] , [[ 507 1575]]
[[ 654 1488]] , [[ 654 1497]]
[[ 508 1566]] , [[ 508 1570]]
[[ 657 1566]] , [[ 657 1571]]
[[ 912 1578]] , [[ 912 1582]]
[[ 494 1571]] , [[ 494 1575]]
[[ 920 1594]] , [[ 920 1598]]
[[ 768 1482]] , [[ 768 1487]]
[[ 548 1560]] , [[ 548 1567]]
[[ 548 1560]] , [[ 548 1565]]
[[ 728 1780]] , [[ 728 1784]]
[[ 548 1550]] , [[ 548 1557]]
[[ 184 1581]] , [[ 184 1585]]
[[ 892 1568]] , [[ 892 1573]]
[[ 752 1744]] , [[ 752 1749]]
[[ 574 1550]] , [[ 574 1557]]
[[ 524 1575]] , [[ 524 1579]]
[[ 594 1544]] , [[ 594 1549]]
[[ 609 1786]] , [[ 608 1787]]
[[ 531 1571]] , [[ 531 1572]]
[[ 748 1570]] , [[ 748 1575]]
[[ 706 1552]] , [[ 706 1557]]
[[ 620 1568]] , [[ 620 1573]]
[[ 846 1566]] , [[ 846 1571]]
[[ 620 1568]] , [[ 620 1573]]
[[ 652 1482]] , [[ 652 1486]]
[[ 514 1482]] , [[ 514 1487]]
[[ 857 1568]] , [[ 857 1572]]
[[ 504 1575]] , [[ 503 1576]]
[[ 562 1572]] , [[ 562 1576]]
[[ 506 1575]] , [[ 506 1580]]
[[ 489 1571]] , [[ 489 1575]]
[[ 489 1571]] , [[ 489 1575]]
[[ 684 1550]] , [[ 684 1559]]
[[ 698 1558]] , [[ 698 1559]]
[[ 458 1484]] , [[ 458 1488]]
[[ 698 1558]] , [[ 698 1559]]
[[ 682 1560]] , [[ 682 1564]]
[[ 618 1568]] , [[ 618 1573]]
[[ 682 1560]] , [[ 682 1564]]
[[ 734 1469]] , [[ 734 1473]]
[[ 406 1102]] , [[ 406 1107]]
[[770 730]] , [[770 731]]
[[890 654]] , [[890 655]]
[[ 688 1368]] , [[ 688 1373]]
[[ 685 1376]] , [[ 685 1381]]
[[ 682 1560]] , [[ 682 1565]]
[[ 683 1376]] , [[ 683 1380]]
[[ 508 1576]] , [[ 508 1581]]
[[ 890 1568]] , [[ 890 1573]]
[[ 556 1551]] , [[ 556 1555]]
[[ 720 1472]] , [[ 720 1477]]
[[ 550 1568]] , [[ 550 1575]]
[[ 727 1470]] , [[ 725 1472]]
[[ 727 1470]] , [[ 725 1472]]
[[ 727 1470]] , [[ 725 1472]]
[[ 554 1553]] , [[ 554 1559]]
[[339 976]] , [[337 978]]
[[ 308 1370]] , [[ 308 1374]]
[[ 720 1368]] , [[ 720 1373]]
[[ 624 1306]] , [[ 624 1311]]
[[848 632]] , [[848 636]]
[[ 748 1468]] , [[ 748 1473]]
[[ 734 1468]] , [[ 734 1473]]
[[ 748 1468]] , [[ 748 1473]]
[[ 674 1544]] , [[ 674 1551]]
[[ 518 1476]] , [[ 518 1481]]
[[ 618 1550]] , [[ 618 1555]]
[[ 732 1468]] , [[ 731 1469]]
[[ 518 1476]] , [[ 518 1481]]
[[ 545 1553]] , [[ 545 1557]]
[[ 618 1550]] , [[ 618 1561]]
[[ 796 1342]] , [[ 796 1346]]
[[832 830]] , [[832 831]]
[[ 744 1468]] , [[ 744 1473]]
[[ 638 1335]] , [[ 638 1339]]
[[ 622 1474]] , [[ 622 1479]]
[[ 742 1427]] , [[ 742 1431]]
[[ 624 1552]] , [[ 624 1560]]
[[ 546 1546]] , [[ 546 1555]]
[[ 744 1468]] , [[ 744 1473]]
[[ 546 1548]] , [[ 546 1555]]
[[ 733 1468]] , [[ 732 1469]]
[[ 720 1476]] , [[ 720 1481]]
[[ 490 1333]] , [[ 490 1337]]
[[ 256 1336]] , [[ 256 1343]]
[[ 746 1470]] , [[ 746 1475]]
[[ 733 1468]] , [[ 732 1469]]
[[ 716 1473]] , [[ 716 1477]]
[[ 520 1476]] , [[ 520 1481]]
[[ 740 1470]] , [[ 740 1475]]
[[ 696 1430]] , [[ 696 1434]]
[[ 736 1468]] , [[ 736 1469]]
[[ 736 1468]] , [[ 735 1469]]
[[228 566]] , [[226 568]]
[[ 672 1339]] , [[ 672 1343]]
[[  70 1252]] , [[  70 1258]]
[[ 740 1427]] , [[ 740 1431]]
[[ 735 1468]] , [[ 734 1469]]
[[ 740 1427]] , [[ 740 1431]]
[[ 748 1468]] , [[ 748 1473]]
[[ 375 1100]] , [[ 375 1101]]
[[590 738]] , [[590 742]]
[[  61 1048]] , [[  61 1057]]
[[  44 1037]] , [[  44 1041]]
[[854 688]] , [[854 689]]
[[312 565]] , [[311 566]]
[[  10 1038]] , [[  10 1039]]
[[593 738]] , [[593 743]]
[[  40 1049]] , [[  39 1050]]
[[  10 1038]] , [[  10 1045]]
[[ 656 1372]] , [[ 656 1377]]
[[ 641 1270]] , [[ 641 1275]]
[[ 159 1359]] , [[ 159 1361]]
[[ 641 1270]] , [[ 641 1275]]
[[ 688 1430]] , [[ 688 1434]]
[[ 650 1404]] , [[ 650 1409]]
[[ 729 1470]] , [[ 728 1471]]
[[ 560 1552]] , [[ 560 1563]]
[[ 572 1557]] , [[ 572 1561]]
[[ 652 1376]] , [[ 652 1383]]
[[ 159 1360]] , [[ 158 1361]]
[[ 516 1336]] , [[ 515 1337]]
[[ 556 1482]] , [[ 556 1488]]
[[  57 1038]] , [[  57 1045]]
[[ 750 1468]] , [[ 750 1472]]
[[ 168 1350]] , [[ 168 1354]]
[[ 727 1470]] , [[ 726 1471]]
[[ 727 1470]] , [[ 726 1471]]
[[ 460 1484]] , [[ 460 1489]]
[[ 734 1428]] , [[ 734 1435]]
[[ 752 1468]] , [[ 752 1472]]
[[  68 1266]] , [[  68 1269]]
[[ 750 1468]] , [[ 750 1472]]
[[ 752 1468]] , [[ 752 1472]]
[[ 654 1478]] , [[ 654 1487]]
[[ 752 1468]] , [[ 752 1472]]
[[ 682 1410]] , [[ 682 1415]]
[[ 682 1410]] , [[ 682 1415]]
[[ 682 1410]] , [[ 682 1415]]
[[ 156 1362]] , [[ 156 1367]]
[[ 522 1482]] , [[ 522 1487]]
[[ 686 1325]] , [[ 686 1329]]
[[ 682 1410]] , [[ 682 1415]]
[[ 656 1368]] , [[ 656 1375]]
[[ 682 1369]] , [[ 682 1373]]
[[ 668 1406]] , [[ 668 1411]]
[[ 698 1472]] , [[ 698 1477]]
[[ 682 1369]] , [[ 682 1373]]
[[ 624 1480]] , [[ 624 1484]]
[[ 656 1368]] , [[ 656 1375]]
[[ 624 1480]] , [[ 624 1484]]
[[ 754 1472]] , [[ 754 1477]]
[[ 576 1548]] , [[ 576 1553]]
[[ 546 1552]] , [[ 546 1557]]
[[ 712 1552]] , [[ 712 1553]]
[[ 730 1469]] , [[ 729 1470]]
[[ 736 1430]] , [[ 736 1435]]
[[ 736 1430]] , [[ 736 1435]]
[[ 668 1404]] , [[ 668 1409]]
[[ 656 1368]] , [[ 656 1375]]
[[ 682 1369]] , [[ 682 1373]]
[[ 668 1404]] , [[ 668 1409]]
[[ 738 1430]] , [[ 738 1435]]
[[ 658 1368]] , [[ 658 1375]]
[[ 682 1369]] , [[ 682 1373]]
[[ 738 1430]] , [[ 738 1435]]
[[ 735 1468]] , [[ 734 1469]]
[[  12 1246]] , [[  12 1251]]
[[   0 1042]] , [[   0 1047]]
[[  12 1248]] , [[  12 1253]]
[[  12 1248]] , [[  12 1253]]
[[ 373 1092]] , [[ 374 1091]]
[[ 641 1328]] , [[ 641 1332]]
[[603 932]] , [[604 931]]
[[603 962]] , [[604 961]]
[[   3 1036]] , [[   3 1041]]
[[ 656 1338]] , [[ 656 1342]]
[[ 732 1469]] , [[ 732 1473]]
[[ 732 1469]] , [[ 732 1473]]
[[  20 1260]] , [[  20 1267]]
[[ 748 1468]] , [[ 748 1472]]
[[ 748 1468]] , [[ 748 1472]]
[[ 655 1338]] , [[ 655 1342]]
[[  85 1265]] , [[  85 1268]]
[[  78 1271]] , [[  78 1277]]
[[ 704 1471]] , [[ 704 1475]]
[[ 704 1471]] , [[ 704 1475]]
[[ 672 1422]] , [[ 672 1427]]
[[ 748 1470]] , [[ 748 1474]]
[[ 748 1470]] , [[ 748 1474]]
[[ 674 1424]] , [[ 674 1429]]
[[  75 1273]] , [[  75 1277]]
[[ 423 1026]] , [[ 424 1025]]
[[  23 1046]] , [[  22 1047]]
[[598 929]] , [[599 928]]
[[   1 1036]] , [[   1 1039]]
[[ 548 1548]] , [[ 548 1553]]
[[ 732 1469]] , [[ 731 1470]]
[[ 514 1480]] , [[ 514 1487]]
[[ 731 1469]] , [[ 730 1470]]
[[ 698 1470]] , [[ 698 1471]]
[[   1 1036]] , [[   1 1040]]
[[ 698 1470]] , [[ 698 1471]]
[[  14 1256]] , [[  14 1260]]
[[   2 1038]] , [[   2 1044]]
[[250 566]] , [[249 567]]
[[   2 1038]] , [[   2 1048]]
[[   8 1241]] , [[   8 1247]]
[[ 732 1470]] , [[ 731 1471]]
[[798 680]] , [[798 681]]
[[ 664 1298]] , [[ 664 1299]]
[[  22 1256]] , [[  22 1261]]
[[   0 1144]] , [[   0 1153]]
[[611 988]] , [[612 987]]
[[   0 1142]] , [[   0 1147]]
[[   0 1044]] , [[   0 1053]]
[[ 664 1298]] , [[ 664 1299]]
[[616 972]] , [[617 971]]
[[262 566]] , [[261 567]]
[[401 948]] , [[402 947]]
[[816 760]] , [[816 761]]
[[  26 1244]] , [[  26 1249]]
[[ 660 1370]] , [[ 660 1374]]
[[ 660 1370]] , [[ 660 1374]]
[[ 670 1422]] , [[ 670 1427]]
[[  18 1044]] , [[  18 1057]]
[[ 512 1478]] , [[ 512 1483]]
[[  70 1464]] , [[  70 1469]]
[[ 526 1476]] , [[ 526 1477]]
[[ 700 1542]] , [[ 700 1551]]
[[ 573 1547]] , [[ 572 1548]]
[[ 702 1542]] , [[ 702 1549]]
[[ 510 1478]] , [[ 510 1483]]
[[ 510 1478]] , [[ 510 1483]]
[[ 732 1552]] , [[ 732 1557]]
[[ 704 1550]] , [[ 704 1552]]
[[  71 1460]] , [[  70 1461]]
[[ 670 1420]] , [[ 670 1425]]
[[ 727 1432]] , [[ 727 1436]]
[[ 528 1476]] , [[ 527 1477]]
[[ 560 1556]] , [[ 560 1561]]
[[ 660 1372]] , [[ 660 1377]]
[[ 688 1300]] , [[ 688 1305]]
[[ 218 1296]] , [[ 218 1300]]
[[  72 1262]] , [[  72 1263]]
[[ 218 1296]] , [[ 218 1300]]
[[  41 1082]] , [[  42 1081]]
[[ 444 1280]] , [[ 444 1284]]
[[  68 1246]] , [[  68 1273]]
[[   8 1036]] , [[   7 1037]]
[[ 660 1370]] , [[ 660 1375]]
[[ 680 1430]] , [[ 680 1434]]
[[ 638 1478]] , [[ 638 1484]]
[[  68 1248]] , [[  68 1267]]
[[  68 1250]] , [[  68 1263]]
[[  62 1104]] , [[  62 1121]]
[[  64 1142]] , [[  64 1151]]
[[ 633 1274]] , [[ 632 1275]]
[[ 714 1566]] , [[ 714 1571]]
[[ 718 1432]] , [[ 718 1436]]
[[ 730 1568]] , [[ 730 1573]]
[[ 726 1568]] , [[ 726 1573]]
[[ 748 1568]] , [[ 748 1575]]
[[ 748 1568]] , [[ 748 1575]]
[[ 788 1566]] , [[ 788 1567]]
[[ 788 1566]] , [[ 788 1567]]
[[ 760 1564]] , [[ 760 1565]]
[[ 758 1564]] , [[ 758 1569]]
[[ 758 1564]] , [[ 758 1569]]
[[ 522 1575]] , [[ 522 1579]]
[[ 556 1572]] , [[ 556 1578]]
[[ 568 1566]] , [[ 568 1575]]
[[ 543 1552]] , [[ 542 1553]]
[[ 543 1552]] , [[ 542 1553]]
[[ 850 1558]] , [[ 850 1561]]
[[ 538 1478]] , [[ 538 1483]]
[[ 730 1482]] , [[ 730 1487]]
[[ 508 1478]] , [[ 508 1483]]
[[ 526 1574]] , [[ 526 1579]]
[[ 856 1566]] , [[ 856 1571]]
[[ 782 1568]] , [[ 782 1573]]
[[ 332 1577]] , [[ 332 1583]]
[[ 748 1570]] , [[ 748 1575]]
[[ 760 1564]] , [[ 760 1569]]
[[ 716 1564]] , [[ 716 1569]]
[[ 552 1566]] , [[ 552 1575]]
[[ 792 1564]] , [[ 792 1565]]
[[ 734 1568]] , [[ 734 1573]]
[[ 748 1570]] , [[ 748 1575]]
[[ 510 1574]] , [[ 510 1575]]
[[ 510 1574]] , [[ 510 1575]]
[[ 510 1574]] , [[ 510 1575]]
[[ 510 1574]] , [[ 510 1575]]
[[ 552 1572]] , [[ 552 1577]]
[[ 552 1572]] , [[ 552 1577]]
[[ 552 1572]] , [[ 552 1577]]
[[ 470 1577]] , [[ 470 1581]]
[[ 512 1566]] , [[ 512 1571]]
[[ 634 1568]] , [[ 634 1575]]
[[ 840 1568]] , [[ 840 1572]]
[[ 508 1576]] , [[ 508 1581]]
[[ 626 1566]] , [[ 626 1567]]
[[ 840 1568]] , [[ 840 1573]]
[[ 523 1480]] , [[ 523 1485]]
[[ 556 1562]] , [[ 556 1569]]
[[ 554 1562]] , [[ 554 1567]]
[[ 621 1568]] , [[ 620 1569]]
[[ 510 1575]] , [[ 510 1581]]
[[ 840 1568]] , [[ 840 1574]]
[[ 736 1568]] , [[ 736 1573]]
[[ 840 1568]] , [[ 840 1572]]
[[ 536 1572]] , [[ 536 1574]]
[[ 492 1576]] , [[ 492 1581]]
[[ 807 1564]] , [[ 807 1568]]
[[ 848 1568]] , [[ 848 1573]]
[[ 846 1568]] , [[ 846 1573]]
[[ 562 1564]] , [[ 562 1567]]
[[ 790 1562]] , [[ 790 1567]]
[[ 512 1474]] , [[ 512 1481]]
[[ 528 1476]] , [[ 528 1481]]
[[ 742 1562]] , [[ 742 1567]]
[[ 528 1476]] , [[ 528 1481]]
[[ 832 1560]] , [[ 832 1563]]
[[ 845 1559]] , [[ 844 1560]]
[[ 832 1560]] , [[ 832 1563]]
[[ 528 1476]] , [[ 528 1481]]
[[ 740 1468]] , [[ 740 1473]]
[[ 844 1559]] , [[ 844 1565]]
[[ 844 1559]] , [[ 844 1563]]
[[ 646 1409]] , [[ 646 1413]]
[[ 718 1432]] , [[ 718 1436]]
[[ 672 1550]] , [[ 672 1557]]
[[ 712 1473]] , [[ 712 1477]]
[[ 710 1472]] , [[ 710 1477]]
[[ 738 1468]] , [[ 738 1473]]
[[ 748 1468]] , [[ 748 1473]]
[[ 662 1340]] , [[ 662 1344]]
[[304 902]] , [[304 911]]
[[ 706 1432]] , [[ 706 1436]]
[[ 710 1432]] , [[ 710 1436]]
[[ 644 1402]] , [[ 644 1407]]
[[  31 1252]] , [[  31 1256]]
[[  62 1288]] , [[  62 1293]]
[[  59 1287]] , [[  58 1288]]
[[  20 1244]] , [[  20 1248]]
[[   4 1152]] , [[   4 1165]]
[[ 610 1009]] , [[ 610 1013]]
[[  18 1252]] , [[  18 1256]]
[[   0 1164]] , [[   0 1169]]
[[ 666 1339]] , [[ 666 1343]]
[[   0 1038]] , [[   0 1043]]
[[591 930]] , [[592 929]]
[[369 986]] , [[370 985]]
[[  88 1266]] , [[  87 1267]]
[[ 485 1058]] , [[ 486 1057]]
[[577 994]] , [[578 993]]
[[574 986]] , [[575 985]]
[[ 640 1332]] , [[ 640 1337]]
[[ 641 1266]] , [[ 641 1273]]
[[216 568]] , [[215 569]]
[[216 568]] , [[216 569]]
[[563 994]] , [[564 993]]
[[ 641 1266]] , [[ 641 1273]]
[[ 666 1339]] , [[ 666 1343]]
[[ 761 1056]] , [[ 762 1055]]
[[ 759 1054]] , [[ 760 1053]]
[[ 670 1408]] , [[ 670 1417]]
[[ 240 1370]] , [[ 240 1374]]
[[ 744 1468]] , [[ 744 1473]]
[[ 672 1406]] , [[ 672 1410]]
[[ 666 1339]] , [[ 666 1343]]
[[ 668 1339]] , [[ 668 1343]]
[[ 668 1339]] , [[ 668 1343]]
[[ 668 1339]] , [[ 668 1343]]
[[ 616 1552]] , [[ 616 1559]]
[[ 616 1552]] , [[ 616 1559]]
[[ 736 1367]] , [[ 736 1371]]
[[ 741 1056]] , [[ 742 1055]]
[[ 739 1056]] , [[ 740 1055]]
[[ 735 1050]] , [[ 736 1049]]
[[179 572]] , [[177 574]]
[[617 920]] , [[618 919]]
[[617 920]] , [[618 919]]
[[175 572]] , [[175 575]]
[[ 733 1058]] , [[ 734 1057]]
[[175 572]] , [[175 574]]
[[175 572]] , [[175 574]]
[[617 920]] , [[618 919]]
[[ 512 1070]] , [[ 512 1074]]
[[ 219 1292]] , [[ 219 1296]]
[[ 666 1339]] , [[ 666 1343]]
[[ 670 1368]] , [[ 670 1372]]
[[  76 1274]] , [[  75 1275]]
[[  76 1274]] , [[  75 1275]]
[[ 680 1302]] , [[ 680 1303]]
[[168 570]] , [[168 571]]
[[168 570]] , [[168 571]]
[[ 723 1054]] , [[ 724 1053]]
[[ 723 1054]] , [[ 724 1053]]
[[471 920]] , [[472 919]]
[[ 723 1054]] , [[ 724 1053]]
[[ 647 1334]] , [[ 647 1338]]
[[611 920]] , [[612 919]]
[[610 920]] , [[611 919]]
[[712 986]] , [[713 985]]
[[710 963]] , [[711 962]]
[[711 980]] , [[712 979]]
[[709 972]] , [[710 971]]
[[477 920]] , [[478 919]]
[[655 762]] , [[656 761]]
[[168 572]] , [[168 573]]
[[649 607]] , [[665 607]]
[[477 920]] , [[478 919]]
[[653 762]] , [[654 761]]
[[643 594]] , [[644 593]]
[[453 608]] , [[454 607]]
[[653 762]] , [[654 761]]
[[653 762]] , [[654 761]]
[[653 762]] , [[654 761]]
[[ 725 1054]] , [[ 726 1053]]
[[  79 1271]] , [[  78 1272]]
[[ 668 1338]] , [[ 667 1339]]
[[170 570]] , [[170 571]]
[[478 920]] , [[479 919]]
[[478 920]] , [[479 919]]
[[710 976]] , [[710 977]]
[[461 606]] , [[462 605]]
[[462 740]] , [[462 741]]
[[645 608]] , [[646 607]]
[[663 760]] , [[664 759]]
[[541 762]] , [[542 761]]
[[   6 1048]] , [[   6 1053]]
[[   1 1032]] , [[   1 1037]]
[[ 337 1042]] , [[ 338 1041]]
[[208 568]] , [[208 569]]
[[659 760]] , [[660 759]]
[[   6 1048]] , [[   6 1053]]
[[661 918]] , [[662 917]]
[[ 767 1059]] , [[ 768 1058]]
[[359 946]] , [[360 945]]
[[ 728 1432]] , [[ 728 1436]]
[[ 728 1432]] , [[ 728 1436]]
[[ 728 1432]] , [[ 728 1436]]
[[  80 1258]] , [[  80 1263]]
[[  24 1060]] , [[  24 1067]]
[[ 733 1468]] , [[ 732 1469]]
[[ 554 1474]] , [[ 554 1481]]
[[ 750 1468]] , [[ 750 1473]]
[[ 718 1370]] , [[ 718 1375]]
[[ 259 1346]] , [[ 259 1350]]
[[ 718 1370]] , [[ 718 1375]]
[[  21 1060]] , [[  21 1064]]
[[  80 1256]] , [[  80 1261]]
[[ 735 1468]] , [[ 734 1469]]
[[ 668 1424]] , [[ 668 1428]]
[[  14 1241]] , [[  14 1246]]
[[ 666 1422]] , [[ 666 1427]]
[[ 657 1550]] , [[ 657 1554]]
[[ 700 1470]] , [[ 700 1474]]
[[ 754 1468]] , [[ 754 1473]]
[[ 864 1569]] , [[ 864 1573]]
[[ 670 1338]] , [[ 670 1343]]
[[ 544 1480]] , [[ 544 1485]]
[[ 558 1480]] , [[ 558 1481]]
[[ 608 1560]] , [[ 608 1569]]
[[ 557 1484]] , [[ 557 1488]]
[[ 706 1471]] , [[ 706 1475]]
[[ 706 1471]] , [[ 706 1475]]
[[ 608 1560]] , [[ 608 1569]]
[[ 656 1474]] , [[ 656 1481]]
[[ 680 1548]] , [[ 680 1553]]
[[ 734 1469]] , [[ 734 1473]]
[[ 656 1474]] , [[ 656 1481]]
[[  68 1230]] , [[  68 1231]]
[[  44 1038]] , [[  44 1043]]
[[  60 1084]] , [[  60 1085]]
[[ 650 1372]] , [[ 650 1377]]
[[ 720 1370]] , [[ 720 1375]]
[[ 656 1474]] , [[ 656 1481]]
[[ 656 1474]] , [[ 656 1481]]
[[ 720 1370]] , [[ 720 1375]]
[[ 556 1368]] , [[ 556 1372]]
[[ 543 1474]] , [[ 542 1475]]
[[ 654 1408]] , [[ 654 1415]]
[[ 522 1550]] , [[ 522 1555]]
[[ 554 1474]] , [[ 554 1479]]
[[ 784 1468]] , [[ 784 1473]]
[[  80 1218]] , [[  80 1223]]
[[  71 1150]] , [[  71 1169]]
[[  66 1200]] , [[  66 1231]]
[[  65 1234]] , [[  65 1241]]
[[  66 1210]] , [[  66 1233]]
[[  71 1174]] , [[  71 1187]]
[[  66 1212]] , [[  66 1217]]
[[   0 1000]] , [[   0 1051]]
[[   9 1090]] , [[  10 1089]]
[[  86 1235]] , [[  86 1239]]
[[  77 1212]] , [[  77 1215]]
[[ 162 1357]] , [[ 162 1361]]
[[ 544 1472]] , [[ 543 1473]]
[[ 732 1428]] , [[ 732 1429]]
[[ 727 1470]] , [[ 726 1471]]
[[  72 1260]] , [[  72 1271]]
[[  66 1228]] , [[  66 1233]]
[[ 400 1422]] , [[ 400 1431]]
[[ 646 1370]] , [[ 646 1375]]
[[ 625 1478]] , [[ 625 1482]]
[[  66 1206]] , [[  66 1213]]
[[ 525 1473]] , [[ 525 1477]]
[[ 704 1558]] , [[ 704 1561]]
[[ 594 1560]] , [[ 594 1567]]
[[ 594 1560]] , [[ 594 1567]]
[[ 312 1579]] , [[ 312 1583]]
[[ 468 1575]] , [[ 468 1581]]
[[ 468 1575]] , [[ 468 1581]]
[[ 562 1572]] , [[ 562 1577]]
[[ 556 1482]] , [[ 556 1487]]
[[ 334 1369]] , [[ 334 1373]]
[[ 670 1408]] , [[ 670 1413]]
[[ 646 1370]] , [[ 646 1375]]
[[ 746 1370]] , [[ 746 1375]]
[[ 672 1340]] , [[ 672 1344]]
[[ 446 1484]] , [[ 446 1488]]
[[ 646 1370]] , [[ 646 1375]]
[[ 334 1369]] , [[ 334 1373]]
[[ 536 1368]] , [[ 536 1372]]
[[ 638 1474]] , [[ 638 1475]]
[[ 862 1564]] , [[ 862 1567]]
[[ 860 1566]] , [[ 860 1571]]
[[ 288 1344]] , [[ 288 1349]]
[[ 640 1474]] , [[ 640 1477]]
[[ 640 1474]] , [[ 640 1483]]
[[ 464 1484]] , [[ 464 1489]]
[[ 744 1570]] , [[ 744 1574]]
[[ 742 1570]] , [[ 742 1574]]
[[ 667 1565]] , [[ 666 1566]]
[[ 834 1562]] , [[ 834 1563]]
[[ 238 1579]] , [[ 238 1583]]
[[ 748 1568]] , [[ 748 1569]]
[[ 844 1562]] , [[ 844 1567]]
[[ 702 1566]] , [[ 702 1571]]
[[ 662 1550]] , [[ 662 1555]]
[[ 641 1539]] , [[ 641 1543]]
[[ 442 1482]] , [[ 442 1489]]
[[ 577 1550]] , [[ 577 1552]]
[[ 728 1558]] , [[ 728 1567]]
[[ 658 1565]] , [[ 658 1569]]
[[ 554 1568]] , [[ 554 1577]]
[[ 776 1568]] , [[ 776 1573]]
[[ 513 1756]] , [[ 513 1760]]
[[ 652 1540]] , [[ 652 1545]]
[[ 726 1566]] , [[ 726 1571]]
[[ 662 1565]] , [[ 662 1569]]
[[ 681 1556]] , [[ 681 1561]]
[[ 507 1566]] , [[ 507 1575]]
[[ 654 1488]] , [[ 654 1497]]
[[ 508 1566]] , [[ 508 1570]]
[[ 657 1566]] , [[ 657 1571]]
[[ 912 1578]] , [[ 912 1582]]
[[ 494 1571]] , [[ 494 1575]]
[[ 920 1594]] , [[ 920 1598]]
[[ 768 1482]] , [[ 768 1487]]
[[ 548 1560]] , [[ 548 1567]]
[[ 548 1560]] , [[ 548 1565]]
[[ 728 1780]] , [[ 728 1784]]
[[ 548 1550]] , [[ 548 1557]]
[[ 184 1581]] , [[ 184 1585]]
[[ 892 1568]] , [[ 892 1573]]
[[ 752 1744]] , [[ 752 1749]]
[[ 574 1550]] , [[ 574 1557]]
[[ 524 1575]] , [[ 524 1579]]
[[ 594 1544]] , [[ 594 1549]]
[[ 609 1786]] , [[ 608 1787]]
[[ 531 1571]] , [[ 531 1572]]
[[ 748 1570]] , [[ 748 1575]]
[[ 706 1552]] , [[ 706 1557]]
[[ 620 1568]] , [[ 620 1573]]
[[ 846 1566]] , [[ 846 1571]]
[[ 620 1568]] , [[ 620 1573]]
[[ 652 1482]] , [[ 652 1486]]
[[ 514 1482]] , [[ 514 1487]]
[[ 857 1568]] , [[ 857 1572]]
[[ 504 1575]] , [[ 503 1576]]
[[ 562 1572]] , [[ 562 1576]]
[[ 506 1575]] , [[ 506 1580]]
[[ 489 1571]] , [[ 489 1575]]
[[ 489 1571]] , [[ 489 1575]]
[[ 684 1550]] , [[ 684 1559]]
[[ 698 1558]] , [[ 698 1559]]
[[ 458 1484]] , [[ 458 1488]]
[[ 698 1558]] , [[ 698 1559]]
[[ 682 1560]] , [[ 682 1564]]
[[ 618 1568]] , [[ 618 1573]]
[[ 682 1560]] , [[ 682 1564]]
[[ 734 1469]] , [[ 734 1473]]
[[ 406 1102]] , [[ 406 1107]]
[[770 730]] , [[770 731]]
[[890 654]] , [[890 655]]
[[ 688 1368]] , [[ 688 1373]]
[[ 685 1376]] , [[ 685 1381]]
[[ 682 1560]] , [[ 682 1565]]
[[ 683 1376]] , [[ 683 1380]]
[[ 508 1576]] , [[ 508 1581]]
[[ 890 1568]] , [[ 890 1573]]
[[ 556 1551]] , [[ 556 1555]]
[[ 720 1472]] , [[ 720 1477]]
[[ 550 1568]] , [[ 550 1575]]
[[ 727 1470]] , [[ 725 1472]]
[[ 727 1470]] , [[ 725 1472]]
[[ 727 1470]] , [[ 725 1472]]
[[ 554 1553]] , [[ 554 1559]]
[[339 976]] , [[337 978]]
[[ 308 1370]] , [[ 308 1374]]
[[ 720 1368]] , [[ 720 1373]]
[[ 624 1306]] , [[ 624 1311]]
[[848 632]] , [[848 636]]
[[ 748 1468]] , [[ 748 1473]]
[[ 734 1468]] , [[ 734 1473]]
[[ 748 1468]] , [[ 748 1473]]
[[ 674 1544]] , [[ 674 1551]]
[[ 518 1476]] , [[ 518 1481]]
[[ 618 1550]] , [[ 618 1555]]
[[ 732 1468]] , [[ 731 1469]]
[[ 518 1476]] , [[ 518 1481]]
[[ 545 1553]] , [[ 545 1557]]
[[ 618 1550]] , [[ 618 1561]]
[[ 796 1342]] , [[ 796 1346]]
[[832 830]] , [[832 831]]
[[ 744 1468]] , [[ 744 1473]]
[[ 638 1335]] , [[ 638 1339]]
[[ 622 1474]] , [[ 622 1479]]
[[ 742 1427]] , [[ 742 1431]]
[[ 624 1552]] , [[ 624 1560]]
[[ 546 1546]] , [[ 546 1555]]
[[ 744 1468]] , [[ 744 1473]]
[[ 546 1548]] , [[ 546 1555]]
[[ 733 1468]] , [[ 732 1469]]
[[ 720 1476]] , [[ 720 1481]]
[[ 490 1333]] , [[ 490 1337]]
[[ 256 1336]] , [[ 256 1343]]
[[ 746 1470]] , [[ 746 1475]]
[[ 733 1468]] , [[ 732 1469]]
[[ 716 1473]] , [[ 716 1477]]
[[ 520 1476]] , [[ 520 1481]]
[[ 740 1470]] , [[ 740 1475]]
[[ 696 1430]] , [[ 696 1434]]
[[ 736 1468]] , [[ 736 1469]]
[[ 736 1468]] , [[ 735 1469]]
[[228 566]] , [[226 568]]
[[ 672 1339]] , [[ 672 1343]]
[[  70 1252]] , [[  70 1258]]
[[ 740 1427]] , [[ 740 1431]]
[[ 735 1468]] , [[ 734 1469]]
[[ 740 1427]] , [[ 740 1431]]
[[ 748 1468]] , [[ 748 1473]]
[[ 375 1100]] , [[ 375 1101]]
[[ 788 1310]] , [[ 788 1311]]
[[ 788 1312]] , [[ 788 1313]]
[[ 404 1312]] , [[ 404 1329]]
[[ 788 1312]] , [[ 788 1313]]
[[ 408 1328]] , [[ 408 1343]]
[[ 568 1338]] , [[ 568 1357]]
[[ 568 1338]] , [[ 568 1355]]
[[ 568 1338]] , [[ 568 1355]]
[[ 570 1336]] , [[ 569 1337]]
[[ 410 1302]] , [[ 410 1307]]
[[ 606 1296]] , [[ 606 1297]]
[[ 411 1251]] , [[ 411 1261]]
[[ 321 1182]] , [[ 322 1181]]
[[ 190 1046]] , [[ 190 1055]]
[[ 225 1010]] , [[ 226 1009]]
[[618 888]] , [[618 891]]
[[413 994]] , [[414 993]]
[[178 858]] , [[178 859]]
[[176 848]] , [[176 863]]
[[618 888]] , [[618 891]]
[[176 848]] , [[176 863]]
[[176 846]] , [[176 857]]
[[574 840]] , [[574 841]]
[[530 840]] , [[530 841]]
[[530 840]] , [[530 841]]
[[530 840]] , [[530 841]]
[[530 840]] , [[530 841]]
[[588 838]] , [[588 839]]
[[588 838]] , [[588 839]]
[[176 848]] , [[176 857]]
[[176 848]] , [[176 857]]
[[178 860]] , [[178 861]]
[[618 888]] , [[618 893]]
[[182 852]] , [[182 857]]
[[182 854]] , [[182 859]]
[[618 890]] , [[618 893]]
[[622 888]] , [[621 889]]
[[618 888]] , [[618 889]]
[[622 887]] , [[621 888]]
[[413 996]] , [[414 995]]
[[620 888]] , [[620 889]]
[[180 864]] , [[180 871]]
[[806 880]] , [[806 881]]
[[620 891]] , [[619 892]]
[[174 866]] , [[174 871]]
[[174 866]] , [[174 871]]
[[620 890]] , [[620 891]]
[[806 880]] , [[806 884]]
[[806 880]] , [[806 884]]
[[178 866]] , [[178 869]]
[[394 894]] , [[394 895]]
[[394 894]] , [[394 895]]
[[620 890]] , [[620 891]]
[[392 896]] , [[392 897]]
[[178 862]] , [[178 865]]
[[618 889]] , [[618 891]]
[[176 866]] , [[176 875]]
[[540 848]] , [[540 853]]
[[396 855]] , [[396 859]]
[[174 862]] , [[174 867]]
[[180 858]] , [[180 861]]
[[174 864]] , [[174 867]]
[[174 874]] , [[174 875]]
[[614 888]] , [[614 889]]
[[614 888]] , [[614 889]]
[[390 915]] , [[390 927]]
[[168 862]] , [[168 867]]
[[166 862]] , [[166 891]]
[[166 862]] , [[166 867]]
[[610 888]] , [[610 889]]
[[162 862]] , [[162 867]]
[[396 958]] , [[396 965]]
[[394 968]] , [[393 969]]
[[385 923]] , [[385 930]]
[[392 968]] , [[391 969]]
[[234 998]] , [[ 234 1001]]
[[238 997]] , [[237 998]]
[[234 997]] , [[ 234 1001]]
[[238 997]] , [[237 998]]
[[ 197 1004]] , [[ 197 1007]]
[[240 998]] , [[240 999]]
[[ 174 1016]] , [[ 174 1017]]
[[ 170 1008]] , [[ 170 1013]]
[[432 994]] , [[431 995]]
[[220 998]] , [[220 999]]
[[562 842]] , [[562 845]]
[[144 862]] , [[144 880]]
[[369 856]] , [[369 860]]
[[150 862]] , [[150 863]]
[[406 996]] , [[405 997]]
[[364 856]] , [[364 860]]
[[138 860]] , [[138 883]]
[[586 890]] , [[586 891]]
[[ 161 1052]] , [[ 162 1051]]
[[586 850]] , [[586 855]]
[[582 891]] , [[581 892]]
[[352 966]] , [[352 977]]
[[578 892]] , [[578 895]]
[[578 893]] , [[577 894]]
[[ 577 1080]] , [[ 577 1081]]
[[574 890]] , [[574 895]]
[[442 996]] , [[440 998]]
[[ 769 1070]] , [[ 769 1078]]
[[ 767 1074]] , [[ 767 1080]]
[[328 894]] , [[328 922]]
[[ 349 1074]] , [[ 348 1075]]
[[332 894]] , [[331 895]]
[[404 996]] , [[403 997]]
[[322 893]] , [[322 912]]
[[320 892]] , [[320 910]]
[[318 892]] , [[318 910]]
[[316 892]] , [[316 911]]
[[418 996]] , [[417 997]]
[[418 996]] , [[418 997]]
[[398 996]] , [[398 997]]
[[558 856]] , [[558 861]]
[[757 908]] , [[757 915]]
[[756 956]] , [[756 965]]
[[310 894]] , [[309 895]]
[[534 854]] , [[534 859]]
[[308 892]] , [[308 894]]
[[434 996]] , [[434 997]]
[[738 953]] , [[738 960]]
[[734 910]] , [[734 947]]
[[315 894]] , [[314 895]]
[[302 894]] , [[302 916]]
[[317 893]] , [[317 894]]
[[734 926]] , [[734 945]]
[[734 924]] , [[734 943]]
[[734 912]] , [[734 919]]
[[317 893]] , [[316 894]]
[[553 891]] , [[552 892]]
[[524 850]] , [[524 851]]
[[533 854]] , [[532 855]]
[[553 890]] , [[553 891]]
[[312 894]] , [[311 895]]
[[555 890]] , [[554 891]]
[[313 894]] , [[312 895]]
[[313 894]] , [[313 895]]
[[536 856]] , [[536 860]]
[[538 854]] , [[538 861]]
[[540 856]] , [[540 861]]
[[667 854]] , [[668 853]]
[[559 928]] , [[560 927]]
[[561 928]] , [[562 927]]
[[759 880]] , [[759 923]]
[[759 878]] , [[759 887]]
[[318 894]] , [[318 895]]
[[554 890]] , [[554 907]]
[[767 894]] , [[767 907]]
[[478 997]] , [[477 998]]
[[758 954]] , [[758 959]]
[[326 894]] , [[326 919]]
[[758 954]] , [[758 961]]
[[ 767 1005]] , [[ 767 1009]]
[[ 139 1020]] , [[ 140 1019]]
[[ 143 1020]] , [[ 144 1019]]
[[568 888]] , [[568 907]]
[[448 848]] , [[448 857]]
[[126 860]] , [[126 895]]
[[342 856]] , [[342 861]]
[[ 775 1049]] , [[ 775 1056]]
[[340 893]] , [[340 925]]
[[340 894]] , [[340 921]]
[[574 890]] , [[574 901]]
[[584 858]] , [[584 862]]
[[446 994]] , [[445 995]]
[[340 894]] , [[340 895]]
[[340 893]] , [[340 897]]
[[574 889]] , [[573 890]]
[[340 893]] , [[340 897]]
[[449 994]] , [[447 996]]
[[340 892]] , [[340 923]]
[[ 570 1078]] , [[ 570 1081]]
[[446 996]] , [[445 997]]
[[582 890]] , [[582 891]]
[[354 920]] , [[354 926]]
[[364 980]] , [[364 998]]
[[ 339 1006]] , [[ 340 1005]]
[[148 862]] , [[148 883]]
[[522 844]] , [[522 845]]
[[374 854]] , [[374 861]]
[[600 890]] , [[600 899]]
[[399 996]] , [[399 997]]
[[393 936]] , [[393 945]]
[[164 870]] , [[164 883]]
[[179 930]] , [[180 929]]
[[612 890]] , [[612 893]]
[[395 894]] , [[395 895]]
[[234 998]] , [[234 999]]
[[234 998]] , [[234 999]]
[[ 192 1014]] , [[ 192 1019]]
[[400 894]] , [[399 895]]
[[620 890]] , [[620 895]]
[[620 890]] , [[620 897]]
[[182 894]] , [[182 899]]
[[624 890]] , [[624 893]]
[[406 895]] , [[405 896]]
[[392 895]] , [[392 931]]
[[392 895]] , [[392 927]]
[[392 896]] , [[392 911]]
[[190 908]] , [[190 917]]
[[190 908]] , [[190 913]]
[[628 892]] , [[628 893]]
[[202 936]] , [[202 943]]
[[628 892]] , [[628 909]]
[[198 928]] , [[198 935]]
[[204 942]] , [[204 947]]
[[201 952]] , [[201 958]]
[[299 998]] , [[298 999]]
[[299 998]] , [[298 999]]
[[299 998]] , [[298 999]]
[[ 426 1075]] , [[ 425 1076]]
[[292 998]] , [[291 999]]
[[208 932]] , [[208 933]]
[[208 932]] , [[208 949]]
[[ 216 1044]] , [[ 216 1051]]
[[ 218 1042]] , [[ 218 1043]]
[[214 958]] , [[214 963]]
[[420 895]] , [[419 896]]
[[216 958]] , [[216 963]]
[[216 942]] , [[216 949]]
[[214 926]] , [[214 937]]
[[214 900]] , [[214 901]]
[[214 926]] , [[214 931]]
[[435 894]] , [[433 896]]
[[226 936]] , [[226 941]]
[[218 898]] , [[218 899]]
[[654 892]] , [[654 893]]
[[222 900]] , [[222 905]]
[[654 892]] , [[654 893]]
[[428 894]] , [[427 895]]
[[656 892]] , [[656 895]]
[[656 892]] , [[656 901]]
[[424 895]] , [[424 921]]
[[660 892]] , [[660 893]]
[[660 892]] , [[660 895]]
[[226 934]] , [[226 945]]
[[224 910]] , [[224 921]]
[[662 892]] , [[662 895]]
[[226 912]] , [[226 921]]
[[232 922]] , [[232 925]]
[[227 912]] , [[227 917]]
[[430 894]] , [[430 911]]
[[232 896]] , [[232 901]]
[[234 896]] , [[234 901]]
[[666 891]] , [[666 899]]
[[232 908]] , [[232 911]]
[[232 908]] , [[232 909]]
[[245 964]] , [[246 963]]
[[228 862]] , [[228 864]]
[[235 906]] , [[236 905]]
[[666 892]] , [[666 907]]
[[666 892]] , [[666 907]]
[[226 862]] , [[226 869]]
[[666 894]] , [[666 905]]
[[666 894]] , [[666 905]]
[[666 894]] , [[666 905]]
[[666 894]] , [[666 905]]
[[666 894]] , [[666 905]]
[[226 862]] , [[226 871]]
[[666 893]] , [[666 897]]
[[226 862]] , [[226 871]]
[[226 862]] , [[226 869]]
[[226 862]] , [[226 869]]
[[226 862]] , [[226 867]]
[[226 862]] , [[226 869]]
[[226 862]] , [[226 869]]
[[226 862]] , [[226 869]]
[[226 862]] , [[226 869]]
[[245 964]] , [[246 963]]
[[432 896]] , [[432 909]]
[[447 897]] , [[446 898]]
[[666 894]] , [[666 897]]
[[666 894]] , [[666 895]]
[[241 948]] , [[242 947]]
[[445 899]] , [[444 900]]
[[234 902]] , [[234 903]]
[[ 239 1040]] , [[ 240 1039]]
[[232 904]] , [[232 905]]
[[ 237 1022]] , [[ 238 1021]]
[[ 237 1024]] , [[ 238 1023]]
[[226 906]] , [[226 911]]
[[658 891]] , [[658 899]]
[[420 898]] , [[420 925]]
[[418 898]] , [[417 899]]
[[208 912]] , [[208 929]]
[[641 892]] , [[641 893]]
[[406 892]] , [[406 920]]
[[636 886]] , [[636 905]]
[[424 846]] , [[424 851]]
[[208 894]] , [[208 901]]
[[213 948]] , [[214 947]]
[[206 892]] , [[206 895]]
[[634 876]] , [[634 895]]
[[198 901]] , [[198 905]]
[[409 882]] , [[408 883]]
[[196 942]] , [[196 973]]
[[403 885]] , [[402 886]]
[[614 852]] , [[614 856]]
[[616 882]] , [[616 889]]
[[612 882]] , [[612 889]]
[[608 882]] , [[608 887]]
[[376 888]] , [[376 889]]
[[598 882]] , [[598 887]]
[[377 910]] , [[377 927]]
[[385 990]] , [[385 994]]
[[584 882]] , [[584 883]]
[[588 850]] , [[588 854]]
[[ 147 1010]] , [[ 148 1009]]
[[570 882]] , [[570 889]]
[[322 848]] , [[322 853]]
[[571 934]] , [[572 933]]
[[556 882]] , [[556 887]]
[[552 882]] , [[552 897]]
[[550 882]] , [[550 883]]
[[559 936]] , [[560 935]]
[[557 883]] , [[556 884]]
[[308 887]] , [[308 937]]
[[442 846]] , [[442 851]]
[[486 838]] , [[486 839]]
[[442 846]] , [[442 851]]
[[480 838]] , [[480 839]]
[[562 840]] , [[562 841]]
[[296 872]] , [[296 877]]
[[428 840]] , [[428 845]]
[[428 840]] , [[428 845]]
[[552 842]] , [[552 843]]
[[550 842]] , [[550 843]]
[[412 846]] , [[412 851]]
[[710 876]] , [[710 881]]
[[710 843]] , [[710 845]]
[[420 838]] , [[420 839]]
[[277 871]] , [[277 880]]
[[710 870]] , [[710 874]]
[[484 848]] , [[484 853]]
[[526 842]] , [[526 843]]
[[480 844]] , [[480 845]]
[[500 848]] , [[500 849]]
[[480 846]] , [[480 847]]
[[670 840]] , [[670 841]]
[[246 856]] , [[246 861]]
[[242 856]] , [[242 861]]
[[483 852]] , [[483 856]]
[[236 852]] , [[236 853]]
[[452 852]] , [[452 857]]
[[475 855]] , [[475 859]]
[[470 854]] , [[470 858]]
[[466 854]] , [[466 858]]
[[648 842]] , [[648 843]]
[[494 842]] , [[494 843]]
[[648 842]] , [[648 843]]
[[646 842]] , [[646 843]]
[[646 842]] , [[646 843]]
[[612 844]] , [[612 849]]
[[ 245 1030]] , [[ 246 1029]]
[[652 888]] , [[652 889]]
[[452 854]] , [[452 860]]
[[471 889]] , [[470 890]]
[[471 889]] , [[470 890]]
[[228 883]] , [[228 887]]
[[448 852]] , [[448 857]]
[[462 854]] , [[462 858]]
[[646 840]] , [[646 841]]
[[448 848]] , [[448 851]]
[[225 898]] , [[226 897]]
[[222 878]] , [[222 883]]
[[444 854]] , [[444 859]]
[[214 862]] , [[214 867]]
[[214 862]] , [[214 867]]
[[221 880]] , [[221 885]]
[[221 880]] , [[221 885]]
[[450 890]] , [[450 911]]
[[214 848]] , [[214 853]]
[[450 852]] , [[450 853]]
[[227 898]] , [[228 897]]
[[225 876]] , [[224 877]]
[[450 848]] , [[450 849]]
[[226 844]] , [[226 845]]
[[232 884]] , [[232 885]]
[[235 884]] , [[234 885]]
[[448 850]] , [[448 855]]
[[234 888]] , [[234 892]]
[[460 856]] , [[460 859]]
[[242 896]] , [[241 897]]
[[483 954]] , [[484 953]]
[[486 872]] , [[486 873]]
[[247 889]] , [[246 890]]
[[476 906]] , [[476 927]]
[[214 858]] , [[214 863]]
[[580 854]] , [[580 861]]
[[516 852]] , [[516 857]]
[[250 852]] , [[250 855]]
[[246 850]] , [[246 853]]
[[258 876]] , [[259 875]]
[[584 848]] , [[584 853]]
[[226 848]] , [[226 853]]
[[470 854]] , [[470 859]]
[[460 848]] , [[460 853]]
[[494 854]] , [[494 855]]
[[414 854]] , [[414 859]]
[[406 854]] , [[406 859]]
[[422 854]] , [[422 859]]
[[246 854]] , [[246 859]]
[[725 888]] , [[723 890]]
[[729 886]] , [[729 887]]
[[564 844]] , [[564 845]]
[[404 854]] , [[404 859]]
[[488 844]] , [[488 845]]
[[522 848]] , [[522 855]]
[[724 844]] , [[723 845]]
[[304 854]] , [[304 857]]
[[444 854]] , [[444 859]]
[[110 856]] , [[110 857]]
[[116 856]] , [[116 857]]
[[ 143 1026]] , [[ 144 1025]]
[[764 904]] , [[764 911]]
[[462 999]] , [[ 461 1000]]
[[764 917]] , [[764 945]]
[[568 892]] , [[568 901]]
[[578 856]] , [[578 863]]
[[574 892]] , [[574 895]]
[[576 892]] , [[576 907]]
[[ 576 1081]] , [[ 575 1082]]
[[352 901]] , [[351 902]]
[[597 860]] , [[597 864]]
[[600 859]] , [[599 860]]
[[588 891]] , [[588 893]]
[[486 998]] , [[485 999]]
[[622 844]] , [[622 847]]
[[596 892]] , [[596 895]]
[[592 860]] , [[591 861]]
[[613 938]] , [[614 937]]
[[536 844]] , [[536 845]]
[[619 916]] , [[620 915]]
[[172 858]] , [[172 859]]
[[318 592]] , [[318 595]]
[[176 858]] , [[176 859]]
[[614 896]] , [[614 897]]
[[400 946]] , [[401 945]]
[[526 856]] , [[526 861]]
[[397 934]] , [[398 933]]
[[407 916]] , [[408 915]]
[[397 919]] , [[398 918]]
[[622 893]] , [[621 894]]
[[397 926]] , [[398 925]]
[[188 946]] , [[188 959]]
[[390 899]] , [[390 919]]
[[189 940]] , [[189 945]]
[[258 999]] , [[ 258 1005]]
[[191 942]] , [[191 950]]
[[624 894]] , [[624 899]]
[[188 908]] , [[188 915]]
[[399 907]] , [[400 906]]
[[399 905]] , [[400 904]]
[[190 888]] , [[190 895]]
[[399 905]] , [[400 904]]
[[399 905]] , [[400 904]]
[[399 907]] , [[400 906]]
[[399 907]] , [[400 906]]
[[402 900]] , [[402 901]]
[[626 892]] , [[626 893]]
[[425 998]] , [[426 997]]
[[399 904]] , [[400 903]]
[[190 892]] , [[190 893]]
[[190 892]] , [[190 893]]
[[190 892]] , [[190 893]]
[[ 423 1000]] , [[424 999]]
[[ 423 1002]] , [[ 424 1001]]
[[ 423 1002]] , [[ 424 1001]]
[[626 890]] , [[626 893]]
[[626 890]] , [[626 891]]
[[626 890]] , [[626 893]]
[[626 890]] , [[626 893]]
[[392 895]] , [[392 909]]
[[190 904]] , [[190 913]]
[[394 895]] , [[393 896]]
[[394 895]] , [[394 923]]
[[394 895]] , [[394 917]]
[[394 896]] , [[394 907]]
[[198 928]] , [[198 937]]
[[198 930]] , [[198 937]]
[[409 900]] , [[409 901]]
[[ 270 1004]] , [[ 270 1005]]
[[413 978]] , [[414 977]]
[[407 900]] , [[405 902]]
[[405 896]] , [[405 897]]
[[626 889]] , [[626 891]]
[[626 887]] , [[625 888]]
[[192 896]] , [[192 901]]
[[186 928]] , [[186 935]]
[[186 974]] , [[186 985]]
[[397 899]] , [[396 900]]
[[402 916]] , [[402 921]]
[[176 944]] , [[176 959]]
[[ 182 1024]] , [[ 182 1027]]
[[170 958]] , [[170 963]]
[[ 240 1001]] , [[ 239 1002]]
[[ 392 1038]] , [[ 392 1043]]
[[ 161 1038]] , [[ 161 1042]]
[[ 152 1128]] , [[ 152 1135]]
[[ 154 1068]] , [[ 154 1069]]
[[ 355 1078]] , [[ 355 1079]]
[[ 136 1006]] , [[ 136 1011]]
[[324 896]] , [[324 945]]
[[ 544 1080]] , [[ 544 1083]]
[[ 333 1080]] , [[ 332 1081]]
[[ 396 1183]] , [[ 395 1184]]
[[ 726 1070]] , [[ 725 1071]]
[[ 308 1082]] , [[ 308 1083]]
[[ 305 1080]] , [[ 303 1082]]
[[ 296 1080]] , [[ 296 1085]]
[[  85 1016]] , [[  86 1015]]
[[496 916]] , [[496 919]]
[[264 896]] , [[264 901]]
[[697 877]] , [[696 878]]
[[ 88 996]] , [[ 88 997]]
[[692 880]] , [[690 882]]
[[256 884]] , [[255 885]]
[[496 886]] , [[496 887]]
[[ 480 1070]] , [[ 480 1073]]
[[497 916]] , [[498 915]]
[[687 880]] , [[685 882]]
[[480 884]] , [[480 903]]
[[ 88 996]] , [[ 87 997]]
[[491 932]] , [[492 931]]
[[491 932]] , [[492 931]]
[[687 882]] , [[686 883]]
[[251 878]] , [[251 882]]
[[112 996]] , [[111 997]]
[[491 886]] , [[490 887]]
[[685 884]] , [[684 885]]
[[479 886]] , [[479 889]]
[[684 884]] , [[683 885]]
[[493 932]] , [[494 931]]
[[495 934]] , [[496 933]]
[[689 880]] , [[689 881]]
[[487 884]] , [[487 887]]
[[261 875]] , [[261 878]]
[[492 884]] , [[492 889]]
[[705 878]] , [[705 879]]
[[502 886]] , [[502 891]]
[[  85 1014]] , [[  86 1013]]
[[286 890]] , [[286 893]]
[[124 996]] , [[123 997]]
[[294 890]] , [[294 897]]
[[724 879]] , [[724 883]]
[[444 988]] , [[444 989]]
[[308 888]] , [[308 894]]
[[561 891]] , [[560 892]]
[[565 885]] , [[564 886]]
[[ 344 1070]] , [[ 344 1100]]
[[ 567 1070]] , [[ 565 1072]]
[[568 884]] , [[568 885]]
[[ 300 1162]] , [[ 300 1163]]
[[ 753 1006]] , [[ 753 1011]]
[[464 990]] , [[463 991]]
[[ 175 1150]] , [[ 176 1149]]
[[600 888]] , [[600 895]]
[[162 876]] , [[162 895]]
[[396 932]] , [[396 939]]
[[400 958]] , [[400 959]]
[[ 189 1042]] , [[ 189 1047]]
[[406 910]] , [[406 915]]
[[403 895]] , [[403 897]]
[[ 240 1000]] , [[ 240 1003]]
[[403 909]] , [[404 908]]
[[630 884]] , [[630 889]]
[[512 838]] , [[512 843]]
[[626 848]] , [[626 853]]
[[576 836]] , [[576 837]]
[[642 850]] , [[642 851]]
[[578 840]] , [[578 841]]
[[496 846]] , [[496 851]]
[[546 844]] , [[546 849]]
[[630 834]] , [[630 837]]
[[833 892]] , [[834 891]]
[[526 838]] , [[526 839]]
[[ 299 1180]] , [[ 300 1179]]
[[ 486 1174]] , [[ 486 1175]]
[[ 438 1258]] , [[ 438 1263]]
[[ 590 1335]] , [[ 590 1339]]
[[ 639 1344]] , [[ 640 1343]]
[[ 218 1198]] , [[ 218 1203]]
[[ 623 1336]] , [[ 624 1335]]
[[ 734 1188]] , [[ 734 1193]]
[[ 216 1202]] , [[ 216 1213]]
[[ 216 1202]] , [[ 216 1213]]
[[ 218 1198]] , [[ 218 1201]]
[[ 626 1298]] , [[ 626 1299]]
[[ 607 1346]] , [[ 608 1345]]
[[ 624 1300]] , [[ 624 1305]]
