[[481 142]] , [[482 141]]
[[558 738]] , [[558 742]]
[[  12 1036]] , [[  12 1041]]
[[421 736]] , [[421 740]]
[[312 565]] , [[311 566]]
[[ 671 1048]] , [[ 672 1047]]
[[  46 1037]] , [[  46 1041]]
[[854 688]] , [[854 689]]
[[  10 1038]] , [[  10 1045]]
[[  39 1037]] , [[  39 1041]]
[[ 159 1359]] , [[ 159 1363]]
[[  72 1264]] , [[  72 1265]]
[[ 684 1300]] , [[ 684 1305]]
[[   0 1040]] , [[   0 1045]]
[[ 730 1428]] , [[ 730 1435]]
[[ 159 1360]] , [[ 158 1361]]
[[ 740 1469]] , [[ 740 1473]]
[[ 556 1482]] , [[ 556 1486]]
[[ 686 1552]] , [[ 686 1553]]
[[ 159 1360]] , [[ 158 1361]]
[[ 516 1336]] , [[ 515 1337]]
[[ 684 1300]] , [[ 684 1305]]
[[ 706 1471]] , [[ 706 1475]]
[[  30 1038]] , [[  30 1043]]
[[ 716 1430]] , [[ 716 1435]]
[[ 513 1336]] , [[ 512 1337]]
[[ 700 1470]] , [[ 700 1471]]
[[ 750 1468]] , [[ 750 1472]]
[[ 727 1470]] , [[ 726 1471]]
[[ 656 1370]] , [[ 656 1375]]
[[ 736 1468]] , [[ 735 1469]]
[[  68 1248]] , [[  68 1253]]
[[ 732 1430]] , [[ 732 1435]]
[[ 716 1430]] , [[ 716 1435]]
[[ 698 1472]] , [[ 698 1477]]
[[ 736 1468]] , [[ 735 1469]]
[[ 668 1404]] , [[ 668 1409]]
[[ 668 1404]] , [[ 668 1409]]
[[ 632 1370]] , [[ 632 1371]]
[[  66 1250]] , [[  66 1257]]
[[ 730 1469]] , [[ 730 1473]]
[[  76 1260]] , [[  76 1265]]
[[ 668 1406]] , [[ 668 1417]]
[[   8 1039]] , [[   8 1055]]
[[ 656 1368]] , [[ 656 1375]]
[[ 682 1369]] , [[ 682 1373]]
[[ 730 1469]] , [[ 730 1473]]
[[ 656 1368]] , [[ 656 1375]]
[[ 754 1472]] , [[ 754 1477]]
[[  36 1260]] , [[  36 1265]]
[[ 754 1472]] , [[ 754 1477]]
[[ 730 1469]] , [[ 730 1473]]
[[ 480 1548]] , [[ 480 1552]]
[[ 576 1548]] , [[ 576 1553]]
[[ 546 1552]] , [[ 546 1557]]
[[ 672 1422]] , [[ 672 1427]]
[[ 746 1426]] , [[ 746 1431]]
[[ 746 1426]] , [[ 746 1431]]
[[ 650 1378]] , [[ 650 1387]]
[[  70 1260]] , [[  70 1265]]
[[ 656 1368]] , [[ 656 1375]]
[[ 682 1369]] , [[ 682 1373]]
[[ 678 1422]] , [[ 678 1423]]
[[ 676 1310]] , [[ 676 1314]]
[[ 676 1310]] , [[ 676 1314]]
[[ 674 1424]] , [[ 674 1428]]
[[ 738 1430]] , [[ 738 1435]]
[[   0 1042]] , [[   0 1049]]
[[   8 1040]] , [[   8 1047]]
[[   0 1232]] , [[   0 1236]]
[[   2 1225]] , [[   2 1233]]
[[607 994]] , [[608 993]]
[[  84 1260]] , [[  84 1265]]
[[469 924]] , [[470 923]]
[[603 932]] , [[604 931]]
[[252 566]] , [[251 567]]
[[ 641 1328]] , [[ 641 1332]]
[[ 638 1394]] , [[ 638 1399]]
[[ 750 1468]] , [[ 750 1472]]
[[  14 1252]] , [[  14 1257]]
[[ 668 1338]] , [[ 668 1343]]
[[ 738 1430]] , [[ 738 1435]]
[[  20 1316]] , [[  20 1321]]
[[  16 1256]] , [[  16 1261]]
[[  16 1257]] , [[  16 1263]]
[[ 674 1424]] , [[ 674 1430]]
[[ 730 1469]] , [[ 730 1473]]
[[  12 1258]] , [[  12 1262]]
[[ 736 1469]] , [[ 735 1470]]
[[ 736 1469]] , [[ 735 1470]]
[[  20 1266]] , [[  20 1271]]
[[  20 1264]] , [[  20 1271]]
[[ 605 1008]] , [[ 606 1007]]
[[   2 1036]] , [[   2 1037]]
[[481 921]] , [[482 920]]
[[248 566]] , [[247 567]]
[[ 515 1480]] , [[ 514 1481]]
[[ 696 1424]] , [[ 696 1429]]
[[ 696 1472]] , [[ 696 1477]]
[[ 696 1424]] , [[ 696 1429]]
[[ 730 1469]] , [[ 729 1470]]
[[254 564]] , [[254 565]]
[[ 730 1469]] , [[ 729 1470]]
[[   1 1036]] , [[   1 1044]]
[[250 566]] , [[249 567]]
[[483 921]] , [[484 920]]
[[250 566]] , [[249 567]]
[[250 566]] , [[248 568]]
[[ 706 1372]] , [[ 706 1377]]
[[250 566]] , [[250 567]]
[[  16 1250]] , [[  16 1255]]
[[   5 1228]] , [[   5 1236]]
[[   0 1045]] , [[   0 1053]]
[[383 984]] , [[384 983]]
[[ 370 1086]] , [[ 370 1087]]
[[256 566]] , [[255 567]]
[[ 370 1086]] , [[ 370 1087]]
[[401 962]] , [[402 961]]
[[619 999]] , [[ 620 1000]]
[[615 930]] , [[616 929]]
[[264 566]] , [[263 567]]
[[   9 1148]] , [[   9 1149]]
[[ 240 1368]] , [[ 240 1372]]
[[  28 1310]] , [[  28 1315]]
[[ 660 1370]] , [[ 660 1374]]
[[830 763]] , [[830 791]]
[[ 526 1476]] , [[ 526 1477]]
[[ 670 1422]] , [[ 670 1426]]
[[ 748 1468]] , [[ 748 1472]]
[[ 525 1477]] , [[ 525 1481]]
[[ 700 1542]] , [[ 700 1551]]
[[ 530 1476]] , [[ 530 1481]]
[[ 529 1476]] , [[ 528 1477]]
[[ 529 1476]] , [[ 528 1477]]
[[ 704 1550]] , [[ 704 1553]]
[[ 572 1550]] , [[ 572 1555]]
[[ 726 1432]] , [[ 726 1436]]
[[ 662 1371]] , [[ 661 1372]]
[[ 670 1418]] , [[ 670 1425]]
[[ 670 1420]] , [[ 670 1425]]
[[ 704 1550]] , [[ 704 1551]]
[[ 700 1328]] , [[ 700 1332]]
[[ 218 1296]] , [[ 218 1300]]
[[  82 1273]] , [[  82 1278]]
[[  48 1088]] , [[  48 1095]]
[[  75 1278]] , [[  73 1280]]
[[  10 1029]] , [[  10 1036]]
[[  68 1238]] , [[  68 1239]]
[[   4 1038]] , [[   3 1039]]
[[  17 1098]] , [[  18 1097]]
[[ 686 1328]] , [[ 686 1332]]
[[ 670 1418]] , [[ 670 1423]]
[[ 524 1476]] , [[ 524 1481]]
[[  66 1172]] , [[  66 1201]]
[[  66 1176]] , [[  66 1187]]
[[  64 1038]] , [[  64 1042]]
[[  70 1112]] , [[  70 1121]]
[[  66 1198]] , [[  66 1199]]
[[ 704 1566]] , [[ 704 1570]]
[[ 684 1326]] , [[ 684 1333]]
[[ 574 1568]] , [[ 574 1573]]
[[ 574 1568]] , [[ 574 1573]]
[[ 738 1568]] , [[ 738 1573]]
[[ 738 1568]] , [[ 738 1573]]
[[ 760 1564]] , [[ 760 1573]]
[[ 572 1566]] , [[ 572 1573]]
[[ 714 1564]] , [[ 714 1569]]
[[ 714 1564]] , [[ 714 1569]]
[[ 650 1556]] , [[ 650 1561]]
[[ 554 1572]] , [[ 554 1577]]
[[ 746 1568]] , [[ 746 1574]]
[[ 766 1562]] , [[ 766 1567]]
[[ 618 1545]] , [[ 618 1546]]
[[ 618 1545]] , [[ 618 1546]]
[[ 718 1554]] , [[ 718 1559]]
[[ 508 1477]] , [[ 508 1487]]
[[ 508 1477]] , [[ 508 1487]]
[[ 720 1476]] , [[ 720 1481]]
[[ 834 1566]] , [[ 834 1571]]
[[ 834 1566]] , [[ 834 1571]]
[[ 732 1568]] , [[ 732 1569]]
[[ 750 1570]] , [[ 750 1575]]
[[ 542 1568]] , [[ 542 1574]]
[[ 720 1562]] , [[ 720 1563]]
[[ 604 1559]] , [[ 604 1567]]
[[ 544 1566]] , [[ 544 1575]]
[[ 718 1564]] , [[ 718 1569]]
[[ 548 1568]] , [[ 548 1573]]
[[ 736 1568]] , [[ 736 1572]]
[[ 552 1572]] , [[ 552 1577]]
[[ 552 1572]] , [[ 552 1577]]
[[ 552 1572]] , [[ 552 1577]]
[[ 552 1572]] , [[ 552 1577]]
[[ 808 1564]] , [[ 808 1568]]
[[ 512 1566]] , [[ 512 1571]]
[[ 512 1566]] , [[ 512 1571]]
[[ 530 1574]] , [[ 529 1575]]
[[ 829 1564]] , [[ 829 1568]]
[[ 606 1568]] , [[ 606 1573]]
[[ 512 1566]] , [[ 512 1567]]
[[ 530 1574]] , [[ 530 1579]]
[[ 828 1564]] , [[ 828 1568]]
[[ 626 1566]] , [[ 626 1567]]
[[ 508 1477]] , [[ 508 1481]]
[[ 570 1560]] , [[ 570 1567]]
[[ 602 1558]] , [[ 602 1567]]
[[ 886 1567]] , [[ 886 1571]]
[[ 558 1572]] , [[ 558 1573]]
[[ 736 1568]] , [[ 736 1573]]
[[ 886 1566]] , [[ 886 1571]]
[[ 736 1568]] , [[ 736 1573]]
[[ 780 1568]] , [[ 780 1573]]
[[ 536 1572]] , [[ 536 1574]]
[[ 788 1562]] , [[ 788 1567]]
[[ 780 1568]] , [[ 780 1573]]
[[ 768 1568]] , [[ 768 1573]]
[[ 788 1562]] , [[ 788 1567]]
[[ 540 1476]] , [[ 540 1481]]
[[ 736 1468]] , [[ 736 1473]]
[[ 737 1468]] , [[ 736 1469]]
[[ 730 1482]] , [[ 730 1487]]
[[ 510 1476]] , [[ 510 1477]]
[[ 844 1559]] , [[ 844 1567]]
[[ 548 1478]] , [[ 548 1483]]
[[ 845 1559]] , [[ 844 1560]]
[[ 744 1468]] , [[ 744 1473]]
[[ 720 1432]] , [[ 720 1436]]
[[ 722 1484]] , [[ 722 1489]]
[[ 508 1478]] , [[ 508 1483]]
[[ 644 1374]] , [[ 644 1379]]
[[ 730 1422]] , [[ 730 1427]]
[[ 748 1468]] , [[ 748 1473]]
[[ 746 1468]] , [[ 746 1473]]
[[ 748 1468]] , [[ 748 1473]]
[[ 732 1432]] , [[ 732 1436]]
[[ 720 1432]] , [[ 720 1436]]
[[ 522 1336]] , [[ 522 1341]]
[[366 733]] , [[366 735]]
[[ 522 1336]] , [[ 522 1341]]
[[ 652 1376]] , [[ 652 1382]]
[[ 652 1376]] , [[ 652 1382]]
[[  22 1234]] , [[  22 1240]]
[[ 520 1279]] , [[ 520 1283]]
[[  22 1242]] , [[  22 1247]]
[[   3 1116]] , [[   3 1127]]
[[   4 1044]] , [[   4 1051]]
[[655 753]] , [[656 752]]
[[   6 1056]] , [[   6 1063]]
[[   0 1055]] , [[   0 1065]]
[[  86 1270]] , [[  85 1271]]
[[242 566]] , [[242 569]]
[[484 919]] , [[489 919]]
[[589 976]] , [[590 975]]
[[234 566]] , [[234 567]]
[[581 994]] , [[582 993]]
[[575 976]] , [[576 975]]
[[571 962]] , [[572 961]]
[[218 568]] , [[218 569]]
[[218 568]] , [[216 570]]
[[ 769 1056]] , [[ 770 1055]]
[[ 767 1056]] , [[ 768 1055]]
[[563 970]] , [[564 969]]
[[222 568]] , [[221 569]]
[[ 640 1332]] , [[ 640 1337]]
[[479 920]] , [[480 919]]
[[481 920]] , [[482 919]]
[[ 240 1370]] , [[ 240 1374]]
[[ 666 1339]] , [[ 666 1343]]
[[ 670 1406]] , [[ 670 1411]]
[[ 240 1370]] , [[ 240 1374]]
[[ 640 1332]] , [[ 640 1337]]
[[ 640 1332]] , [[ 640 1337]]
[[ 640 1332]] , [[ 640 1337]]
[[212 570]] , [[212 571]]
[[ 708 1471]] , [[ 707 1472]]
[[ 704 1470]] , [[ 704 1474]]
[[ 272 1346]] , [[ 272 1350]]
[[ 563 1028]] , [[ 564 1027]]
[[ 561 1035]] , [[ 562 1034]]
[[622 920]] , [[623 919]]
[[ 735 1058]] , [[ 736 1057]]
[[477 920]] , [[478 919]]
[[477 920]] , [[478 919]]
[[ 733 1058]] , [[ 734 1057]]
[[ 731 1054]] , [[ 732 1053]]
[[ 733 1058]] , [[ 734 1057]]
[[467 922]] , [[468 921]]
[[486 920]] , [[487 919]]
[[176 571]] , [[175 572]]
[[  76 1274]] , [[  75 1275]]
[[  76 1274]] , [[  75 1275]]
[[ 666 1339]] , [[ 666 1343]]
[[170 570]] , [[170 571]]
[[168 570]] , [[168 571]]
[[  76 1274]] , [[  75 1275]]
[[ 723 1054]] , [[ 724 1053]]
[[ 372 1086]] , [[ 373 1085]]
[[712 984]] , [[713 983]]
[[712 984]] , [[713 983]]
[[660 763]] , [[661 762]]
[[711 984]] , [[712 983]]
[[  73 1275]] , [[  73 1279]]
[[477 920]] , [[478 919]]
[[477 920]] , [[478 919]]
[[601 920]] , [[602 919]]
[[601 920]] , [[602 919]]
[[601 920]] , [[602 919]]
[[601 920]] , [[602 919]]
[[655 762]] , [[656 761]]
[[647 608]] , [[648 607]]
[[ 725 1058]] , [[ 726 1057]]
[[457 608]] , [[458 607]]
[[655 762]] , [[656 761]]
[[457 608]] , [[458 607]]
[[185 590]] , [[186 589]]
[[643 594]] , [[644 593]]
[[459 608]] , [[460 607]]
[[453 608]] , [[454 607]]
[[453 608]] , [[454 607]]
[[600 920]] , [[601 919]]
[[170 570]] , [[170 571]]
[[  79 1271]] , [[  78 1272]]
[[ 727 1054]] , [[ 728 1053]]
[[651 762]] , [[652 761]]
[[678 919]] , [[679 918]]
[[657 760]] , [[658 759]]
[[460 740]] , [[460 741]]
[[430 739]] , [[429 740]]
[[461 606]] , [[462 605]]
[[521 742]] , [[522 741]]
[[461 606]] , [[462 605]]
[[   1 1032]] , [[   1 1037]]
[[202 571]] , [[201 572]]
[[730 949]] , [[731 948]]
[[ 577 1034]] , [[ 578 1033]]
[[369 738]] , [[370 737]]
[[   1 1032]] , [[   1 1037]]
[[665 758]] , [[666 757]]
[[485 922]] , [[486 921]]
[[335 940]] , [[336 939]]
[[ 668 1424]] , [[ 668 1428]]
[[ 668 1424]] , [[ 668 1428]]
[[ 158 1360]] , [[ 158 1365]]
[[  24 1060]] , [[  24 1067]]
[[   4 1034]] , [[   4 1035]]
[[ 726 1432]] , [[ 726 1436]]
[[ 702 1470]] , [[ 702 1474]]
[[ 733 1468]] , [[ 732 1469]]
[[ 259 1344]] , [[ 258 1345]]
[[  75 1272]] , [[  74 1273]]
[[ 258 1346]] , [[ 258 1350]]
[[   2 1034]] , [[   1 1035]]
[[  74 1244]] , [[  74 1247]]
[[ 670 1424]] , [[ 670 1428]]
[[ 720 1370]] , [[ 720 1375]]
[[   0 1100]] , [[   0 1107]]
[[ 703 1367]] , [[ 703 1371]]
[[ 620 1548]] , [[ 620 1553]]
[[ 732 1469]] , [[ 732 1473]]
[[ 648 1386]] , [[ 648 1391]]
[[ 608 1562]] , [[ 608 1569]]
[[  72 1248]] , [[  72 1251]]
[[ 698 1470]] , [[ 698 1471]]
[[ 698 1470]] , [[ 698 1471]]
[[ 706 1550]] , [[ 706 1555]]
[[ 699 1470]] , [[ 699 1474]]
[[ 699 1470]] , [[ 699 1474]]
[[ 734 1469]] , [[ 734 1473]]
[[ 682 1547]] , [[ 681 1548]]
[[ 706 1471]] , [[ 706 1477]]
[[ 532 1546]] , [[ 532 1547]]
[[ 650 1372]] , [[ 650 1379]]
[[ 704 1471]] , [[ 704 1477]]
[[  40 1038]] , [[  40 1043]]
[[   4 1036]] , [[   4 1038]]
[[  46 1038]] , [[  46 1043]]
[[ 720 1370]] , [[ 720 1375]]
[[ 632 1368]] , [[ 632 1372]]
[[ 650 1372]] , [[ 650 1377]]
[[ 648 1406]] , [[ 648 1411]]
[[ 556 1368]] , [[ 556 1372]]
[[  82 1234]] , [[  82 1239]]
[[ 731 1469]] , [[ 730 1470]]
[[ 720 1370]] , [[ 720 1375]]
[[ 653 1545]] , [[ 653 1549]]
[[ 700 1470]] , [[ 700 1471]]
[[ 739 1468]] , [[ 738 1469]]
[[  66 1214]] , [[  66 1231]]
[[  62 1086]] , [[  62 1091]]
[[  66 1183]] , [[  66 1187]]
[[  66 1216]] , [[  66 1231]]
[[  71 1176]] , [[  71 1187]]
[[  71 1156]] , [[  71 1171]]
[[  71 1180]] , [[  71 1187]]
[[  33 1060]] , [[  34 1059]]
[[  51 1074]] , [[  52 1073]]
[[  75 1200]] , [[  75 1205]]
[[ 111 1207]] , [[ 111 1211]]
[[ 218 1298]] , [[ 218 1302]]
[[ 729 1470]] , [[ 728 1471]]
[[ 646 1370]] , [[ 646 1375]]
[[ 774 1468]] , [[ 774 1473]]
[[  75 1200]] , [[  75 1204]]
[[  75 1200]] , [[  75 1204]]
[[ 646 1370]] , [[ 646 1375]]
[[ 638 1328]] , [[ 638 1332]]
[[ 510 1472]] , [[ 510 1476]]
[[  75 1202]] , [[  75 1207]]
[[ 556 1472]] , [[ 556 1477]]
[[ 612 1552]] , [[ 612 1557]]
[[ 606 1552]] , [[ 606 1556]]
[[ 763 1468]] , [[ 763 1472]]
[[ 404 1578]] , [[ 404 1582]]
[[ 745 1570]] , [[ 745 1575]]
[[ 884 1570]] , [[ 884 1574]]
[[ 751 1566]] , [[ 750 1567]]
[[ 440 1482]] , [[ 440 1487]]
[[ 654 1368]] , [[ 654 1369]]
[[ 654 1368]] , [[ 654 1369]]
[[ 334 1369]] , [[ 334 1373]]
[[ 646 1370]] , [[ 646 1375]]
[[ 638 1328]] , [[ 638 1333]]
[[ 556 1482]] , [[ 556 1488]]
[[ 334 1369]] , [[ 334 1373]]
[[ 536 1368]] , [[ 536 1372]]
[[ 314 1342]] , [[ 313 1343]]
[[ 288 1344]] , [[ 288 1349]]
[[ 844 1562]] , [[ 844 1567]]
[[ 844 1562]] , [[ 844 1567]]
[[ 219 1293]] , [[ 219 1297]]
[[ 760 1468]] , [[ 760 1469]]
[[ 760 1470]] , [[ 760 1474]]
[[ 640 1474]] , [[ 640 1477]]
[[ 832 1562]] , [[ 832 1568]]
[[ 550 1568]] , [[ 550 1577]]
[[ 860 1564]] , [[ 860 1571]]
[[ 688 1560]] , [[ 688 1565]]
[[ 748 1568]] , [[ 748 1569]]
[[ 528 1568]] , [[ 528 1575]]
[[ 834 1562]] , [[ 834 1567]]
[[ 668 1565]] , [[ 667 1566]]
[[ 680 1548]] , [[ 680 1549]]
[[ 442 1482]] , [[ 442 1489]]
[[ 556 1480]] , [[ 556 1485]]
[[ 662 1548]] , [[ 662 1561]]
[[ 598 1554]] , [[ 598 1555]]
[[ 614 1564]] , [[ 614 1569]]
[[ 659 1565]] , [[ 659 1569]]
[[ 620 1568]] , [[ 620 1576]]
[[ 920 1594]] , [[ 920 1598]]
[[ 340 1500]] , [[ 340 1505]]
[[ 666 1558]] , [[ 666 1563]]
[[ 598 1554]] , [[ 598 1559]]
[[ 666 1554]] , [[ 666 1561]]
[[ 662 1565]] , [[ 662 1569]]
[[ 444 1486]] , [[ 444 1491]]
[[ 678 1558]] , [[ 678 1563]]
[[ 507 1566]] , [[ 507 1575]]
[[ 412 1578]] , [[ 412 1582]]
[[ 508 1568]] , [[ 508 1570]]
[[ 912 1578]] , [[ 912 1582]]
[[ 620 1478]] , [[ 620 1483]]
[[ 680 1554]] , [[ 680 1559]]
[[ 444 1484]] , [[ 444 1488]]
[[ 509 1752]] , [[ 509 1757]]
[[ 434 1484]] , [[ 434 1489]]
[[ 749 1572]] , [[ 749 1576]]
[[ 548 1560]] , [[ 548 1565]]
[[ 728 1640]] , [[ 728 1641]]
[[ 602 1540]] , [[ 602 1545]]
[[ 748 1570]] , [[ 748 1575]]
[[ 467 1483]] , [[ 467 1487]]
[[ 568 1784]] , [[ 568 1785]]
[[ 748 1570]] , [[ 748 1575]]
[[ 620 1568]] , [[ 620 1573]]
[[ 522 1482]] , [[ 522 1487]]
[[ 844 1560]] , [[ 844 1571]]
[[ 836 1566]] , [[ 836 1570]]
[[ 838 1564]] , [[ 838 1565]]
[[ 710 1473]] , [[ 710 1477]]
[[ 529 1473]] , [[ 529 1475]]
[[ 748 1568]] , [[ 748 1569]]
[[ 562 1572]] , [[ 562 1576]]
[[ 890 1570]] , [[ 890 1575]]
[[ 562 1572]] , [[ 562 1576]]
[[ 748 1570]] , [[ 748 1574]]
[[ 890 1568]] , [[ 890 1575]]
[[ 466 1482]] , [[ 466 1483]]
[[ 465 1482]] , [[ 463 1484]]
[[ 526 1480]] , [[ 526 1481]]
[[ 680 1550]] , [[ 680 1553]]
[[ 652 1482]] , [[ 652 1487]]
[[ 682 1560]] , [[ 682 1564]]
[[ 572 1555]] , [[ 572 1563]]
[[ 796 1340]] , [[ 796 1345]]
[[671 894]] , [[669 896]]
[[892 666]] , [[892 673]]
[[876 590]] , [[876 591]]
[[804 724]] , [[804 729]]
[[ 652 1374]] , [[ 652 1375]]
[[ 546 1560]] , [[ 546 1563]]
[[ 652 1376]] , [[ 652 1377]]
[[ 524 1574]] , [[ 524 1579]]
[[ 550 1568]] , [[ 550 1575]]
[[ 731 1468]] , [[ 730 1469]]
[[  81 1448]] , [[  80 1449]]
[[ 684 1548]] , [[ 684 1551]]
[[  81 1448]] , [[  80 1449]]
[[  80 1448]] , [[  80 1450]]
[[  80 1448]] , [[  80 1450]]
[[ 726 1471]] , [[ 725 1472]]
[[358 963]] , [[ 358 1001]]
[[ 806 1352]] , [[ 806 1355]]
[[ 806 1352]] , [[ 806 1355]]
[[690 728]] , [[688 730]]
[[656 600]] , [[656 601]]
[[ 734 1468]] , [[ 734 1473]]
[[ 696 1428]] , [[ 696 1433]]
[[ 734 1468]] , [[ 733 1469]]
[[ 734 1468]] , [[ 733 1469]]
[[ 734 1468]] , [[ 734 1473]]
[[ 674 1544]] , [[ 674 1553]]
[[ 748 1467]] , [[ 748 1473]]
[[ 630 1474]] , [[ 630 1480]]
[[ 618 1552]] , [[ 618 1565]]
[[ 676 1548]] , [[ 676 1553]]
[[837 833]] , [[837 835]]
[[829 814]] , [[829 823]]
[[ 706 1370]] , [[ 706 1375]]
[[817 814]] , [[817 815]]
[[ 752 1468]] , [[ 752 1473]]
[[ 706 1370]] , [[ 706 1375]]
[[ 526 1476]] , [[ 526 1481]]
[[ 744 1468]] , [[ 744 1472]]
[[ 734 1468]] , [[ 733 1469]]
[[ 444 1494]] , [[ 444 1499]]
[[ 696 1428]] , [[ 696 1433]]
[[ 760 1468]] , [[ 760 1473]]
[[ 544 1326]] , [[ 544 1327]]
[[ 491 1330]] , [[ 490 1331]]
[[ 760 1468]] , [[ 760 1472]]
[[ 696 1428]] , [[ 696 1433]]
[[ 760 1468]] , [[ 760 1472]]
[[ 760 1468]] , [[ 760 1473]]
[[ 758 1468]] , [[ 758 1473]]
[[ 688 1368]] , [[ 688 1375]]
[[ 698 1430]] , [[ 698 1434]]
[[ 696 1428]] , [[ 696 1433]]
[[ 791 1058]] , [[ 792 1057]]
[[  70 1252]] , [[  70 1258]]
[[ 375 1102]] , [[ 375 1103]]
[[ 672 1339]] , [[ 672 1343]]
[[ 698 1430]] , [[ 698 1435]]
[[ 673 1426]] , [[ 673 1431]]
[[ 735 1468]] , [[ 734 1469]]
[[230 564]] , [[228 566]]
[[558 738]] , [[558 742]]
[[  12 1036]] , [[  12 1041]]
[[421 736]] , [[421 740]]
[[312 565]] , [[311 566]]
[[ 671 1048]] , [[ 672 1047]]
[[  46 1037]] , [[  46 1041]]
[[854 688]] , [[854 689]]
[[  10 1038]] , [[  10 1045]]
[[  39 1037]] , [[  39 1041]]
[[ 159 1359]] , [[ 159 1363]]
[[  72 1264]] , [[  72 1265]]
[[ 684 1300]] , [[ 684 1305]]
[[   0 1040]] , [[   0 1045]]
[[ 730 1428]] , [[ 730 1435]]
[[ 159 1360]] , [[ 158 1361]]
[[ 740 1469]] , [[ 740 1473]]
[[ 556 1482]] , [[ 556 1486]]
[[ 686 1552]] , [[ 686 1553]]
[[ 159 1360]] , [[ 158 1361]]
[[ 516 1336]] , [[ 515 1337]]
[[ 684 1300]] , [[ 684 1305]]
[[ 706 1471]] , [[ 706 1475]]
[[  30 1038]] , [[  30 1043]]
[[ 716 1430]] , [[ 716 1435]]
[[ 513 1336]] , [[ 512 1337]]
[[ 700 1470]] , [[ 700 1471]]
[[ 750 1468]] , [[ 750 1472]]
[[ 727 1470]] , [[ 726 1471]]
[[ 656 1370]] , [[ 656 1375]]
[[ 736 1468]] , [[ 735 1469]]
[[  68 1248]] , [[  68 1253]]
[[ 732 1430]] , [[ 732 1435]]
[[ 716 1430]] , [[ 716 1435]]
[[ 698 1472]] , [[ 698 1477]]
[[ 736 1468]] , [[ 735 1469]]
[[ 668 1404]] , [[ 668 1409]]
[[ 668 1404]] , [[ 668 1409]]
[[ 632 1370]] , [[ 632 1371]]
[[  66 1250]] , [[  66 1257]]
[[ 730 1469]] , [[ 730 1473]]
[[  76 1260]] , [[  76 1265]]
[[ 668 1406]] , [[ 668 1417]]
[[   8 1039]] , [[   8 1055]]
[[ 656 1368]] , [[ 656 1375]]
[[ 682 1369]] , [[ 682 1373]]
[[ 730 1469]] , [[ 730 1473]]
[[ 656 1368]] , [[ 656 1375]]
[[ 754 1472]] , [[ 754 1477]]
[[  36 1260]] , [[  36 1265]]
[[ 754 1472]] , [[ 754 1477]]
[[ 730 1469]] , [[ 730 1473]]
[[ 480 1548]] , [[ 480 1552]]
[[ 576 1548]] , [[ 576 1553]]
[[ 546 1552]] , [[ 546 1557]]
[[ 672 1422]] , [[ 672 1427]]
[[ 746 1426]] , [[ 746 1431]]
[[ 746 1426]] , [[ 746 1431]]
[[ 650 1378]] , [[ 650 1387]]
[[  70 1260]] , [[  70 1265]]
[[ 656 1368]] , [[ 656 1375]]
[[ 682 1369]] , [[ 682 1373]]
[[ 678 1422]] , [[ 678 1423]]
[[ 676 1310]] , [[ 676 1314]]
[[ 676 1310]] , [[ 676 1314]]
[[ 674 1424]] , [[ 674 1428]]
[[ 738 1430]] , [[ 738 1435]]
[[   0 1042]] , [[   0 1049]]
[[   8 1040]] , [[   8 1047]]
[[   0 1232]] , [[   0 1236]]
[[   2 1225]] , [[   2 1233]]
[[607 994]] , [[608 993]]
[[  84 1260]] , [[  84 1265]]
[[469 924]] , [[470 923]]
[[603 932]] , [[604 931]]
[[252 566]] , [[251 567]]
[[ 641 1328]] , [[ 641 1332]]
[[ 638 1394]] , [[ 638 1399]]
[[ 750 1468]] , [[ 750 1472]]
[[  14 1252]] , [[  14 1257]]
[[ 668 1338]] , [[ 668 1343]]
[[ 738 1430]] , [[ 738 1435]]
[[  20 1316]] , [[  20 1321]]
[[  16 1256]] , [[  16 1261]]
[[  16 1257]] , [[  16 1263]]
[[ 674 1424]] , [[ 674 1430]]
[[ 730 1469]] , [[ 730 1473]]
[[  12 1258]] , [[  12 1262]]
[[ 736 1469]] , [[ 735 1470]]
[[ 736 1469]] , [[ 735 1470]]
[[  20 1266]] , [[  20 1271]]
[[  20 1264]] , [[  20 1271]]
[[ 605 1008]] , [[ 606 1007]]
[[   2 1036]] , [[   2 1037]]
[[481 921]] , [[482 920]]
[[248 566]] , [[247 567]]
[[ 515 1480]] , [[ 514 1481]]
[[ 696 1424]] , [[ 696 1429]]
[[ 696 1472]] , [[ 696 1477]]
[[ 696 1424]] , [[ 696 1429]]
[[ 730 1469]] , [[ 729 1470]]
[[254 564]] , [[254 565]]
[[ 730 1469]] , [[ 729 1470]]
[[   1 1036]] , [[   1 1044]]
[[250 566]] , [[249 567]]
[[483 921]] , [[484 920]]
[[250 566]] , [[249 567]]
[[250 566]] , [[248 568]]
[[ 706 1372]] , [[ 706 1377]]
[[250 566]] , [[250 567]]
[[  16 1250]] , [[  16 1255]]
[[   5 1228]] , [[   5 1236]]
[[   0 1045]] , [[   0 1053]]
[[383 984]] , [[384 983]]
[[ 370 1086]] , [[ 370 1087]]
[[256 566]] , [[255 567]]
[[ 370 1086]] , [[ 370 1087]]
[[401 962]] , [[402 961]]
[[619 999]] , [[ 620 1000]]
[[615 930]] , [[616 929]]
[[264 566]] , [[263 567]]
[[   9 1148]] , [[   9 1149]]
[[ 240 1368]] , [[ 240 1372]]
[[  28 1310]] , [[  28 1315]]
[[ 660 1370]] , [[ 660 1374]]
[[830 763]] , [[830 791]]
[[ 526 1476]] , [[ 526 1477]]
[[ 670 1422]] , [[ 670 1426]]
[[ 748 1468]] , [[ 748 1472]]
[[ 525 1477]] , [[ 525 1481]]
[[ 700 1542]] , [[ 700 1551]]
[[ 530 1476]] , [[ 530 1481]]
[[ 529 1476]] , [[ 528 1477]]
[[ 529 1476]] , [[ 528 1477]]
[[ 704 1550]] , [[ 704 1553]]
[[ 572 1550]] , [[ 572 1555]]
[[ 726 1432]] , [[ 726 1436]]
[[ 662 1371]] , [[ 661 1372]]
[[ 670 1418]] , [[ 670 1425]]
[[ 670 1420]] , [[ 670 1425]]
[[ 704 1550]] , [[ 704 1551]]
[[ 700 1328]] , [[ 700 1332]]
[[ 218 1296]] , [[ 218 1300]]
[[  82 1273]] , [[  82 1278]]
[[  48 1088]] , [[  48 1095]]
[[  75 1278]] , [[  73 1280]]
[[  10 1029]] , [[  10 1036]]
[[  68 1238]] , [[  68 1239]]
[[   4 1038]] , [[   3 1039]]
[[  17 1098]] , [[  18 1097]]
[[ 686 1328]] , [[ 686 1332]]
[[ 670 1418]] , [[ 670 1423]]
[[ 524 1476]] , [[ 524 1481]]
[[  66 1172]] , [[  66 1201]]
[[  66 1176]] , [[  66 1187]]
[[  64 1038]] , [[  64 1042]]
[[  70 1112]] , [[  70 1121]]
[[  66 1198]] , [[  66 1199]]
[[ 704 1566]] , [[ 704 1570]]
[[ 684 1326]] , [[ 684 1333]]
[[ 574 1568]] , [[ 574 1573]]
[[ 574 1568]] , [[ 574 1573]]
[[ 738 1568]] , [[ 738 1573]]
[[ 738 1568]] , [[ 738 1573]]
[[ 760 1564]] , [[ 760 1573]]
[[ 572 1566]] , [[ 572 1573]]
[[ 714 1564]] , [[ 714 1569]]
[[ 714 1564]] , [[ 714 1569]]
[[ 650 1556]] , [[ 650 1561]]
[[ 554 1572]] , [[ 554 1577]]
[[ 746 1568]] , [[ 746 1574]]
[[ 766 1562]] , [[ 766 1567]]
[[ 618 1545]] , [[ 618 1546]]
[[ 618 1545]] , [[ 618 1546]]
[[ 718 1554]] , [[ 718 1559]]
[[ 508 1477]] , [[ 508 1487]]
[[ 508 1477]] , [[ 508 1487]]
[[ 720 1476]] , [[ 720 1481]]
[[ 834 1566]] , [[ 834 1571]]
[[ 834 1566]] , [[ 834 1571]]
[[ 732 1568]] , [[ 732 1569]]
[[ 750 1570]] , [[ 750 1575]]
[[ 542 1568]] , [[ 542 1574]]
[[ 720 1562]] , [[ 720 1563]]
[[ 604 1559]] , [[ 604 1567]]
[[ 544 1566]] , [[ 544 1575]]
[[ 718 1564]] , [[ 718 1569]]
[[ 548 1568]] , [[ 548 1573]]
[[ 736 1568]] , [[ 736 1572]]
[[ 552 1572]] , [[ 552 1577]]
[[ 552 1572]] , [[ 552 1577]]
[[ 552 1572]] , [[ 552 1577]]
[[ 552 1572]] , [[ 552 1577]]
[[ 808 1564]] , [[ 808 1568]]
[[ 512 1566]] , [[ 512 1571]]
[[ 512 1566]] , [[ 512 1571]]
[[ 530 1574]] , [[ 529 1575]]
[[ 829 1564]] , [[ 829 1568]]
[[ 606 1568]] , [[ 606 1573]]
[[ 512 1566]] , [[ 512 1567]]
[[ 530 1574]] , [[ 530 1579]]
[[ 828 1564]] , [[ 828 1568]]
[[ 626 1566]] , [[ 626 1567]]
[[ 508 1477]] , [[ 508 1481]]
[[ 570 1560]] , [[ 570 1567]]
[[ 602 1558]] , [[ 602 1567]]
[[ 886 1567]] , [[ 886 1571]]
[[ 558 1572]] , [[ 558 1573]]
[[ 736 1568]] , [[ 736 1573]]
[[ 886 1566]] , [[ 886 1571]]
[[ 736 1568]] , [[ 736 1573]]
[[ 780 1568]] , [[ 780 1573]]
[[ 536 1572]] , [[ 536 1574]]
[[ 788 1562]] , [[ 788 1567]]
[[ 780 1568]] , [[ 780 1573]]
[[ 768 1568]] , [[ 768 1573]]
[[ 788 1562]] , [[ 788 1567]]
[[ 540 1476]] , [[ 540 1481]]
[[ 736 1468]] , [[ 736 1473]]
[[ 737 1468]] , [[ 736 1469]]
[[ 730 1482]] , [[ 730 1487]]
[[ 510 1476]] , [[ 510 1477]]
[[ 844 1559]] , [[ 844 1567]]
[[ 548 1478]] , [[ 548 1483]]
[[ 845 1559]] , [[ 844 1560]]
[[ 744 1468]] , [[ 744 1473]]
[[ 720 1432]] , [[ 720 1436]]
[[ 722 1484]] , [[ 722 1489]]
[[ 508 1478]] , [[ 508 1483]]
[[ 644 1374]] , [[ 644 1379]]
[[ 730 1422]] , [[ 730 1427]]
[[ 748 1468]] , [[ 748 1473]]
[[ 746 1468]] , [[ 746 1473]]
[[ 748 1468]] , [[ 748 1473]]
[[ 732 1432]] , [[ 732 1436]]
[[ 720 1432]] , [[ 720 1436]]
[[ 522 1336]] , [[ 522 1341]]
[[366 733]] , [[366 735]]
[[ 522 1336]] , [[ 522 1341]]
[[ 652 1376]] , [[ 652 1382]]
[[ 652 1376]] , [[ 652 1382]]
[[  22 1234]] , [[  22 1240]]
[[ 520 1279]] , [[ 520 1283]]
[[  22 1242]] , [[  22 1247]]
[[   3 1116]] , [[   3 1127]]
[[   4 1044]] , [[   4 1051]]
[[655 753]] , [[656 752]]
[[   6 1056]] , [[   6 1063]]
[[   0 1055]] , [[   0 1065]]
[[  86 1270]] , [[  85 1271]]
[[242 566]] , [[242 569]]
[[484 919]] , [[489 919]]
[[589 976]] , [[590 975]]
[[234 566]] , [[234 567]]
[[581 994]] , [[582 993]]
[[575 976]] , [[576 975]]
[[571 962]] , [[572 961]]
[[218 568]] , [[218 569]]
[[218 568]] , [[216 570]]
[[ 769 1056]] , [[ 770 1055]]
[[ 767 1056]] , [[ 768 1055]]
[[563 970]] , [[564 969]]
[[222 568]] , [[221 569]]
[[ 640 1332]] , [[ 640 1337]]
[[479 920]] , [[480 919]]
[[481 920]] , [[482 919]]
[[ 240 1370]] , [[ 240 1374]]
[[ 666 1339]] , [[ 666 1343]]
[[ 670 1406]] , [[ 670 1411]]
[[ 240 1370]] , [[ 240 1374]]
[[ 640 1332]] , [[ 640 1337]]
[[ 640 1332]] , [[ 640 1337]]
[[ 640 1332]] , [[ 640 1337]]
[[212 570]] , [[212 571]]
[[ 708 1471]] , [[ 707 1472]]
[[ 704 1470]] , [[ 704 1474]]
[[ 272 1346]] , [[ 272 1350]]
[[ 563 1028]] , [[ 564 1027]]
[[ 561 1035]] , [[ 562 1034]]
[[622 920]] , [[623 919]]
[[ 735 1058]] , [[ 736 1057]]
[[477 920]] , [[478 919]]
[[477 920]] , [[478 919]]
[[ 733 1058]] , [[ 734 1057]]
[[ 731 1054]] , [[ 732 1053]]
[[ 733 1058]] , [[ 734 1057]]
[[467 922]] , [[468 921]]
[[486 920]] , [[487 919]]
[[176 571]] , [[175 572]]
[[  76 1274]] , [[  75 1275]]
[[  76 1274]] , [[  75 1275]]
[[ 666 1339]] , [[ 666 1343]]
[[170 570]] , [[170 571]]
[[168 570]] , [[168 571]]
[[  76 1274]] , [[  75 1275]]
[[ 723 1054]] , [[ 724 1053]]
[[ 372 1086]] , [[ 373 1085]]
[[712 984]] , [[713 983]]
[[712 984]] , [[713 983]]
[[660 763]] , [[661 762]]
[[711 984]] , [[712 983]]
[[  73 1275]] , [[  73 1279]]
[[477 920]] , [[478 919]]
[[477 920]] , [[478 919]]
[[601 920]] , [[602 919]]
[[601 920]] , [[602 919]]
[[601 920]] , [[602 919]]
[[601 920]] , [[602 919]]
[[655 762]] , [[656 761]]
[[647 608]] , [[648 607]]
[[ 725 1058]] , [[ 726 1057]]
[[457 608]] , [[458 607]]
[[655 762]] , [[656 761]]
[[457 608]] , [[458 607]]
[[185 590]] , [[186 589]]
[[643 594]] , [[644 593]]
[[459 608]] , [[460 607]]
[[453 608]] , [[454 607]]
[[453 608]] , [[454 607]]
[[600 920]] , [[601 919]]
[[170 570]] , [[170 571]]
[[  79 1271]] , [[  78 1272]]
[[ 727 1054]] , [[ 728 1053]]
[[651 762]] , [[652 761]]
[[678 919]] , [[679 918]]
[[657 760]] , [[658 759]]
[[460 740]] , [[460 741]]
[[430 739]] , [[429 740]]
[[461 606]] , [[462 605]]
[[521 742]] , [[522 741]]
[[461 606]] , [[462 605]]
[[   1 1032]] , [[   1 1037]]
[[202 571]] , [[201 572]]
[[730 949]] , [[731 948]]
[[ 577 1034]] , [[ 578 1033]]
[[369 738]] , [[370 737]]
[[   1 1032]] , [[   1 1037]]
[[665 758]] , [[666 757]]
[[485 922]] , [[486 921]]
[[335 940]] , [[336 939]]
[[ 668 1424]] , [[ 668 1428]]
[[ 668 1424]] , [[ 668 1428]]
[[ 158 1360]] , [[ 158 1365]]
[[  24 1060]] , [[  24 1067]]
[[   4 1034]] , [[   4 1035]]
[[ 726 1432]] , [[ 726 1436]]
[[ 702 1470]] , [[ 702 1474]]
[[ 733 1468]] , [[ 732 1469]]
[[ 259 1344]] , [[ 258 1345]]
[[  75 1272]] , [[  74 1273]]
[[ 258 1346]] , [[ 258 1350]]
[[   2 1034]] , [[   1 1035]]
[[  74 1244]] , [[  74 1247]]
[[ 670 1424]] , [[ 670 1428]]
[[ 720 1370]] , [[ 720 1375]]
[[   0 1100]] , [[   0 1107]]
[[ 703 1367]] , [[ 703 1371]]
[[ 620 1548]] , [[ 620 1553]]
[[ 732 1469]] , [[ 732 1473]]
[[ 648 1386]] , [[ 648 1391]]
[[ 608 1562]] , [[ 608 1569]]
[[  72 1248]] , [[  72 1251]]
[[ 698 1470]] , [[ 698 1471]]
[[ 698 1470]] , [[ 698 1471]]
[[ 706 1550]] , [[ 706 1555]]
[[ 699 1470]] , [[ 699 1474]]
[[ 699 1470]] , [[ 699 1474]]
[[ 734 1469]] , [[ 734 1473]]
[[ 682 1547]] , [[ 681 1548]]
[[ 706 1471]] , [[ 706 1477]]
[[ 532 1546]] , [[ 532 1547]]
[[ 650 1372]] , [[ 650 1379]]
[[ 704 1471]] , [[ 704 1477]]
[[  40 1038]] , [[  40 1043]]
[[   4 1036]] , [[   4 1038]]
[[  46 1038]] , [[  46 1043]]
[[ 720 1370]] , [[ 720 1375]]
[[ 632 1368]] , [[ 632 1372]]
[[ 650 1372]] , [[ 650 1377]]
[[ 648 1406]] , [[ 648 1411]]
[[ 556 1368]] , [[ 556 1372]]
[[  82 1234]] , [[  82 1239]]
[[ 731 1469]] , [[ 730 1470]]
[[ 720 1370]] , [[ 720 1375]]
[[ 653 1545]] , [[ 653 1549]]
[[ 700 1470]] , [[ 700 1471]]
[[ 739 1468]] , [[ 738 1469]]
[[  66 1214]] , [[  66 1231]]
[[  62 1086]] , [[  62 1091]]
[[  66 1183]] , [[  66 1187]]
[[  66 1216]] , [[  66 1231]]
[[  71 1176]] , [[  71 1187]]
[[  71 1156]] , [[  71 1171]]
[[  71 1180]] , [[  71 1187]]
[[  33 1060]] , [[  34 1059]]
[[  51 1074]] , [[  52 1073]]
[[  75 1200]] , [[  75 1205]]
[[ 111 1207]] , [[ 111 1211]]
[[ 218 1298]] , [[ 218 1302]]
[[ 729 1470]] , [[ 728 1471]]
[[ 646 1370]] , [[ 646 1375]]
[[ 774 1468]] , [[ 774 1473]]
[[  75 1200]] , [[  75 1204]]
[[  75 1200]] , [[  75 1204]]
[[ 646 1370]] , [[ 646 1375]]
[[ 638 1328]] , [[ 638 1332]]
[[ 510 1472]] , [[ 510 1476]]
[[  75 1202]] , [[  75 1207]]
[[ 556 1472]] , [[ 556 1477]]
[[ 612 1552]] , [[ 612 1557]]
[[ 606 1552]] , [[ 606 1556]]
[[ 763 1468]] , [[ 763 1472]]
[[ 404 1578]] , [[ 404 1582]]
[[ 745 1570]] , [[ 745 1575]]
[[ 884 1570]] , [[ 884 1574]]
[[ 751 1566]] , [[ 750 1567]]
[[ 440 1482]] , [[ 440 1487]]
[[ 654 1368]] , [[ 654 1369]]
[[ 654 1368]] , [[ 654 1369]]
[[ 334 1369]] , [[ 334 1373]]
[[ 646 1370]] , [[ 646 1375]]
[[ 638 1328]] , [[ 638 1333]]
[[ 556 1482]] , [[ 556 1488]]
[[ 334 1369]] , [[ 334 1373]]
[[ 536 1368]] , [[ 536 1372]]
[[ 314 1342]] , [[ 313 1343]]
[[ 288 1344]] , [[ 288 1349]]
[[ 844 1562]] , [[ 844 1567]]
[[ 844 1562]] , [[ 844 1567]]
[[ 219 1293]] , [[ 219 1297]]
[[ 760 1468]] , [[ 760 1469]]
[[ 760 1470]] , [[ 760 1474]]
[[ 640 1474]] , [[ 640 1477]]
[[ 832 1562]] , [[ 832 1568]]
[[ 550 1568]] , [[ 550 1577]]
[[ 860 1564]] , [[ 860 1571]]
[[ 688 1560]] , [[ 688 1565]]
[[ 748 1568]] , [[ 748 1569]]
[[ 528 1568]] , [[ 528 1575]]
[[ 834 1562]] , [[ 834 1567]]
[[ 668 1565]] , [[ 667 1566]]
[[ 680 1548]] , [[ 680 1549]]
[[ 442 1482]] , [[ 442 1489]]
[[ 556 1480]] , [[ 556 1485]]
[[ 662 1548]] , [[ 662 1561]]
[[ 598 1554]] , [[ 598 1555]]
[[ 614 1564]] , [[ 614 1569]]
[[ 659 1565]] , [[ 659 1569]]
[[ 620 1568]] , [[ 620 1576]]
[[ 920 1594]] , [[ 920 1598]]
[[ 340 1500]] , [[ 340 1505]]
[[ 666 1558]] , [[ 666 1563]]
[[ 598 1554]] , [[ 598 1559]]
[[ 666 1554]] , [[ 666 1561]]
[[ 662 1565]] , [[ 662 1569]]
[[ 444 1486]] , [[ 444 1491]]
[[ 678 1558]] , [[ 678 1563]]
[[ 507 1566]] , [[ 507 1575]]
[[ 412 1578]] , [[ 412 1582]]
[[ 508 1568]] , [[ 508 1570]]
[[ 912 1578]] , [[ 912 1582]]
[[ 620 1478]] , [[ 620 1483]]
[[ 680 1554]] , [[ 680 1559]]
[[ 444 1484]] , [[ 444 1488]]
[[ 509 1752]] , [[ 509 1757]]
[[ 434 1484]] , [[ 434 1489]]
[[ 749 1572]] , [[ 749 1576]]
[[ 548 1560]] , [[ 548 1565]]
[[ 728 1640]] , [[ 728 1641]]
[[ 602 1540]] , [[ 602 1545]]
[[ 748 1570]] , [[ 748 1575]]
[[ 467 1483]] , [[ 467 1487]]
[[ 568 1784]] , [[ 568 1785]]
[[ 748 1570]] , [[ 748 1575]]
[[ 620 1568]] , [[ 620 1573]]
[[ 522 1482]] , [[ 522 1487]]
[[ 844 1560]] , [[ 844 1571]]
[[ 836 1566]] , [[ 836 1570]]
[[ 838 1564]] , [[ 838 1565]]
[[ 710 1473]] , [[ 710 1477]]
[[ 529 1473]] , [[ 529 1475]]
[[ 748 1568]] , [[ 748 1569]]
[[ 562 1572]] , [[ 562 1576]]
[[ 890 1570]] , [[ 890 1575]]
[[ 562 1572]] , [[ 562 1576]]
[[ 748 1570]] , [[ 748 1574]]
[[ 890 1568]] , [[ 890 1575]]
[[ 466 1482]] , [[ 466 1483]]
[[ 465 1482]] , [[ 463 1484]]
[[ 526 1480]] , [[ 526 1481]]
[[ 680 1550]] , [[ 680 1553]]
[[ 652 1482]] , [[ 652 1487]]
[[ 682 1560]] , [[ 682 1564]]
[[ 572 1555]] , [[ 572 1563]]
[[ 796 1340]] , [[ 796 1345]]
[[671 894]] , [[669 896]]
[[892 666]] , [[892 673]]
[[876 590]] , [[876 591]]
[[804 724]] , [[804 729]]
[[ 652 1374]] , [[ 652 1375]]
[[ 546 1560]] , [[ 546 1563]]
[[ 652 1376]] , [[ 652 1377]]
[[ 524 1574]] , [[ 524 1579]]
[[ 550 1568]] , [[ 550 1575]]
[[ 731 1468]] , [[ 730 1469]]
[[  81 1448]] , [[  80 1449]]
[[ 684 1548]] , [[ 684 1551]]
[[  81 1448]] , [[  80 1449]]
[[  80 1448]] , [[  80 1450]]
[[  80 1448]] , [[  80 1450]]
[[ 726 1471]] , [[ 725 1472]]
[[358 963]] , [[ 358 1001]]
[[ 806 1352]] , [[ 806 1355]]
[[ 806 1352]] , [[ 806 1355]]
[[690 728]] , [[688 730]]
[[656 600]] , [[656 601]]
[[ 734 1468]] , [[ 734 1473]]
[[ 696 1428]] , [[ 696 1433]]
[[ 734 1468]] , [[ 733 1469]]
[[ 734 1468]] , [[ 733 1469]]
[[ 734 1468]] , [[ 734 1473]]
[[ 674 1544]] , [[ 674 1553]]
[[ 748 1467]] , [[ 748 1473]]
[[ 630 1474]] , [[ 630 1480]]
[[ 618 1552]] , [[ 618 1565]]
[[ 676 1548]] , [[ 676 1553]]
[[837 833]] , [[837 835]]
[[829 814]] , [[829 823]]
[[ 706 1370]] , [[ 706 1375]]
[[817 814]] , [[817 815]]
[[ 752 1468]] , [[ 752 1473]]
[[ 706 1370]] , [[ 706 1375]]
[[ 526 1476]] , [[ 526 1481]]
[[ 744 1468]] , [[ 744 1472]]
[[ 734 1468]] , [[ 733 1469]]
[[ 444 1494]] , [[ 444 1499]]
[[ 696 1428]] , [[ 696 1433]]
[[ 760 1468]] , [[ 760 1473]]
[[ 544 1326]] , [[ 544 1327]]
[[ 491 1330]] , [[ 490 1331]]
[[ 760 1468]] , [[ 760 1472]]
[[ 696 1428]] , [[ 696 1433]]
[[ 760 1468]] , [[ 760 1472]]
[[ 760 1468]] , [[ 760 1473]]
[[ 758 1468]] , [[ 758 1473]]
[[ 688 1368]] , [[ 688 1375]]
[[ 698 1430]] , [[ 698 1434]]
[[ 696 1428]] , [[ 696 1433]]
[[ 791 1058]] , [[ 792 1057]]
[[  70 1252]] , [[  70 1258]]
[[ 375 1102]] , [[ 375 1103]]
[[ 672 1339]] , [[ 672 1343]]
[[ 698 1430]] , [[ 698 1435]]
[[ 673 1426]] , [[ 673 1431]]
[[ 735 1468]] , [[ 734 1469]]
[[230 564]] , [[228 566]]
[[ 410 1304]] , [[ 410 1309]]
[[ 404 1312]] , [[ 404 1329]]
[[ 410 1305]] , [[ 410 1309]]
[[ 404 1312]] , [[ 404 1325]]
[[ 788 1312]] , [[ 788 1313]]
[[ 408 1328]] , [[ 408 1341]]
[[ 610 1334]] , [[ 610 1339]]
[[ 408 1332]] , [[ 408 1339]]
[[ 404 1312]] , [[ 404 1323]]
[[ 604 1296]] , [[ 604 1303]]
[[ 418 1250]] , [[ 418 1263]]
[[ 212 1180]] , [[ 212 1181]]
[[ 614 1076]] , [[ 614 1079]]
[[ 192 1024]] , [[ 192 1031]]
[[ 301 1004]] , [[ 302 1003]]
[[178 872]] , [[178 873]]
[[618 888]] , [[618 891]]
[[614 846]] , [[614 847]]
[[614 846]] , [[614 847]]
[[176 848]] , [[176 863]]
[[400 846]] , [[400 851]]
[[568 842]] , [[568 847]]
[[636 832]] , [[636 837]]
[[182 834]] , [[182 838]]
[[636 832]] , [[636 837]]
[[636 832]] , [[636 837]]
[[644 832]] , [[644 843]]
[[660 834]] , [[660 835]]
[[660 834]] , [[660 835]]
[[588 838]] , [[588 839]]
[[612 842]] , [[612 851]]
[[630 856]] , [[630 861]]
[[184 856]] , [[184 857]]
[[494 850]] , [[494 855]]
[[538 846]] , [[538 851]]
[[176 866]] , [[176 877]]
[[182 860]] , [[182 865]]
[[180 864]] , [[180 865]]
[[182 858]] , [[182 863]]
[[620 888]] , [[620 889]]
[[806 878]] , [[806 879]]
[[631 858]] , [[631 862]]
[[180 864]] , [[180 865]]
[[178 866]] , [[178 869]]
[[538 850]] , [[538 857]]
[[610 840]] , [[610 841]]
[[174 866]] , [[174 871]]
[[174 866]] , [[174 874]]
[[180 864]] , [[180 865]]
[[633 860]] , [[633 864]]
[[620 890]] , [[620 891]]
[[620 890]] , [[620 891]]
[[178 866]] , [[178 871]]
[[620 890]] , [[620 891]]
[[398 856]] , [[398 860]]
[[178 866]] , [[178 867]]
[[397 856]] , [[397 860]]
[[586 842]] , [[586 843]]
[[536 846]] , [[536 851]]
[[396 855]] , [[396 859]]
[[542 846]] , [[542 847]]
[[542 848]] , [[542 853]]
[[393 856]] , [[393 860]]
[[174 874]] , [[174 875]]
[[172 868]] , [[172 873]]
[[401 966]] , [[402 965]]
[[508 846]] , [[508 853]]
[[610 852]] , [[610 853]]
[[614 848]] , [[614 851]]
[[608 852]] , [[608 853]]
[[600 852]] , [[600 857]]
[[389 922]] , [[389 929]]
[[393 954]] , [[393 963]]
[[602 887]] , [[602 891]]
[[391 954]] , [[391 963]]
[[392 976]] , [[392 977]]
[[392 976]] , [[392 978]]
[[392 980]] , [[392 984]]
[[393 982]] , [[393 986]]
[[236 997]] , [[236 999]]
[[391 978]] , [[391 983]]
[[ 194 1006]] , [[ 194 1007]]
[[ 169 1014]] , [[ 170 1013]]
[[596 888]] , [[596 891]]
[[430 994]] , [[429 995]]
[[474 842]] , [[474 847]]
[[592 848]] , [[592 851]]
[[592 848]] , [[592 853]]
[[367 856]] , [[367 860]]
[[588 890]] , [[588 893]]
[[588 854]] , [[588 855]]
[[157 936]] , [[158 935]]
[[137 860]] , [[137 861]]
[[ 226 1000]] , [[ 226 1001]]
[[512 848]] , [[512 857]]
[[593 944]] , [[594 943]]
[[348 949]] , [[348 959]]
[[574 862]] , [[574 867]]
[[572 862]] , [[572 866]]
[[ 404 1000]] , [[ 404 1001]]
[[568 858]] , [[568 863]]
[[336 895]] , [[336 917]]
[[404 996]] , [[403 997]]
[[ 352 1073]] , [[ 352 1077]]
[[566 890]] , [[566 891]]
[[400 996]] , [[400 997]]
[[ 151 1008]] , [[ 152 1007]]
[[324 894]] , [[324 919]]
[[560 890]] , [[560 891]]
[[558 890]] , [[558 893]]
[[556 890]] , [[556 891]]
[[552 890]] , [[552 904]]
[[748 988]] , [[748 993]]
[[314 893]] , [[314 925]]
[[746 952]] , [[746 961]]
[[544 852]] , [[544 853]]
[[310 894]] , [[310 911]]
[[755 916]] , [[755 940]]
[[559 890]] , [[558 891]]
[[638 846]] , [[638 851]]
[[557 889]] , [[556 890]]
[[738 953]] , [[738 959]]
[[306 892]] , [[306 894]]
[[302 894]] , [[302 913]]
[[549 892]] , [[547 894]]
[[549 892]] , [[547 894]]
[[549 892]] , [[547 894]]
[[734 902]] , [[734 921]]
[[734 910]] , [[734 921]]
[[317 893]] , [[316 894]]
[[553 891]] , [[552 892]]
[[524 850]] , [[524 851]]
[[656 844]] , [[656 845]]
[[ 90 854]] , [[ 90 855]]
[[534 854]] , [[534 860]]
[[553 890]] , [[553 891]]
[[534 854]] , [[534 860]]
[[553 890]] , [[553 891]]
[[553 890]] , [[553 891]]
[[576 844]] , [[576 845]]
[[572 844]] , [[572 847]]
[[478 848]] , [[478 853]]
[[502 844]] , [[502 845]]
[[538 854]] , [[538 859]]
[[538 854]] , [[538 859]]
[[100 860]] , [[100 896]]
[[480 846]] , [[480 847]]
[[552 889]] , [[552 891]]
[[765 886]] , [[765 916]]
[[322 894]] , [[322 917]]
[[756 952]] , [[756 959]]
[[770 902]] , [[770 907]]
[[769 890]] , [[769 897]]
[[326 894]] , [[326 911]]
[[438 998]] , [[437 999]]
[[564 889]] , [[564 893]]
[[ 151 1018]] , [[ 152 1017]]
[[122 852]] , [[122 882]]
[[608 844]] , [[608 845]]
[[562 856]] , [[562 861]]
[[566 852]] , [[566 853]]
[[488 997]] , [[487 998]]
[[574 889]] , [[573 890]]
[[574 889]] , [[574 901]]
[[590 857]] , [[589 858]]
[[565 856]] , [[564 857]]
[[339 894]] , [[339 895]]
[[574 889]] , [[573 890]]
[[574 889]] , [[573 890]]
[[568 856]] , [[568 861]]
[[574 890]] , [[574 891]]
[[340 892]] , [[340 926]]
[[574 889]] , [[574 893]]
[[ 775 1045]] , [[ 775 1056]]
[[344 895]] , [[344 897]]
[[140 856]] , [[140 857]]
[[584 890]] , [[584 903]]
[[ 335 1006]] , [[ 336 1005]]
[[590 889]] , [[590 894]]
[[169 960]] , [[170 959]]
[[630 842]] , [[630 843]]
[[564 846]] , [[564 847]]
[[160 860]] , [[160 861]]
[[393 944]] , [[393 952]]
[[390 920]] , [[389 921]]
[[384 854]] , [[384 861]]
[[388 854]] , [[388 855]]
[[168 860]] , [[168 865]]
[[614 890]] , [[614 893]]
[[395 894]] , [[394 895]]
[[396 894]] , [[396 895]]
[[254 998]] , [[254 999]]
[[620 890]] , [[620 891]]
[[178 862]] , [[178 871]]
[[178 862]] , [[178 871]]
[[622 890]] , [[622 897]]
[[180 866]] , [[180 871]]
[[407 916]] , [[408 915]]
[[624 891]] , [[624 895]]
[[624 892]] , [[624 899]]
[[626 892]] , [[626 893]]
[[400 896]] , [[400 897]]
[[400 896]] , [[400 897]]
[[189 877]] , [[189 881]]
[[193 908]] , [[193 915]]
[[191 876]] , [[191 881]]
[[402 896]] , [[402 897]]
[[198 928]] , [[198 935]]
[[198 928]] , [[198 935]]
[[406 896]] , [[406 897]]
[[200 938]] , [[200 942]]
[[202 938]] , [[202 943]]
[[298 998]] , [[297 999]]
[[207 934]] , [[207 943]]
[[404 896]] , [[404 900]]
[[419 895]] , [[418 896]]
[[294 997]] , [[293 998]]
[[280 998]] , [[ 280 1001]]
[[210 932]] , [[210 949]]
[[640 892]] , [[640 901]]
[[211 932]] , [[211 945]]
[[213 933]] , [[213 937]]
[[210 902]] , [[210 911]]
[[412 895]] , [[412 911]]
[[212 898]] , [[212 913]]
[[648 892]] , [[648 893]]
[[218 902]] , [[218 907]]
[[418 894]] , [[418 913]]
[[665 940]] , [[666 939]]
[[420 894]] , [[420 915]]
[[542 850]] , [[542 857]]
[[654 892]] , [[654 899]]
[[542 850]] , [[542 857]]
[[568 854]] , [[568 859]]
[[658 892]] , [[658 895]]
[[568 854]] , [[568 859]]
[[556 846]] , [[556 847]]
[[224 914]] , [[224 927]]
[[441 894]] , [[441 895]]
[[570 854]] , [[570 859]]
[[428 895]] , [[428 906]]
[[236 912]] , [[236 919]]
[[231 896]] , [[230 897]]
[[664 892]] , [[664 895]]
[[444 894]] , [[444 895]]
[[432 894]] , [[432 915]]
[[226 864]] , [[226 869]]
[[247 966]] , [[248 965]]
[[245 964]] , [[246 963]]
[[434 894]] , [[434 916]]
[[690 840]] , [[690 847]]
[[668 889]] , [[668 893]]
[[228 862]] , [[228 864]]
[[228 862]] , [[228 864]]
[[698 842]] , [[698 843]]
[[226 862]] , [[226 869]]
[[226 858]] , [[225 859]]
[[226 860]] , [[226 869]]
[[226 860]] , [[226 869]]
[[226 862]] , [[226 871]]
[[696 844]] , [[696 845]]
[[226 862]] , [[226 871]]
[[696 842]] , [[696 843]]
[[696 842]] , [[696 843]]
[[688 840]] , [[688 845]]
[[688 840]] , [[688 845]]
[[688 840]] , [[688 845]]
[[582 848]] , [[582 853]]
[[582 848]] , [[582 849]]
[[576 854]] , [[576 859]]
[[432 896]] , [[432 904]]
[[666 892]] , [[666 897]]
[[666 894]] , [[666 897]]
[[576 850]] , [[576 851]]
[[576 850]] , [[576 853]]
[[445 898]] , [[444 899]]
[[664 892]] , [[664 903]]
[[430 898]] , [[430 931]]
[[232 902]] , [[231 903]]
[[239 970]] , [[240 969]]
[[228 904]] , [[228 911]]
[[230 906]] , [[230 907]]
[[428 898]] , [[428 935]]
[[572 856]] , [[572 861]]
[[654 891]] , [[654 899]]
[[648 896]] , [[648 897]]
[[423 896]] , [[422 897]]
[[421 860]] , [[421 864]]
[[425 928]] , [[426 927]]
[[660 840]] , [[660 850]]
[[592 836]] , [[592 837]]
[[213 948]] , [[214 947]]
[[417 879]] , [[416 880]]
[[211 956]] , [[212 955]]
[[532 832]] , [[532 837]]
[[413 881]] , [[412 882]]
[[630 878]] , [[630 895]]
[[392 884]] , [[392 894]]
[[623 882]] , [[623 885]]
[[624 850]] , [[624 855]]
[[178 874]] , [[178 879]]
[[172 858]] , [[172 865]]
[[168 858]] , [[168 863]]
[[385 887]] , [[385 891]]
[[152 864]] , [[152 867]]
[[378 892]] , [[378 897]]
[[588 882]] , [[588 883]]
[[576 851]] , [[576 855]]
[[136 846]] , [[136 847]]
[[344 933]] , [[344 937]]
[[583 850]] , [[583 854]]
[[128 848]] , [[128 855]]
[[567 850]] , [[567 854]]
[[567 934]] , [[568 933]]
[[750 876]] , [[750 880]]
[[103 860]] , [[103 861]]
[[104 858]] , [[104 859]]
[[306 854]] , [[306 858]]
[[555 883]] , [[554 884]]
[[432 846]] , [[432 851]]
[[454 838]] , [[454 843]]
[[566 840]] , [[566 845]]
[[448 838]] , [[448 843]]
[[432 840]] , [[432 851]]
[[556 840]] , [[556 841]]
[[478 838]] , [[478 839]]
[[478 838]] , [[478 839]]
[[ 72 842]] , [[ 72 887]]
[[476 838]] , [[476 839]]
[[552 842]] , [[552 843]]
[[283 871]] , [[283 876]]
[[420 838]] , [[420 839]]
[[ 70 830]] , [[ 70 833]]
[[712 870]] , [[712 874]]
[[544 842]] , [[544 843]]
[[530 842]] , [[530 843]]
[[430 840]] , [[430 841]]
[[526 842]] , [[526 843]]
[[480 848]] , [[480 853]]
[[522 840]] , [[522 841]]
[[526 838]] , [[526 839]]
[[502 850]] , [[502 854]]
[[499 851]] , [[499 855]]
[[458 850]] , [[458 855]]
[[464 850]] , [[464 851]]
[[500 842]] , [[500 843]]
[[454 852]] , [[454 859]]
[[448 854]] , [[447 855]]
[[454 852]] , [[454 853]]
[[230 840]] , [[230 845]]
[[517 850]] , [[518 849]]
[[631 850]] , [[632 849]]
[[492 842]] , [[492 843]]
[[631 850]] , [[632 849]]
[[646 842]] , [[646 843]]
[[227 873]] , [[227 879]]
[[226 886]] , [[226 895]]
[[438 850]] , [[438 855]]
[[228 885]] , [[228 890]]
[[228 886]] , [[228 890]]
[[452 856]] , [[452 861]]
[[438 850]] , [[438 855]]
[[626 842]] , [[626 847]]
[[491 854]] , [[492 853]]
[[646 840]] , [[646 841]]
[[448 848]] , [[448 851]]
[[448 850]] , [[448 851]]
[[484 844]] , [[484 853]]
[[444 854]] , [[444 859]]
[[444 854]] , [[444 859]]
[[214 858]] , [[214 867]]
[[214 858]] , [[214 867]]
[[646 887]] , [[646 893]]
[[638 844]] , [[638 847]]
[[216 848]] , [[216 849]]
[[440 852]] , [[440 857]]
[[466 854]] , [[466 859]]
[[218 846]] , [[218 849]]
[[492 840]] , [[492 841]]
[[468 854]] , [[468 859]]
[[456 848]] , [[456 849]]
[[234 844]] , [[234 847]]
[[452 854]] , [[452 859]]
[[502 850]] , [[502 851]]
[[462 860]] , [[462 863]]
[[240 885]] , [[240 889]]
[[464 866]] , [[464 867]]
[[246 899]] , [[247 898]]
[[488 870]] , [[488 876]]
[[578 856]] , [[578 861]]
[[516 854]] , [[516 855]]
[[240 852]] , [[240 863]]
[[256 892]] , [[257 891]]
[[430 848]] , [[430 849]]
[[512 846]] , [[512 847]]
[[450 846]] , [[450 847]]
[[454 846]] , [[454 847]]
[[518 848]] , [[518 853]]
[[658 846]] , [[658 849]]
[[240 850]] , [[240 855]]
[[240 850]] , [[240 855]]
[[232 850]] , [[232 853]]
[[540 850]] , [[540 851]]
[[420 852]] , [[420 857]]
[[290 882]] , [[290 886]]
[[292 882]] , [[292 886]]
[[488 844]] , [[488 845]]
[[715 844]] , [[714 845]]
[[120 837]] , [[119 838]]
[[488 846]] , [[488 847]]
[[526 844]] , [[526 845]]
[[554 850]] , [[554 851]]
[[732 844]] , [[731 845]]
[[744 844]] , [[743 845]]
[[488 846]] , [[488 847]]
[[574 894]] , [[574 897]]
[[328 895]] , [[328 917]]
[[762 917]] , [[762 931]]
[[334 895]] , [[334 896]]
[[130 856]] , [[130 859]]
[[548 856]] , [[548 861]]
[[562 856]] , [[562 863]]
[[550 854]] , [[550 859]]
[[ 366 1078]] , [[ 366 1089]]
[[ 161 1024]] , [[ 162 1023]]
[[144 854]] , [[144 855]]
[[578 856]] , [[578 863]]
[[604 859]] , [[603 860]]
[[362 949]] , [[362 961]]
[[350 835]] , [[349 836]]
[[158 870]] , [[158 871]]
[[648 842]] , [[648 845]]
[[156 870]] , [[156 885]]
[[563 852]] , [[564 851]]
[[170 864]] , [[170 865]]
[[536 844]] , [[536 849]]
[[194 456]] , [[194 461]]
[[542 848]] , [[542 849]]
[[171 866]] , [[171 871]]
[[396 932]] , [[397 931]]
[[542 848]] , [[542 855]]
[[394 917]] , [[395 916]]
[[406 898]] , [[406 903]]
[[622 893]] , [[621 894]]
[[178 870]] , [[178 881]]
[[397 918]] , [[398 917]]
[[407 897]] , [[407 901]]
[[622 894]] , [[622 905]]
[[390 899]] , [[390 913]]
[[190 942]] , [[190 952]]
[[190 904]] , [[190 907]]
[[185 892]] , [[185 897]]
[[411 897]] , [[410 898]]
[[626 894]] , [[626 895]]
[[626 894]] , [[626 895]]
[[192 864]] , [[192 869]]
[[626 893]] , [[626 895]]
[[626 893]] , [[626 895]]
[[626 893]] , [[626 895]]
[[626 893]] , [[625 894]]
[[393 898]] , [[393 902]]
[[186 890]] , [[186 895]]
[[399 903]] , [[400 902]]
[[190 892]] , [[190 893]]
[[626 891]] , [[625 892]]
[[626 891]] , [[626 893]]
[[626 891]] , [[626 893]]
[[190 892]] , [[190 893]]
[[626 891]] , [[625 892]]
[[626 890]] , [[626 891]]
[[186 888]] , [[186 893]]
[[186 888]] , [[186 893]]
[[186 888]] , [[186 893]]
[[186 888]] , [[186 893]]
[[626 890]] , [[626 893]]
[[394 895]] , [[393 896]]
[[626 890]] , [[626 893]]
[[190 892]] , [[190 913]]
[[628 892]] , [[628 893]]
[[628 892]] , [[628 893]]
[[407 898]] , [[407 899]]
[[404 900]] , [[404 901]]
[[415 980]] , [[416 979]]
[[409 901]] , [[408 902]]
[[626 898]] , [[626 901]]
[[626 896]] , [[626 899]]
[[626 892]] , [[626 895]]
[[188 864]] , [[188 869]]
[[190 856]] , [[190 861]]
[[405 890]] , [[405 891]]
[[186 910]] , [[186 915]]
[[182 926]] , [[182 941]]
[[180 898]] , [[180 911]]
[[397 901]] , [[396 902]]
[[178 904]] , [[178 911]]
[[ 224 1004]] , [[ 224 1009]]
[[170 944]] , [[170 951]]
[[168 924]] , [[168 925]]
[[ 167 1038]] , [[ 167 1045]]
[[ 160 1028]] , [[ 160 1035]]
[[ 585 1077]] , [[ 584 1078]]
[[ 144 1022]] , [[ 144 1032]]
[[ 564 1077]] , [[ 563 1078]]
[[164 996]] , [[164 997]]
[[ 129 1024]] , [[ 130 1023]]
[[ 341 1078]] , [[ 341 1079]]
[[ 736 1048]] , [[ 736 1055]]
[[ 140 1176]] , [[ 139 1177]]
[[ 400 1002]] , [[ 399 1003]]
[[ 712 1078]] , [[ 712 1083]]
[[ 706 1076]] , [[ 706 1084]]
[[ 702 1062]] , [[ 702 1069]]
[[499 958]] , [[499 964]]
[[497 896]] , [[497 905]]
[[497 894]] , [[497 895]]
[[256 850]] , [[256 853]]
[[260 900]] , [[260 901]]
[[259 878]] , [[259 881]]
[[693 880]] , [[693 881]]
[[484 884]] , [[484 889]]
[[ 85 996]] , [[ 83 998]]
[[691 879]] , [[690 880]]
[[253 876]] , [[253 880]]
[[689 880]] , [[688 881]]
[[480 885]] , [[480 887]]
[[687 882]] , [[686 883]]
[[687 882]] , [[686 883]]
[[250 876]] , [[250 881]]
[[246 854]] , [[246 863]]
[[488 886]] , [[488 887]]
[[250 886]] , [[250 887]]
[[251 882]] , [[250 883]]
[[491 936]] , [[492 935]]
[[251 878]] , [[251 882]]
[[682 884]] , [[681 885]]
[[693 882]] , [[692 883]]
[[257 880]] , [[256 881]]
[[690 880]] , [[688 882]]
[[574 850]] , [[574 855]]
[[266 884]] , [[265 885]]
[[271 862]] , [[271 869]]
[[272 884]] , [[272 913]]
[[507 888]] , [[507 891]]
[[286 872]] , [[286 878]]
[[518 975]] , [[518 981]]
[[720 880]] , [[720 883]]
[[520 850]] , [[520 855]]
[[302 888]] , [[302 937]]
[[736 878]] , [[736 885]]
[[316 888]] , [[315 889]]
[[746 858]] , [[746 862]]
[[445 988]] , [[444 989]]
[[ 350 1070]] , [[ 350 1091]]
[[582 849]] , [[581 850]]
[[ 572 1072]] , [[ 572 1075]]
[[180 996]] , [[ 180 1001]]
[[368 980]] , [[368 987]]
[[ 601 1073]] , [[ 600 1074]]
[[158 864]] , [[158 889]]
[[596 854]] , [[596 859]]
[[608 891]] , [[608 893]]
[[400 928]] , [[400 937]]
[[ 238 1004]] , [[ 238 1005]]
[[180 908]] , [[180 917]]
[[405 970]] , [[406 969]]
[[194 944]] , [[194 949]]
[[628 886]] , [[628 887]]
[[194 878]] , [[194 883]]
[[482 838]] , [[482 843]]
[[572 846]] , [[572 851]]
[[676 834]] , [[676 835]]
[[488 842]] , [[488 847]]
[[440 834]] , [[440 835]]
[[430 846]] , [[430 851]]
[[438 838]] , [[438 843]]
[[653 856]] , [[654 855]]
[[831 882]] , [[832 881]]
[[486 834]] , [[486 835]]
[[ 430 1114]] , [[ 430 1118]]
[[ 375 1174]] , [[ 375 1183]]
[[ 434 1230]] , [[ 434 1243]]
[[ 598 1334]] , [[ 598 1339]]
[[ 597 1340]] , [[ 598 1339]]
[[ 736 1188]] , [[ 736 1193]]
[[ 216 1202]] , [[ 216 1213]]
[[ 406 1170]] , [[ 406 1175]]
[[ 734 1188]] , [[ 734 1193]]
[[ 734 1188]] , [[ 734 1193]]
[[ 734 1188]] , [[ 734 1193]]
[[ 218 1190]] , [[ 218 1195]]
[[ 218 1190]] , [[ 218 1195]]
[[ 220 1190]] , [[ 219 1191]]
