[[610 270]] , [[611 269]]
[[ 824 1556]] , [[ 824 1567]]
[[ 688 1518]] , [[ 688 1520]]
[[ 174 1580]] , [[ 174 1584]]
[[ 535 1576]] , [[ 535 1580]]
[[  78 1452]] , [[  78 1457]]
[[ 554 1482]] , [[ 554 1487]]
[[ 740 1470]] , [[ 740 1475]]
[[ 319 1576]] , [[ 318 1577]]
[[ 544 1546]] , [[ 544 1547]]
[[ 922 1589]] , [[ 922 1590]]
[[ 922 1589]] , [[ 922 1590]]
[[ 920 1591]] , [[ 920 1595]]
[[ 568 1556]] , [[ 568 1557]]
[[ 540 1572]] , [[ 540 1577]]
[[ 742 1564]] , [[ 742 1565]]
[[ 633 1570]] , [[ 633 1575]]
[[ 876 1818]] , [[ 876 1823]]
[[ 876 1818]] , [[ 876 1823]]
[[   4 1582]] , [[   4 1586]]
[[ 600 1562]] , [[ 600 1567]]
[[ 832 1656]] , [[ 832 1657]]
[[ 780 1820]] , [[ 780 1825]]
[[ 790 1810]] , [[ 790 1817]]
[[ 780 1820]] , [[ 780 1824]]
[[ 790 1820]] , [[ 790 1826]]
[[ 782 1820]] , [[ 782 1825]]
[[ 772 1820]] , [[ 772 1824]]
[[ 792 1820]] , [[ 792 1825]]
[[ 780 1810]] , [[ 780 1815]]
[[ 772 1820]] , [[ 772 1825]]
[[ 610 1568]] , [[ 610 1573]]
[[ 800 1806]] , [[ 800 1815]]
[[ 748 1786]] , [[ 748 1791]]
[[ 800 1808]] , [[ 800 1815]]
[[ 610 1568]] , [[ 610 1569]]
[[ 614 1564]] , [[ 614 1567]]
[[ 570 1566]] , [[ 570 1571]]
[[ 714 1570]] , [[ 714 1574]]
[[ 714 1570]] , [[ 714 1574]]
[[ 843 1822]] , [[ 843 1826]]
[[ 829 1816]] , [[ 829 1820]]
[[ 831 1816]] , [[ 831 1820]]
[[ 782 1566]] , [[ 782 1567]]
[[ 516 1575]] , [[ 516 1579]]
[[ 516 1575]] , [[ 516 1579]]
[[ 831 1816]] , [[ 831 1820]]
[[ 516 1575]] , [[ 516 1579]]
[[ 516 1575]] , [[ 516 1579]]
[[ 516 1575]] , [[ 516 1579]]
[[ 516 1575]] , [[ 516 1579]]
[[ 716 1570]] , [[ 716 1574]]
[[ 744 1568]] , [[ 744 1573]]
[[ 824 1810]] , [[ 824 1818]]
[[ 816 1810]] , [[ 816 1817]]
[[ 824 1810]] , [[ 824 1818]]
[[ 816 1810]] , [[ 816 1817]]
[[ 828 1812]] , [[ 828 1819]]
[[ 816 1810]] , [[ 816 1817]]
[[ 794 1822]] , [[ 794 1826]]
[[ 552 1564]] , [[ 552 1569]]
[[ 700 1566]] , [[ 700 1571]]
[[ 552 1566]] , [[ 552 1571]]
[[ 574 1556]] , [[ 574 1559]]
[[ 744 1568]] , [[ 744 1574]]
[[ 778 1568]] , [[ 778 1573]]
[[ 832 1642]] , [[ 832 1647]]
[[ 318 1579]] , [[ 318 1583]]
[[ 778 1568]] , [[ 778 1573]]
[[ 778 1568]] , [[ 778 1573]]
[[ 568 1568]] , [[ 568 1575]]
[[ 548 1568]] , [[ 548 1575]]
[[ 318 1579]] , [[ 318 1583]]
[[ 622 1478]] , [[ 622 1482]]
[[ 622 1478]] , [[ 622 1482]]
[[ 348 1488]] , [[ 348 1492]]
[[ 548 1568]] , [[ 548 1577]]
[[ 548 1568]] , [[ 548 1577]]
[[ 582 1568]] , [[ 582 1572]]
[[ 556 1572]] , [[ 556 1577]]
[[ 816 1814]] , [[ 816 1819]]
[[ 732 1804]] , [[ 732 1808]]
[[ 800 1818]] , [[ 800 1823]]
[[ 736 1568]] , [[ 736 1573]]
[[ 736 1568]] , [[ 736 1574]]
[[ 460 1577]] , [[ 460 1581]]
[[ 234 1579]] , [[ 234 1583]]
[[ 762 1570]] , [[ 762 1574]]
[[ 234 1579]] , [[ 234 1583]]
[[ 790 1776]] , [[ 790 1783]]
[[ 790 1776]] , [[ 790 1783]]
[[ 844 1568]] , [[ 844 1573]]
[[ 756 1570]] , [[ 756 1575]]
[[ 234 1579]] , [[ 234 1583]]
[[ 756 1570]] , [[ 756 1575]]
[[ 756 1570]] , [[ 756 1575]]
[[ 234 1579]] , [[ 234 1583]]
[[ 762 1570]] , [[ 762 1574]]
[[ 540 1573]] , [[ 540 1577]]
[[ 234 1579]] , [[ 234 1583]]
[[ 876 1564]] , [[ 876 1565]]
[[ 718 1568]] , [[ 718 1573]]
[[ 762 1570]] , [[ 762 1574]]
[[ 762 1570]] , [[ 762 1574]]
[[ 532 1566]] , [[ 531 1567]]
[[ 550 1566]] , [[ 550 1571]]
[[ 533 1566]] , [[ 532 1567]]
[[ 718 1568]] , [[ 718 1573]]
[[ 526 1574]] , [[ 526 1578]]
[[ 533 1566]] , [[ 532 1567]]
[[ 745 1570]] , [[ 745 1574]]
[[ 774 1636]] , [[ 774 1641]]
[[ 774 1568]] , [[ 774 1569]]
[[ 774 1568]] , [[ 774 1569]]
[[ 776 1636]] , [[ 776 1641]]
[[ 844 1568]] , [[ 844 1573]]
[[ 756 1570]] , [[ 756 1575]]
[[ 774 1636]] , [[ 774 1641]]
[[ 774 1568]] , [[ 774 1569]]
[[ 544 1558]] , [[ 544 1563]]
[[ 544 1558]] , [[ 544 1563]]
[[ 782 1566]] , [[ 782 1571]]
[[ 710 1564]] , [[ 710 1569]]
[[ 782 1564]] , [[ 782 1565]]
[[ 476 1576]] , [[ 476 1580]]
[[ 816 1814]] , [[ 816 1819]]
[[ 816 1814]] , [[ 816 1819]]
[[ 748 1568]] , [[ 748 1569]]
[[ 846 1568]] , [[ 846 1572]]
[[ 322 1577]] , [[ 321 1578]]
[[ 322 1577]] , [[ 321 1578]]
[[ 522 1575]] , [[ 522 1579]]
[[ 476 1576]] , [[ 476 1580]]
[[ 523 1574]] , [[ 522 1575]]
[[ 511 1576]] , [[ 511 1580]]
[[ 522 1576]] , [[ 522 1580]]
[[ 522 1576]] , [[ 522 1580]]
[[ 522 1576]] , [[ 522 1580]]
[[  36 1582]] , [[  36 1586]]
[[  32 1582]] , [[  32 1587]]
[[ 522 1576]] , [[ 522 1580]]
[[ 552 1572]] , [[ 552 1578]]
[[ 762 1568]] , [[ 762 1573]]
[[ 764 1568]] , [[ 764 1573]]
[[ 528 1576]] , [[ 528 1580]]
[[ 306 1579]] , [[ 306 1583]]
[[ 306 1579]] , [[ 306 1583]]
[[ 800 1814]] , [[ 800 1825]]
[[ 800 1812]] , [[ 800 1823]]
[[ 800 1812]] , [[ 800 1824]]
[[ 772 1770]] , [[ 772 1775]]
[[  50 1807]] , [[  50 1813]]
[[ 800 1812]] , [[ 800 1821]]
[[ 548 1816]] , [[ 548 1821]]
[[ 590 1686]] , [[ 590 1691]]
[[ 556 1572]] , [[ 556 1578]]
[[ 522 1800]] , [[ 522 1807]]
[[  66 1821]] , [[  65 1822]]
[[ 130 1825]] , [[ 130 1829]]
[[ 144 1827]] , [[ 144 1831]]
[[ 782 1820]] , [[ 782 1826]]
[[ 176 1824]] , [[ 176 1831]]
[[ 182 1824]] , [[ 182 1825]]
[[ 182 1824]] , [[ 182 1825]]
[[ 812 1822]] , [[ 812 1826]]
[[ 192 1824]] , [[ 192 1833]]
[[  70 1821]] , [[  70 1825]]
[[ 193 1822]] , [[ 192 1823]]
[[ 184 1820]] , [[ 184 1825]]
[[ 184 1820]] , [[ 184 1825]]
[[ 202 1825]] , [[ 202 1829]]
[[ 225 1827]] , [[ 225 1828]]
[[  52 1820]] , [[  52 1825]]
[[ 128 1825]] , [[ 128 1829]]
[[ 193 1823]] , [[ 192 1824]]
[[ 408 1808]] , [[ 408 1811]]
[[ 647 1809]] , [[ 645 1811]]
[[  64 1814]] , [[  64 1821]]
[[  12 1819]] , [[  11 1820]]
[[ 786 1820]] , [[ 786 1825]]
[[ 194 1824]] , [[ 194 1831]]
[[ 352 1826]] , [[ 352 1827]]
[[  48 1818]] , [[  48 1823]]
[[ 181 1819]] , [[ 181 1825]]
[[  46 1816]] , [[  46 1823]]
[[ 332 1824]] , [[ 332 1829]]
[[  46 1816]] , [[  46 1823]]
[[ 346 1824]] , [[ 346 1829]]
[[ 346 1824]] , [[ 346 1829]]
[[  68 1824]] , [[  68 1828]]
[[  68 1824]] , [[  68 1828]]
[[   5 1818]] , [[   4 1819]]
[[ 842 1822]] , [[ 842 1826]]
[[   2 1819]] , [[   2 1823]]
[[   2 1819]] , [[   2 1823]]
[[  42 1820]] , [[  42 1825]]
[[ 429 1823]] , [[ 429 1827]]
[[ 492 1797]] , [[ 492 1801]]
[[ 512 1818]] , [[ 512 1823]]
[[ 518 1814]] , [[ 518 1815]]
[[  44 1819]] , [[  44 1823]]
[[  26 1818]] , [[  26 1819]]
[[  26 1818]] , [[  26 1819]]
[[ 579 1792]] , [[ 579 1797]]
[[ 581 1794]] , [[ 581 1798]]
[[  22 1822]] , [[  22 1826]]
[[ 291 1827]] , [[ 291 1831]]
[[ 291 1824]] , [[ 290 1825]]
[[ 770 1818]] , [[ 770 1823]]
[[ 293 1824]] , [[ 292 1825]]
[[ 428 1824]] , [[ 428 1825]]
[[ 428 1824]] , [[ 428 1825]]
[[ 848 1824]] , [[ 848 1828]]
[[ 790 1822]] , [[ 790 1826]]
[[ 428 1824]] , [[ 428 1825]]
[[ 750 1812]] , [[ 750 1817]]
[[ 832 1816]] , [[ 832 1820]]
[[  36 1810]] , [[  36 1815]]
[[ 833 1816]] , [[ 833 1820]]
[[  36 1810]] , [[  36 1815]]
[[  52 1820]] , [[  52 1825]]
[[  36 1810]] , [[  36 1815]]
[[  36 1810]] , [[  36 1815]]
[[  26 1818]] , [[  26 1823]]
[[  26 1818]] , [[  26 1823]]
[[  27 1814]] , [[  26 1815]]
[[ 472 1577]] , [[ 472 1581]]
[[ 725 1812]] , [[ 725 1816]]
[[  26 1814]] , [[  26 1823]]
[[ 472 1577]] , [[ 472 1581]]
[[ 758 1808]] , [[ 758 1813]]
[[  26 1814]] , [[  26 1823]]
[[  16 1816]] , [[  16 1818]]
[[ 476 1576]] , [[ 476 1580]]
[[  16 1812]] , [[  16 1813]]
[[  16 1812]] , [[  16 1813]]
[[ 800 1808]] , [[ 800 1815]]
[[ 512 1576]] , [[ 511 1577]]
[[ 472 1577]] , [[ 472 1581]]
[[ 512 1576]] , [[ 512 1581]]
[[ 510 1576]] , [[ 509 1577]]
[[ 520 1575]] , [[ 520 1580]]
[[ 254 1579]] , [[ 254 1583]]
[[ 921 1594]] , [[ 921 1598]]
[[ 617 1572]] , [[ 617 1576]]
[[ 617 1572]] , [[ 617 1576]]
[[ 780 1568]] , [[ 780 1573]]
[[ 792 1568]] , [[ 792 1572]]
[[ 778 1568]] , [[ 778 1574]]
[[ 584 1574]] , [[ 584 1578]]
[[ 608 1568]] , [[ 608 1574]]
[[ 632 1476]] , [[ 632 1481]]
[[ 778 1568]] , [[ 778 1573]]
[[   2 1581]] , [[   2 1585]]
[[ 780 1566]] , [[ 780 1567]]
[[ 800 1814]] , [[ 800 1819]]
[[ 846 1568]] , [[ 846 1572]]
[[ 848 1568]] , [[ 848 1573]]
[[ 808 1820]] , [[ 808 1825]]
[[ 784 1632]] , [[ 784 1639]]
[[ 848 1568]] , [[ 848 1573]]
[[ 846 1568]] , [[ 846 1572]]
[[ 546 1575]] , [[ 546 1579]]
[[ 852 1568]] , [[ 852 1573]]
[[ 742 1570]] , [[ 742 1574]]
[[ 749 1572]] , [[ 749 1576]]
[[ 234 1579]] , [[ 234 1583]]
[[ 828 1816]] , [[ 828 1820]]
[[ 828 1816]] , [[ 828 1820]]
[[ 828 1816]] , [[ 828 1820]]
[[ 234 1579]] , [[ 234 1583]]
[[ 768 1792]] , [[ 768 1797]]
[[ 234 1579]] , [[ 234 1583]]
[[ 768 1796]] , [[ 768 1803]]
[[ 728 1644]] , [[ 728 1649]]
[[ 880 1808]] , [[ 880 1813]]
[[ 556 1573]] , [[ 556 1577]]
[[ 751 1572]] , [[ 751 1576]]
[[ 751 1572]] , [[ 751 1576]]
[[ 733 1469]] , [[ 733 1473]]
[[ 751 1572]] , [[ 751 1576]]
[[ 538 1572]] , [[ 538 1577]]
[[ 538 1572]] , [[ 538 1577]]
[[ 186 1823]] , [[ 186 1827]]
[[ 538 1572]] , [[ 538 1577]]
[[ 544 1568]] , [[ 544 1571]]
[[ 232 1578]] , [[ 232 1583]]
[[ 586 1568]] , [[ 586 1569]]
[[ 786 1568]] , [[ 786 1572]]
[[ 812 1808]] , [[ 812 1809]]
[[ 832 1814]] , [[ 832 1819]]
[[ 798 1814]] , [[ 798 1823]]
[[ 620 1572]] , [[ 620 1576]]
[[ 620 1572]] , [[ 620 1576]]
[[ 620 1572]] , [[ 620 1576]]
[[ 482 1824]] , [[ 482 1829]]
[[ 482 1824]] , [[ 482 1829]]
[[ 816 1822]] , [[ 816 1827]]
[[ 564 1570]] , [[ 564 1573]]
[[ 800 1560]] , [[ 800 1565]]
[[ 536 1572]] , [[ 536 1577]]
[[ 738 1568]] , [[ 738 1573]]
[[ 548 1568]] , [[ 548 1569]]
[[ 752 1814]] , [[ 752 1823]]
[[ 698 1564]] , [[ 698 1569]]
[[ 716 1473]] , [[ 716 1479]]
[[ 234 1579]] , [[ 234 1583]]
[[ 234 1579]] , [[ 234 1583]]
[[ 701 1568]] , [[ 701 1572]]
[[ 824 1816]] , [[ 824 1821]]
[[ 130 1824]] , [[ 130 1832]]
[[ 808 1812]] , [[ 808 1815]]
[[ 538 1572]] , [[ 538 1577]]
[[ 808 1818]] , [[ 808 1823]]
[[ 828 1816]] , [[ 828 1821]]
[[ 128 1824]] , [[ 128 1833]]
[[ 824 1816]] , [[ 824 1821]]
[[ 824 1816]] , [[ 824 1821]]
[[ 824 1816]] , [[ 824 1821]]
[[ 180 1827]] , [[ 180 1831]]
[[ 852 1824]] , [[ 852 1829]]
[[ 178 1827]] , [[ 178 1831]]
[[  56 1824]] , [[  56 1828]]
[[ 808 1818]] , [[ 808 1823]]
[[ 882 1820]] , [[ 882 1825]]
[[ 512 1810]] , [[ 512 1817]]
[[ 159 1360]] , [[ 158 1361]]
[[ 336 1577]] , [[ 336 1581]]
[[ 528 1571]] , [[ 528 1575]]
[[ 602 1568]] , [[ 602 1575]]
[[ 821 1818]] , [[ 821 1822]]
[[   9 1822]] , [[   9 1826]]
[[  96 1581]] , [[  96 1585]]
[[ 810 1810]] , [[ 810 1811]]
[[ 800 1816]] , [[ 800 1821]]
[[ 554 1570]] , [[ 554 1577]]
[[  21 1817]] , [[  21 1818]]
[[  19 1816]] , [[  19 1818]]
[[ 886 1820]] , [[ 886 1821]]
[[  19 1816]] , [[  19 1818]]
[[  19 1817]] , [[  19 1818]]
[[  19 1817]] , [[  18 1818]]
[[  20 1818]] , [[  20 1823]]
[[  32 1818]] , [[  32 1823]]
[[ 880 1820]] , [[ 880 1825]]
[[  44 1820]] , [[  44 1825]]
[[ 884 1822]] , [[ 884 1826]]
[[ 875 1820]] , [[ 874 1821]]
[[ 778 1784]] , [[ 778 1789]]
[[ 522 1570]] , [[ 522 1579]]
[[ 760 1806]] , [[ 760 1807]]
[[ 762 1760]] , [[ 762 1765]]
[[  16 1820]] , [[  16 1825]]
[[  32 1820]] , [[  32 1825]]
[[ 762 1794]] , [[ 762 1799]]
[[ 764 1568]] , [[ 764 1569]]
[[  16 1818]] , [[  15 1819]]
[[  16 1820]] , [[  16 1825]]
[[  16 1819]] , [[  16 1823]]
[[  40 1820]] , [[  40 1825]]
[[ 188 1827]] , [[ 188 1831]]
[[  16 1820]] , [[  16 1825]]
[[  26 1820]] , [[  26 1825]]
[[  26 1820]] , [[  26 1825]]
[[  40 1820]] , [[  40 1825]]
[[  40 1820]] , [[  40 1825]]
[[  27 1819]] , [[  26 1820]]
[[  27 1819]] , [[  26 1820]]
[[  42 1820]] , [[  42 1825]]
[[ 672 1784]] , [[ 672 1789]]
[[ 758 1818]] , [[ 758 1823]]
[[ 540 1570]] , [[ 540 1575]]
[[ 540 1570]] , [[ 540 1575]]
[[ 762 1570]] , [[ 762 1574]]
[[ 762 1568]] , [[ 762 1574]]
[[ 570 1568]] , [[ 570 1573]]
[[ 520 1756]] , [[ 520 1761]]
[[ 818 1816]] , [[ 818 1817]]
[[ 784 1820]] , [[ 784 1825]]
[[ 818 1814]] , [[ 818 1815]]
[[ 526 1574]] , [[ 526 1579]]
[[ 816 1816]] , [[ 816 1823]]
[[  10 1816]] , [[  10 1821]]
[[ 750 1776]] , [[ 750 1781]]
[[ 889 1820]] , [[ 889 1824]]
[[ 880 1820]] , [[ 880 1825]]
[[ 880 1820]] , [[ 880 1825]]
[[ 758 1814]] , [[ 758 1815]]
[[  46 1822]] , [[  46 1828]]
[[ 876 1820]] , [[ 876 1824]]
[[ 884 1820]] , [[ 884 1824]]
[[ 798 1814]] , [[ 798 1822]]
[[ 772 1742]] , [[ 772 1748]]
[[ 552 1796]] , [[ 552 1801]]
[[ 790 1664]] , [[ 790 1669]]
[[ 670 1726]] , [[ 670 1733]]
[[ 672 1724]] , [[ 672 1727]]
[[ 544 1562]] , [[ 544 1567]]
[[ 886 1819]] , [[ 886 1823]]
[[  82 1822]] , [[  82 1823]]
[[  26 1820]] , [[  26 1825]]
[[ 728 1570]] , [[ 728 1574]]
[[ 832 1562]] , [[ 832 1569]]
[[ 604 1728]] , [[ 604 1735]]
[[ 176 1579]] , [[ 176 1583]]
[[  32 1820]] , [[  32 1821]]
[[ 314 1579]] , [[ 314 1583]]
[[ 722 1800]] , [[ 722 1804]]
[[ 176 1580]] , [[ 176 1584]]
[[  34 1822]] , [[  34 1826]]
[[ 864 1824]] , [[ 864 1828]]
[[ 459 1822]] , [[ 458 1823]]
[[ 845 1822]] , [[ 845 1826]]
[[  42 1818]] , [[  42 1823]]
[[  10 1822]] , [[  10 1827]]
[[   2 1822]] , [[   2 1828]]
[[  24 1818]] , [[  24 1823]]
[[  26 1818]] , [[  26 1823]]
[[ 780 1636]] , [[ 780 1641]]
[[ 312 1579]] , [[ 312 1583]]
[[ 780 1636]] , [[ 780 1641]]
[[ 278 1579]] , [[ 278 1583]]
[[  60 1821]] , [[  60 1825]]
[[  50 1818]] , [[  50 1819]]
[[ 548 1760]] , [[ 548 1765]]
[[  48 1814]] , [[  48 1817]]
[[ 593 1817]] , [[ 593 1821]]
[[  78 1818]] , [[  78 1819]]
[[  40 1810]] , [[  40 1811]]
[[  32 1814]] , [[  32 1823]]
[[ 672 1817]] , [[ 672 1823]]
[[  62 1824]] , [[  62 1828]]
[[ 672 1817]] , [[ 672 1823]]
[[ 160 1824]] , [[ 160 1831]]
[[  54 1824]] , [[  54 1829]]
[[ 394 1824]] , [[ 394 1826]]
[[   6 1814]] , [[   6 1819]]
[[   6 1814]] , [[   6 1819]]
[[   6 1814]] , [[   6 1819]]
[[ 616 1810]] , [[ 616 1815]]
[[  16 1822]] , [[  16 1826]]
[[  24 1820]] , [[  24 1824]]
[[  40 1818]] , [[  40 1825]]
[[ 496 1816]] , [[ 496 1823]]
[[ 175 1827]] , [[ 175 1831]]
[[ 174 1824]] , [[ 174 1831]]
[[ 176 1824]] , [[ 176 1825]]
[[ 161 1822]] , [[ 159 1824]]
[[ 164 1824]] , [[ 164 1829]]
[[ 164 1824]] , [[ 164 1829]]
[[  16 1822]] , [[  16 1826]]
[[  42 1816]] , [[  42 1823]]
[[  15 1819]] , [[  15 1823]]
[[ 753 1816]] , [[ 753 1820]]
[[  28 1818]] , [[  28 1823]]
[[ 824 1816]] , [[ 824 1820]]
[[ 882 1816]] , [[ 882 1823]]
[[ 578 1821]] , [[ 578 1825]]
[[  48 1820]] , [[  48 1825]]
[[ 825 1816]] , [[ 825 1820]]
[[  48 1820]] , [[  48 1825]]
[[  86 1826]] , [[  86 1831]]
[[ 218 1828]] , [[ 218 1829]]
[[ 238 1828]] , [[ 238 1833]]
[[ 218 1828]] , [[ 218 1829]]
[[ 850 1824]] , [[ 850 1828]]
[[ 200 1828]] , [[ 200 1833]]
[[ 800 1820]] , [[ 800 1825]]
[[ 800 1820]] , [[ 800 1825]]
[[ 848 1822]] , [[ 848 1828]]
[[ 194 1828]] , [[ 194 1833]]
[[ 848 1822]] , [[ 848 1827]]
[[ 194 1828]] , [[ 194 1833]]
[[  80 1826]] , [[  80 1830]]
[[ 532 1816]] , [[ 532 1821]]
[[ 848 1822]] , [[ 848 1827]]
[[  36 1820]] , [[  36 1825]]
[[ 490 1824]] , [[ 490 1828]]
[[  36 1818]] , [[  36 1824]]
[[ 533 1744]] , [[ 533 1747]]
[[   4 1820]] , [[   4 1825]]
[[  30 1816]] , [[  30 1821]]
[[ 176 1820]] , [[ 176 1823]]
[[ 188 1828]] , [[ 188 1833]]
[[ 175 1823]] , [[ 174 1824]]
[[ 849 1824]] , [[ 849 1828]]
[[ 172 1824]] , [[ 172 1832]]
[[ 486 1824]] , [[ 486 1829]]
[[ 514 1824]] , [[ 514 1828]]
[[   0 1816]] , [[   0 1823]]
[[ 132 1824]] , [[ 132 1831]]
[[ 132 1824]] , [[ 132 1831]]
[[ 134 1824]] , [[ 134 1826]]
[[ 398 1825]] , [[ 398 1830]]
[[  50 1819]] , [[  50 1825]]
[[  50 1819]] , [[  50 1823]]
[[  48 1810]] , [[  48 1817]]
[[ 804 1818]] , [[ 804 1823]]
[[ 124 1824]] , [[ 124 1829]]
[[  34 1809]] , [[  33 1810]]
[[  16 1819]] , [[  16 1823]]
[[  17 1818]] , [[  16 1819]]
[[  16 1818]] , [[  16 1823]]
[[  39 1812]] , [[  38 1813]]
[[  44 1813]] , [[  44 1817]]
[[  44 1813]] , [[  44 1817]]
[[   0 1816]] , [[   0 1821]]
[[   3 1814]] , [[   2 1815]]
[[ 880 1810]] , [[ 880 1817]]
[[   3 1814]] , [[   3 1815]]
[[ 846 1822]] , [[ 846 1827]]
[[ 720 1808]] , [[ 720 1812]]
[[ 720 1808]] , [[ 720 1812]]
[[ 832 1809]] , [[ 832 1815]]
[[  47 1822]] , [[  47 1826]]
[[ 836 1811]] , [[ 836 1815]]
[[ 790 1814]] , [[ 790 1819]]
[[ 792 1820]] , [[ 792 1825]]
[[ 824 1816]] , [[ 824 1820]]
[[  64 1824]] , [[  64 1829]]
[[  44 1820]] , [[  44 1821]]
[[ 748 1808]] , [[ 748 1814]]
[[ 800 1820]] , [[ 800 1826]]
[[ 744 1808]] , [[ 743 1809]]
[[  42 1820]] , [[  42 1825]]
[[ 730 1792]] , [[ 730 1797]]
[[ 184 1579]] , [[ 184 1583]]
[[ 888 1570]] , [[ 888 1574]]
[[  42 1820]] , [[  42 1825]]
[[  17 1818]] , [[  16 1819]]
[[  37 1820]] , [[  37 1824]]
[[  42 1820]] , [[  42 1824]]
[[ 765 1822]] , [[ 765 1826]]
[[   0 1822]] , [[   0 1827]]
[[ 760 1812]] , [[ 760 1817]]
[[  22 1822]] , [[  22 1826]]
[[ 115 1824]] , [[ 114 1825]]
[[ 116 1824]] , [[ 116 1829]]
[[  22 1814]] , [[  22 1815]]
[[ 116 1824]] , [[ 116 1829]]
[[  22 1814]] , [[  22 1817]]
[[ 800 1818]] , [[ 800 1822]]
[[  24 1816]] , [[  24 1821]]
[[ 332 1827]] , [[ 332 1831]]
[[ 804 1820]] , [[ 804 1821]]
[[ 747 1806]] , [[ 747 1808]]
[[ 773 1790]] , [[ 773 1794]]
[[ 752 1812]] , [[ 752 1817]]
[[ 756 1808]] , [[ 756 1809]]
[[ 564 1570]] , [[ 564 1571]]
[[ 555 1786]] , [[ 555 1790]]
[[ 810 1822]] , [[ 810 1827]]
[[ 810 1820]] , [[ 810 1828]]
[[ 124 1826]] , [[ 124 1830]]
[[ 148 1827]] , [[ 148 1831]]
[[ 556 1804]] , [[ 556 1805]]
[[ 824 1556]] , [[ 824 1567]]
[[ 688 1518]] , [[ 688 1520]]
[[ 174 1580]] , [[ 174 1584]]
[[ 535 1576]] , [[ 535 1580]]
[[  78 1452]] , [[  78 1457]]
[[ 554 1482]] , [[ 554 1487]]
[[ 740 1470]] , [[ 740 1475]]
[[ 319 1576]] , [[ 318 1577]]
[[ 544 1546]] , [[ 544 1547]]
[[ 922 1589]] , [[ 922 1590]]
[[ 922 1589]] , [[ 922 1590]]
[[ 920 1591]] , [[ 920 1595]]
[[ 568 1556]] , [[ 568 1557]]
[[ 540 1572]] , [[ 540 1577]]
[[ 742 1564]] , [[ 742 1565]]
[[ 633 1570]] , [[ 633 1575]]
[[ 876 1818]] , [[ 876 1823]]
[[ 876 1818]] , [[ 876 1823]]
[[   4 1582]] , [[   4 1586]]
[[ 600 1562]] , [[ 600 1567]]
[[ 832 1656]] , [[ 832 1657]]
[[ 780 1820]] , [[ 780 1825]]
[[ 790 1810]] , [[ 790 1817]]
[[ 780 1820]] , [[ 780 1824]]
[[ 790 1820]] , [[ 790 1826]]
[[ 782 1820]] , [[ 782 1825]]
[[ 772 1820]] , [[ 772 1824]]
[[ 792 1820]] , [[ 792 1825]]
[[ 780 1810]] , [[ 780 1815]]
[[ 772 1820]] , [[ 772 1825]]
[[ 610 1568]] , [[ 610 1573]]
[[ 800 1806]] , [[ 800 1815]]
[[ 748 1786]] , [[ 748 1791]]
[[ 800 1808]] , [[ 800 1815]]
[[ 610 1568]] , [[ 610 1569]]
[[ 614 1564]] , [[ 614 1567]]
[[ 570 1566]] , [[ 570 1571]]
[[ 714 1570]] , [[ 714 1574]]
[[ 714 1570]] , [[ 714 1574]]
[[ 843 1822]] , [[ 843 1826]]
[[ 829 1816]] , [[ 829 1820]]
[[ 831 1816]] , [[ 831 1820]]
[[ 782 1566]] , [[ 782 1567]]
[[ 516 1575]] , [[ 516 1579]]
[[ 516 1575]] , [[ 516 1579]]
[[ 831 1816]] , [[ 831 1820]]
[[ 516 1575]] , [[ 516 1579]]
[[ 516 1575]] , [[ 516 1579]]
[[ 516 1575]] , [[ 516 1579]]
[[ 516 1575]] , [[ 516 1579]]
[[ 716 1570]] , [[ 716 1574]]
[[ 744 1568]] , [[ 744 1573]]
[[ 824 1810]] , [[ 824 1818]]
[[ 816 1810]] , [[ 816 1817]]
[[ 824 1810]] , [[ 824 1818]]
[[ 816 1810]] , [[ 816 1817]]
[[ 828 1812]] , [[ 828 1819]]
[[ 816 1810]] , [[ 816 1817]]
[[ 794 1822]] , [[ 794 1826]]
[[ 552 1564]] , [[ 552 1569]]
[[ 700 1566]] , [[ 700 1571]]
[[ 552 1566]] , [[ 552 1571]]
[[ 574 1556]] , [[ 574 1559]]
[[ 744 1568]] , [[ 744 1574]]
[[ 778 1568]] , [[ 778 1573]]
[[ 832 1642]] , [[ 832 1647]]
[[ 318 1579]] , [[ 318 1583]]
[[ 778 1568]] , [[ 778 1573]]
[[ 778 1568]] , [[ 778 1573]]
[[ 568 1568]] , [[ 568 1575]]
[[ 548 1568]] , [[ 548 1575]]
[[ 318 1579]] , [[ 318 1583]]
[[ 622 1478]] , [[ 622 1482]]
[[ 622 1478]] , [[ 622 1482]]
[[ 348 1488]] , [[ 348 1492]]
[[ 548 1568]] , [[ 548 1577]]
[[ 548 1568]] , [[ 548 1577]]
[[ 582 1568]] , [[ 582 1572]]
[[ 556 1572]] , [[ 556 1577]]
[[ 816 1814]] , [[ 816 1819]]
[[ 732 1804]] , [[ 732 1808]]
[[ 800 1818]] , [[ 800 1823]]
[[ 736 1568]] , [[ 736 1573]]
[[ 736 1568]] , [[ 736 1574]]
[[ 460 1577]] , [[ 460 1581]]
[[ 234 1579]] , [[ 234 1583]]
[[ 762 1570]] , [[ 762 1574]]
[[ 234 1579]] , [[ 234 1583]]
[[ 790 1776]] , [[ 790 1783]]
[[ 790 1776]] , [[ 790 1783]]
[[ 844 1568]] , [[ 844 1573]]
[[ 756 1570]] , [[ 756 1575]]
[[ 234 1579]] , [[ 234 1583]]
[[ 756 1570]] , [[ 756 1575]]
[[ 756 1570]] , [[ 756 1575]]
[[ 234 1579]] , [[ 234 1583]]
[[ 762 1570]] , [[ 762 1574]]
[[ 540 1573]] , [[ 540 1577]]
[[ 234 1579]] , [[ 234 1583]]
[[ 876 1564]] , [[ 876 1565]]
[[ 718 1568]] , [[ 718 1573]]
[[ 762 1570]] , [[ 762 1574]]
[[ 762 1570]] , [[ 762 1574]]
[[ 532 1566]] , [[ 531 1567]]
[[ 550 1566]] , [[ 550 1571]]
[[ 533 1566]] , [[ 532 1567]]
[[ 718 1568]] , [[ 718 1573]]
[[ 526 1574]] , [[ 526 1578]]
[[ 533 1566]] , [[ 532 1567]]
[[ 745 1570]] , [[ 745 1574]]
[[ 774 1636]] , [[ 774 1641]]
[[ 774 1568]] , [[ 774 1569]]
[[ 774 1568]] , [[ 774 1569]]
[[ 776 1636]] , [[ 776 1641]]
[[ 844 1568]] , [[ 844 1573]]
[[ 756 1570]] , [[ 756 1575]]
[[ 774 1636]] , [[ 774 1641]]
[[ 774 1568]] , [[ 774 1569]]
[[ 544 1558]] , [[ 544 1563]]
[[ 544 1558]] , [[ 544 1563]]
[[ 782 1566]] , [[ 782 1571]]
[[ 710 1564]] , [[ 710 1569]]
[[ 782 1564]] , [[ 782 1565]]
[[ 476 1576]] , [[ 476 1580]]
[[ 816 1814]] , [[ 816 1819]]
[[ 816 1814]] , [[ 816 1819]]
[[ 748 1568]] , [[ 748 1569]]
[[ 846 1568]] , [[ 846 1572]]
[[ 322 1577]] , [[ 321 1578]]
[[ 322 1577]] , [[ 321 1578]]
[[ 522 1575]] , [[ 522 1579]]
[[ 476 1576]] , [[ 476 1580]]
[[ 523 1574]] , [[ 522 1575]]
[[ 511 1576]] , [[ 511 1580]]
[[ 522 1576]] , [[ 522 1580]]
[[ 522 1576]] , [[ 522 1580]]
[[ 522 1576]] , [[ 522 1580]]
[[  36 1582]] , [[  36 1586]]
[[  32 1582]] , [[  32 1587]]
[[ 522 1576]] , [[ 522 1580]]
[[ 552 1572]] , [[ 552 1578]]
[[ 762 1568]] , [[ 762 1573]]
[[ 764 1568]] , [[ 764 1573]]
[[ 528 1576]] , [[ 528 1580]]
[[ 306 1579]] , [[ 306 1583]]
[[ 306 1579]] , [[ 306 1583]]
[[ 800 1814]] , [[ 800 1825]]
[[ 800 1812]] , [[ 800 1823]]
[[ 800 1812]] , [[ 800 1824]]
[[ 772 1770]] , [[ 772 1775]]
[[  50 1807]] , [[  50 1813]]
[[ 800 1812]] , [[ 800 1821]]
[[ 548 1816]] , [[ 548 1821]]
[[ 590 1686]] , [[ 590 1691]]
[[ 556 1572]] , [[ 556 1578]]
[[ 522 1800]] , [[ 522 1807]]
[[  66 1821]] , [[  65 1822]]
[[ 130 1825]] , [[ 130 1829]]
[[ 144 1827]] , [[ 144 1831]]
[[ 782 1820]] , [[ 782 1826]]
[[ 176 1824]] , [[ 176 1831]]
[[ 182 1824]] , [[ 182 1825]]
[[ 182 1824]] , [[ 182 1825]]
[[ 812 1822]] , [[ 812 1826]]
[[ 192 1824]] , [[ 192 1833]]
[[  70 1821]] , [[  70 1825]]
[[ 193 1822]] , [[ 192 1823]]
[[ 184 1820]] , [[ 184 1825]]
[[ 184 1820]] , [[ 184 1825]]
[[ 202 1825]] , [[ 202 1829]]
[[ 225 1827]] , [[ 225 1828]]
[[  52 1820]] , [[  52 1825]]
[[ 128 1825]] , [[ 128 1829]]
[[ 193 1823]] , [[ 192 1824]]
[[ 408 1808]] , [[ 408 1811]]
[[ 647 1809]] , [[ 645 1811]]
[[  64 1814]] , [[  64 1821]]
[[  12 1819]] , [[  11 1820]]
[[ 786 1820]] , [[ 786 1825]]
[[ 194 1824]] , [[ 194 1831]]
[[ 352 1826]] , [[ 352 1827]]
[[  48 1818]] , [[  48 1823]]
[[ 181 1819]] , [[ 181 1825]]
[[  46 1816]] , [[  46 1823]]
[[ 332 1824]] , [[ 332 1829]]
[[  46 1816]] , [[  46 1823]]
[[ 346 1824]] , [[ 346 1829]]
[[ 346 1824]] , [[ 346 1829]]
[[  68 1824]] , [[  68 1828]]
[[  68 1824]] , [[  68 1828]]
[[   5 1818]] , [[   4 1819]]
[[ 842 1822]] , [[ 842 1826]]
[[   2 1819]] , [[   2 1823]]
[[   2 1819]] , [[   2 1823]]
[[  42 1820]] , [[  42 1825]]
[[ 429 1823]] , [[ 429 1827]]
[[ 492 1797]] , [[ 492 1801]]
[[ 512 1818]] , [[ 512 1823]]
[[ 518 1814]] , [[ 518 1815]]
[[  44 1819]] , [[  44 1823]]
[[  26 1818]] , [[  26 1819]]
[[  26 1818]] , [[  26 1819]]
[[ 579 1792]] , [[ 579 1797]]
[[ 581 1794]] , [[ 581 1798]]
[[  22 1822]] , [[  22 1826]]
[[ 291 1827]] , [[ 291 1831]]
[[ 291 1824]] , [[ 290 1825]]
[[ 770 1818]] , [[ 770 1823]]
[[ 293 1824]] , [[ 292 1825]]
[[ 428 1824]] , [[ 428 1825]]
[[ 428 1824]] , [[ 428 1825]]
[[ 848 1824]] , [[ 848 1828]]
[[ 790 1822]] , [[ 790 1826]]
[[ 428 1824]] , [[ 428 1825]]
[[ 750 1812]] , [[ 750 1817]]
[[ 832 1816]] , [[ 832 1820]]
[[  36 1810]] , [[  36 1815]]
[[ 833 1816]] , [[ 833 1820]]
[[  36 1810]] , [[  36 1815]]
[[  52 1820]] , [[  52 1825]]
[[  36 1810]] , [[  36 1815]]
[[  36 1810]] , [[  36 1815]]
[[  26 1818]] , [[  26 1823]]
[[  26 1818]] , [[  26 1823]]
[[  27 1814]] , [[  26 1815]]
[[ 472 1577]] , [[ 472 1581]]
[[ 725 1812]] , [[ 725 1816]]
[[  26 1814]] , [[  26 1823]]
[[ 472 1577]] , [[ 472 1581]]
[[ 758 1808]] , [[ 758 1813]]
[[  26 1814]] , [[  26 1823]]
[[  16 1816]] , [[  16 1818]]
[[ 476 1576]] , [[ 476 1580]]
[[  16 1812]] , [[  16 1813]]
[[  16 1812]] , [[  16 1813]]
[[ 800 1808]] , [[ 800 1815]]
[[ 512 1576]] , [[ 511 1577]]
[[ 472 1577]] , [[ 472 1581]]
[[ 512 1576]] , [[ 512 1581]]
[[ 510 1576]] , [[ 509 1577]]
[[ 520 1575]] , [[ 520 1580]]
[[ 254 1579]] , [[ 254 1583]]
[[ 921 1594]] , [[ 921 1598]]
[[ 617 1572]] , [[ 617 1576]]
[[ 617 1572]] , [[ 617 1576]]
[[ 780 1568]] , [[ 780 1573]]
[[ 792 1568]] , [[ 792 1572]]
[[ 778 1568]] , [[ 778 1574]]
[[ 584 1574]] , [[ 584 1578]]
[[ 608 1568]] , [[ 608 1574]]
[[ 632 1476]] , [[ 632 1481]]
[[ 778 1568]] , [[ 778 1573]]
[[   2 1581]] , [[   2 1585]]
[[ 780 1566]] , [[ 780 1567]]
[[ 800 1814]] , [[ 800 1819]]
[[ 846 1568]] , [[ 846 1572]]
[[ 848 1568]] , [[ 848 1573]]
[[ 808 1820]] , [[ 808 1825]]
[[ 784 1632]] , [[ 784 1639]]
[[ 848 1568]] , [[ 848 1573]]
[[ 846 1568]] , [[ 846 1572]]
[[ 546 1575]] , [[ 546 1579]]
[[ 852 1568]] , [[ 852 1573]]
[[ 742 1570]] , [[ 742 1574]]
[[ 749 1572]] , [[ 749 1576]]
[[ 234 1579]] , [[ 234 1583]]
[[ 828 1816]] , [[ 828 1820]]
[[ 828 1816]] , [[ 828 1820]]
[[ 828 1816]] , [[ 828 1820]]
[[ 234 1579]] , [[ 234 1583]]
[[ 768 1792]] , [[ 768 1797]]
[[ 234 1579]] , [[ 234 1583]]
[[ 768 1796]] , [[ 768 1803]]
[[ 728 1644]] , [[ 728 1649]]
[[ 880 1808]] , [[ 880 1813]]
[[ 556 1573]] , [[ 556 1577]]
[[ 751 1572]] , [[ 751 1576]]
[[ 751 1572]] , [[ 751 1576]]
[[ 733 1469]] , [[ 733 1473]]
[[ 751 1572]] , [[ 751 1576]]
[[ 538 1572]] , [[ 538 1577]]
[[ 538 1572]] , [[ 538 1577]]
[[ 186 1823]] , [[ 186 1827]]
[[ 538 1572]] , [[ 538 1577]]
[[ 544 1568]] , [[ 544 1571]]
[[ 232 1578]] , [[ 232 1583]]
[[ 586 1568]] , [[ 586 1569]]
[[ 786 1568]] , [[ 786 1572]]
[[ 812 1808]] , [[ 812 1809]]
[[ 832 1814]] , [[ 832 1819]]
[[ 798 1814]] , [[ 798 1823]]
[[ 620 1572]] , [[ 620 1576]]
[[ 620 1572]] , [[ 620 1576]]
[[ 620 1572]] , [[ 620 1576]]
[[ 482 1824]] , [[ 482 1829]]
[[ 482 1824]] , [[ 482 1829]]
[[ 816 1822]] , [[ 816 1827]]
[[ 564 1570]] , [[ 564 1573]]
[[ 800 1560]] , [[ 800 1565]]
[[ 536 1572]] , [[ 536 1577]]
[[ 738 1568]] , [[ 738 1573]]
[[ 548 1568]] , [[ 548 1569]]
[[ 752 1814]] , [[ 752 1823]]
[[ 698 1564]] , [[ 698 1569]]
[[ 716 1473]] , [[ 716 1479]]
[[ 234 1579]] , [[ 234 1583]]
[[ 234 1579]] , [[ 234 1583]]
[[ 701 1568]] , [[ 701 1572]]
[[ 824 1816]] , [[ 824 1821]]
[[ 130 1824]] , [[ 130 1832]]
[[ 808 1812]] , [[ 808 1815]]
[[ 538 1572]] , [[ 538 1577]]
[[ 808 1818]] , [[ 808 1823]]
[[ 828 1816]] , [[ 828 1821]]
[[ 128 1824]] , [[ 128 1833]]
[[ 824 1816]] , [[ 824 1821]]
[[ 824 1816]] , [[ 824 1821]]
[[ 824 1816]] , [[ 824 1821]]
[[ 180 1827]] , [[ 180 1831]]
[[ 852 1824]] , [[ 852 1829]]
[[ 178 1827]] , [[ 178 1831]]
[[  56 1824]] , [[  56 1828]]
[[ 808 1818]] , [[ 808 1823]]
[[ 882 1820]] , [[ 882 1825]]
[[ 512 1810]] , [[ 512 1817]]
[[ 159 1360]] , [[ 158 1361]]
[[ 336 1577]] , [[ 336 1581]]
[[ 528 1571]] , [[ 528 1575]]
[[ 602 1568]] , [[ 602 1575]]
[[ 821 1818]] , [[ 821 1822]]
[[   9 1822]] , [[   9 1826]]
[[  96 1581]] , [[  96 1585]]
[[ 810 1810]] , [[ 810 1811]]
[[ 800 1816]] , [[ 800 1821]]
[[ 554 1570]] , [[ 554 1577]]
[[  21 1817]] , [[  21 1818]]
[[  19 1816]] , [[  19 1818]]
[[ 886 1820]] , [[ 886 1821]]
[[  19 1816]] , [[  19 1818]]
[[  19 1817]] , [[  19 1818]]
[[  19 1817]] , [[  18 1818]]
[[  20 1818]] , [[  20 1823]]
[[  32 1818]] , [[  32 1823]]
[[ 880 1820]] , [[ 880 1825]]
[[  44 1820]] , [[  44 1825]]
[[ 884 1822]] , [[ 884 1826]]
[[ 875 1820]] , [[ 874 1821]]
[[ 778 1784]] , [[ 778 1789]]
[[ 522 1570]] , [[ 522 1579]]
[[ 760 1806]] , [[ 760 1807]]
[[ 762 1760]] , [[ 762 1765]]
[[  16 1820]] , [[  16 1825]]
[[  32 1820]] , [[  32 1825]]
[[ 762 1794]] , [[ 762 1799]]
[[ 764 1568]] , [[ 764 1569]]
[[  16 1818]] , [[  15 1819]]
[[  16 1820]] , [[  16 1825]]
[[  16 1819]] , [[  16 1823]]
[[  40 1820]] , [[  40 1825]]
[[ 188 1827]] , [[ 188 1831]]
[[  16 1820]] , [[  16 1825]]
[[  26 1820]] , [[  26 1825]]
[[  26 1820]] , [[  26 1825]]
[[  40 1820]] , [[  40 1825]]
[[  40 1820]] , [[  40 1825]]
[[  27 1819]] , [[  26 1820]]
[[  27 1819]] , [[  26 1820]]
[[  42 1820]] , [[  42 1825]]
[[ 672 1784]] , [[ 672 1789]]
[[ 758 1818]] , [[ 758 1823]]
[[ 540 1570]] , [[ 540 1575]]
[[ 540 1570]] , [[ 540 1575]]
[[ 762 1570]] , [[ 762 1574]]
[[ 762 1568]] , [[ 762 1574]]
[[ 570 1568]] , [[ 570 1573]]
[[ 520 1756]] , [[ 520 1761]]
[[ 818 1816]] , [[ 818 1817]]
[[ 784 1820]] , [[ 784 1825]]
[[ 818 1814]] , [[ 818 1815]]
[[ 526 1574]] , [[ 526 1579]]
[[ 816 1816]] , [[ 816 1823]]
[[  10 1816]] , [[  10 1821]]
[[ 750 1776]] , [[ 750 1781]]
[[ 889 1820]] , [[ 889 1824]]
[[ 880 1820]] , [[ 880 1825]]
[[ 880 1820]] , [[ 880 1825]]
[[ 758 1814]] , [[ 758 1815]]
[[  46 1822]] , [[  46 1828]]
[[ 876 1820]] , [[ 876 1824]]
[[ 884 1820]] , [[ 884 1824]]
[[ 798 1814]] , [[ 798 1822]]
[[ 772 1742]] , [[ 772 1748]]
[[ 552 1796]] , [[ 552 1801]]
[[ 790 1664]] , [[ 790 1669]]
[[ 670 1726]] , [[ 670 1733]]
[[ 672 1724]] , [[ 672 1727]]
[[ 544 1562]] , [[ 544 1567]]
[[ 886 1819]] , [[ 886 1823]]
[[  82 1822]] , [[  82 1823]]
[[  26 1820]] , [[  26 1825]]
[[ 728 1570]] , [[ 728 1574]]
[[ 832 1562]] , [[ 832 1569]]
[[ 604 1728]] , [[ 604 1735]]
[[ 176 1579]] , [[ 176 1583]]
[[  32 1820]] , [[  32 1821]]
[[ 314 1579]] , [[ 314 1583]]
[[ 722 1800]] , [[ 722 1804]]
[[ 176 1580]] , [[ 176 1584]]
[[  34 1822]] , [[  34 1826]]
[[ 864 1824]] , [[ 864 1828]]
[[ 459 1822]] , [[ 458 1823]]
[[ 845 1822]] , [[ 845 1826]]
[[  42 1818]] , [[  42 1823]]
[[  10 1822]] , [[  10 1827]]
[[   2 1822]] , [[   2 1828]]
[[  24 1818]] , [[  24 1823]]
[[  26 1818]] , [[  26 1823]]
[[ 780 1636]] , [[ 780 1641]]
[[ 312 1579]] , [[ 312 1583]]
[[ 780 1636]] , [[ 780 1641]]
[[ 278 1579]] , [[ 278 1583]]
[[  60 1821]] , [[  60 1825]]
[[  50 1818]] , [[  50 1819]]
[[ 548 1760]] , [[ 548 1765]]
[[  48 1814]] , [[  48 1817]]
[[ 593 1817]] , [[ 593 1821]]
[[  78 1818]] , [[  78 1819]]
[[  40 1810]] , [[  40 1811]]
[[  32 1814]] , [[  32 1823]]
[[ 672 1817]] , [[ 672 1823]]
[[  62 1824]] , [[  62 1828]]
[[ 672 1817]] , [[ 672 1823]]
[[ 160 1824]] , [[ 160 1831]]
[[  54 1824]] , [[  54 1829]]
[[ 394 1824]] , [[ 394 1826]]
[[   6 1814]] , [[   6 1819]]
[[   6 1814]] , [[   6 1819]]
[[   6 1814]] , [[   6 1819]]
[[ 616 1810]] , [[ 616 1815]]
[[  16 1822]] , [[  16 1826]]
[[  24 1820]] , [[  24 1824]]
[[  40 1818]] , [[  40 1825]]
[[ 496 1816]] , [[ 496 1823]]
[[ 175 1827]] , [[ 175 1831]]
[[ 174 1824]] , [[ 174 1831]]
[[ 176 1824]] , [[ 176 1825]]
[[ 161 1822]] , [[ 159 1824]]
[[ 164 1824]] , [[ 164 1829]]
[[ 164 1824]] , [[ 164 1829]]
[[  16 1822]] , [[  16 1826]]
[[  42 1816]] , [[  42 1823]]
[[  15 1819]] , [[  15 1823]]
[[ 753 1816]] , [[ 753 1820]]
[[  28 1818]] , [[  28 1823]]
[[ 824 1816]] , [[ 824 1820]]
[[ 882 1816]] , [[ 882 1823]]
[[ 578 1821]] , [[ 578 1825]]
[[  48 1820]] , [[  48 1825]]
[[ 825 1816]] , [[ 825 1820]]
[[  48 1820]] , [[  48 1825]]
[[  86 1826]] , [[  86 1831]]
[[ 218 1828]] , [[ 218 1829]]
[[ 238 1828]] , [[ 238 1833]]
[[ 218 1828]] , [[ 218 1829]]
[[ 850 1824]] , [[ 850 1828]]
[[ 200 1828]] , [[ 200 1833]]
[[ 800 1820]] , [[ 800 1825]]
[[ 800 1820]] , [[ 800 1825]]
[[ 848 1822]] , [[ 848 1828]]
[[ 194 1828]] , [[ 194 1833]]
[[ 848 1822]] , [[ 848 1827]]
[[ 194 1828]] , [[ 194 1833]]
[[  80 1826]] , [[  80 1830]]
[[ 532 1816]] , [[ 532 1821]]
[[ 848 1822]] , [[ 848 1827]]
[[  36 1820]] , [[  36 1825]]
[[ 490 1824]] , [[ 490 1828]]
[[  36 1818]] , [[  36 1824]]
[[ 533 1744]] , [[ 533 1747]]
[[   4 1820]] , [[   4 1825]]
[[  30 1816]] , [[  30 1821]]
[[ 176 1820]] , [[ 176 1823]]
[[ 188 1828]] , [[ 188 1833]]
[[ 175 1823]] , [[ 174 1824]]
[[ 849 1824]] , [[ 849 1828]]
[[ 172 1824]] , [[ 172 1832]]
[[ 486 1824]] , [[ 486 1829]]
[[ 514 1824]] , [[ 514 1828]]
[[   0 1816]] , [[   0 1823]]
[[ 132 1824]] , [[ 132 1831]]
[[ 132 1824]] , [[ 132 1831]]
[[ 134 1824]] , [[ 134 1826]]
[[ 398 1825]] , [[ 398 1830]]
[[  50 1819]] , [[  50 1825]]
[[  50 1819]] , [[  50 1823]]
[[  48 1810]] , [[  48 1817]]
[[ 804 1818]] , [[ 804 1823]]
[[ 124 1824]] , [[ 124 1829]]
[[  34 1809]] , [[  33 1810]]
[[  16 1819]] , [[  16 1823]]
[[  17 1818]] , [[  16 1819]]
[[  16 1818]] , [[  16 1823]]
[[  39 1812]] , [[  38 1813]]
[[  44 1813]] , [[  44 1817]]
[[  44 1813]] , [[  44 1817]]
[[   0 1816]] , [[   0 1821]]
[[   3 1814]] , [[   2 1815]]
[[ 880 1810]] , [[ 880 1817]]
[[   3 1814]] , [[   3 1815]]
[[ 846 1822]] , [[ 846 1827]]
[[ 720 1808]] , [[ 720 1812]]
[[ 720 1808]] , [[ 720 1812]]
[[ 832 1809]] , [[ 832 1815]]
[[  47 1822]] , [[  47 1826]]
[[ 836 1811]] , [[ 836 1815]]
[[ 790 1814]] , [[ 790 1819]]
[[ 792 1820]] , [[ 792 1825]]
[[ 824 1816]] , [[ 824 1820]]
[[  64 1824]] , [[  64 1829]]
[[  44 1820]] , [[  44 1821]]
[[ 748 1808]] , [[ 748 1814]]
[[ 800 1820]] , [[ 800 1826]]
[[ 744 1808]] , [[ 743 1809]]
[[  42 1820]] , [[  42 1825]]
[[ 730 1792]] , [[ 730 1797]]
[[ 184 1579]] , [[ 184 1583]]
[[ 888 1570]] , [[ 888 1574]]
[[  42 1820]] , [[  42 1825]]
[[  17 1818]] , [[  16 1819]]
[[  37 1820]] , [[  37 1824]]
[[  42 1820]] , [[  42 1824]]
[[ 765 1822]] , [[ 765 1826]]
[[   0 1822]] , [[   0 1827]]
[[ 760 1812]] , [[ 760 1817]]
[[  22 1822]] , [[  22 1826]]
[[ 115 1824]] , [[ 114 1825]]
[[ 116 1824]] , [[ 116 1829]]
[[  22 1814]] , [[  22 1815]]
[[ 116 1824]] , [[ 116 1829]]
[[  22 1814]] , [[  22 1817]]
[[ 800 1818]] , [[ 800 1822]]
[[  24 1816]] , [[  24 1821]]
[[ 332 1827]] , [[ 332 1831]]
[[ 804 1820]] , [[ 804 1821]]
[[ 747 1806]] , [[ 747 1808]]
[[ 773 1790]] , [[ 773 1794]]
[[ 752 1812]] , [[ 752 1817]]
[[ 756 1808]] , [[ 756 1809]]
[[ 564 1570]] , [[ 564 1571]]
[[ 555 1786]] , [[ 555 1790]]
[[ 810 1822]] , [[ 810 1827]]
[[ 810 1820]] , [[ 810 1828]]
[[ 124 1826]] , [[ 124 1830]]
[[ 148 1827]] , [[ 148 1831]]
[[ 556 1804]] , [[ 556 1805]]
[[ 402 1357]] , [[ 402 1361]]
[[ 403 1357]] , [[ 403 1358]]
[[ 403 1357]] , [[ 403 1358]]
[[ 609 1358]] , [[ 609 1362]]
[[ 402 1357]] , [[ 402 1361]]
[[ 609 1356]] , [[ 609 1360]]
[[ 608 1356]] , [[ 608 1360]]
[[ 608 1354]] , [[ 608 1359]]
[[ 608 1354]] , [[ 608 1359]]
[[ 262 1352]] , [[ 262 1357]]
[[ 258 1350]] , [[ 258 1357]]
[[ 258 1352]] , [[ 258 1359]]
[[ 210 1348]] , [[ 210 1349]]
[[ 211 1347]] , [[ 210 1348]]
[[ 287 1340]] , [[ 285 1342]]
[[ 338 1336]] , [[ 337 1337]]
[[ 332 1336]] , [[ 331 1337]]
[[ 332 1336]] , [[ 331 1337]]
[[ 326 1336]] , [[ 325 1337]]
[[ 326 1336]] , [[ 325 1337]]
[[ 326 1336]] , [[ 325 1337]]
[[ 326 1336]] , [[ 325 1337]]
[[ 412 1302]] , [[ 410 1304]]
[[ 412 1302]] , [[ 411 1303]]
[[ 412 1302]] , [[ 411 1303]]
[[ 412 1302]] , [[ 411 1303]]
[[ 412 1302]] , [[ 411 1303]]
[[ 419 1301]] , [[ 418 1302]]
[[ 415 1301]] , [[ 414 1302]]
[[ 415 1301]] , [[ 414 1302]]
[[ 340 1334]] , [[ 339 1335]]
[[ 336 1334]] , [[ 335 1335]]
[[ 332 1334]] , [[ 332 1335]]
[[ 413 1302]] , [[ 411 1304]]
[[ 415 1302]] , [[ 415 1303]]
[[ 334 1338]] , [[ 333 1339]]
[[ 335 1337]] , [[ 334 1338]]
[[ 332 1336]] , [[ 332 1341]]
[[ 419 1300]] , [[ 418 1301]]
[[ 279 1344]] , [[ 280 1343]]
[[ 410 1302]] , [[ 409 1303]]
[[ 412 1302]] , [[ 410 1304]]
[[ 419 1303]] , [[ 418 1304]]
[[ 330 1336]] , [[ 329 1337]]
[[ 413 1304]] , [[ 412 1305]]
[[ 412 1304]] , [[ 410 1306]]
[[ 304 1336]] , [[ 303 1337]]
[[ 411 1304]] , [[ 410 1305]]
[[ 411 1304]] , [[ 410 1305]]
[[ 410 1304]] , [[ 408 1306]]
[[ 305 1336]] , [[ 303 1338]]
[[ 330 1336]] , [[ 329 1337]]
[[ 334 1336]] , [[ 333 1337]]
[[ 339 1337]] , [[ 338 1338]]
[[ 410 1304]] , [[ 408 1306]]
[[ 409 1304]] , [[ 407 1306]]
[[ 330 1337]] , [[ 329 1338]]
[[ 411 1303]] , [[ 410 1304]]
[[ 411 1303]] , [[ 410 1304]]
[[ 414 1303]] , [[ 413 1304]]
[[ 407 1304]] , [[ 405 1306]]
[[ 407 1304]] , [[ 407 1305]]
[[ 407 1304]] , [[ 405 1306]]
[[ 409 1304]] , [[ 408 1305]]
[[ 407 1304]] , [[ 407 1305]]
[[ 338 1712]] , [[ 338 1717]]
[[ 408 1304]] , [[ 407 1305]]
[[ 407 1304]] , [[ 405 1306]]
[[ 409 1304]] , [[ 408 1305]]
[[ 339 1336]] , [[ 338 1337]]
[[ 330 1337]] , [[ 329 1338]]
[[ 524 1336]] , [[ 523 1337]]
[[ 316 1712]] , [[ 316 1719]]
[[ 314 1712]] , [[ 314 1719]]
[[ 314 1712]] , [[ 314 1719]]
[[ 314 1712]] , [[ 314 1719]]
[[ 314 1712]] , [[ 314 1719]]
[[ 314 1712]] , [[ 314 1719]]
[[ 314 1712]] , [[ 314 1719]]
[[ 322 1712]] , [[ 322 1719]]
[[ 322 1712]] , [[ 322 1719]]
[[ 322 1712]] , [[ 322 1719]]
[[ 226 1361]] , [[ 226 1365]]
[[ 314 1714]] , [[ 314 1719]]
[[ 762 1366]] , [[ 762 1371]]
[[ 282 1338]] , [[ 281 1339]]
[[ 291 1338]] , [[ 290 1339]]
[[ 292 1338]] , [[ 291 1339]]
[[ 293 1716]] , [[ 292 1717]]
[[ 293 1716]] , [[ 292 1717]]
[[ 293 1716]] , [[ 292 1717]]
[[ 293 1716]] , [[ 292 1717]]
[[ 293 1716]] , [[ 292 1717]]
[[ 292 1716]] , [[ 292 1721]]
[[ 748 1344]] , [[ 748 1349]]
[[ 753 1349]] , [[ 753 1350]]
[[ 748 1357]] , [[ 748 1361]]
[[ 748 1357]] , [[ 748 1361]]
[[ 356 1312]] , [[ 356 1319]]
[[ 749 1355]] , [[ 749 1359]]
[[ 494 1342]] , [[ 494 1343]]
[[ 350 1310]] , [[ 350 1319]]
[[ 348 1310]] , [[ 348 1321]]
[[ 346 1308]] , [[ 346 1321]]
[[ 463 1340]] , [[ 461 1342]]
[[ 732 1349]] , [[ 732 1353]]
[[ 478 1340]] , [[ 477 1341]]
[[ 556 1340]] , [[ 556 1363]]
[[ 556 1342]] , [[ 556 1363]]
[[ 456 1340]] , [[ 456 1341]]
[[ 518 1339]] , [[ 517 1340]]
[[ 456 1340]] , [[ 455 1341]]
[[ 330 1310]] , [[ 330 1325]]
[[ 495 1354]] , [[ 496 1353]]
[[ 330 1310]] , [[ 330 1311]]
[[ 328 1310]] , [[ 328 1311]]
[[ 328 1310]] , [[ 328 1311]]
[[ 459 1346]] , [[ 460 1345]]
[[ 326 1310]] , [[ 326 1311]]
[[ 324 1310]] , [[ 324 1311]]
[[ 457 1348]] , [[ 458 1347]]
[[ 459 1346]] , [[ 460 1345]]
[[ 320 1310]] , [[ 320 1311]]
[[ 320 1310]] , [[ 320 1311]]
[[ 326 1310]] , [[ 325 1311]]
[[ 326 1310]] , [[ 325 1311]]
[[ 326 1310]] , [[ 325 1311]]
[[ 328 1310]] , [[ 327 1311]]
[[ 326 1310]] , [[ 325 1311]]
[[ 326 1310]] , [[ 325 1311]]
[[ 326 1310]] , [[ 325 1311]]
[[ 326 1310]] , [[ 325 1311]]
[[ 522 1310]] , [[ 522 1311]]
[[ 320 1310]] , [[ 320 1311]]
[[ 320 1310]] , [[ 320 1311]]
[[ 320 1310]] , [[ 320 1311]]
[[ 522 1312]] , [[ 522 1325]]
[[ 523 1312]] , [[ 523 1313]]
[[ 523 1314]] , [[ 523 1315]]
[[ 524 1314]] , [[ 524 1321]]
[[ 525 1324]] , [[ 525 1325]]
[[ 526 1328]] , [[ 526 1333]]
[[ 328 1308]] , [[ 328 1309]]
[[ 330 1308]] , [[ 330 1309]]
[[ 332 1308]] , [[ 332 1313]]
[[ 334 1308]] , [[ 334 1309]]
[[ 336 1308]] , [[ 336 1309]]
[[ 338 1308]] , [[ 338 1309]]
[[ 340 1308]] , [[ 340 1311]]
[[ 342 1308]] , [[ 342 1311]]
[[ 344 1308]] , [[ 344 1311]]
[[ 346 1308]] , [[ 346 1309]]
[[ 346 1308]] , [[ 346 1311]]
[[ 491 1346]] , [[ 492 1345]]
[[ 491 1346]] , [[ 492 1345]]
[[ 472 1340]] , [[ 471 1341]]
[[ 472 1340]] , [[ 471 1341]]
[[ 504 1339]] , [[ 503 1340]]
[[ 504 1339]] , [[ 503 1340]]
[[ 504 1339]] , [[ 503 1340]]
[[ 504 1339]] , [[ 503 1340]]
[[ 745 1351]] , [[ 745 1355]]
[[ 483 1346]] , [[ 484 1345]]
[[ 358 1308]] , [[ 358 1311]]
[[ 358 1308]] , [[ 358 1311]]
[[ 740 1334]] , [[ 740 1343]]
[[ 740 1338]] , [[ 740 1353]]
[[ 740 1338]] , [[ 740 1351]]
[[ 740 1338]] , [[ 740 1351]]
[[ 740 1338]] , [[ 740 1343]]
[[ 740 1338]] , [[ 740 1343]]
[[ 515 1336]] , [[ 514 1337]]
[[ 504 1336]] , [[ 503 1337]]
[[ 505 1336]] , [[ 504 1337]]
[[ 492 1338]] , [[ 491 1339]]
[[ 364 1310]] , [[ 364 1327]]
[[ 368 1326]] , [[ 368 1331]]
[[ 370 1332]] , [[ 370 1336]]
[[ 496 1338]] , [[ 495 1339]]
[[ 306 1338]] , [[ 305 1339]]
[[ 306 1338]] , [[ 305 1339]]
[[ 306 1338]] , [[ 305 1339]]
[[ 510 1338]] , [[ 510 1339]]
[[ 510 1338]] , [[ 509 1339]]
[[ 403 1310]] , [[ 403 1312]]
[[ 596 1300]] , [[ 595 1301]]
[[ 598 1300]] , [[ 597 1301]]
[[ 411 1305]] , [[ 410 1306]]
[[ 413 1305]] , [[ 412 1306]]
[[ 202 1343]] , [[ 201 1344]]
[[ 306 1336]] , [[ 305 1337]]
[[ 306 1336]] , [[ 305 1337]]
[[ 312 1336]] , [[ 311 1337]]
[[ 312 1336]] , [[ 311 1337]]
[[ 312 1336]] , [[ 311 1337]]
[[ 312 1336]] , [[ 311 1337]]
[[ 312 1336]] , [[ 311 1337]]
[[ 312 1336]] , [[ 311 1337]]
[[ 421 1304]] , [[ 420 1305]]
[[ 331 1336]] , [[ 330 1337]]
[[ 334 1336]] , [[ 333 1337]]
[[ 334 1336]] , [[ 333 1337]]
[[ 334 1336]] , [[ 333 1337]]
[[ 214 1346]] , [[ 214 1347]]
[[ 214 1346]] , [[ 214 1353]]
[[ 224 1346]] , [[ 224 1347]]
[[ 224 1359]] , [[ 224 1363]]
[[ 224 1359]] , [[ 224 1363]]
[[ 218 1348]] , [[ 218 1357]]
[[ 225 1348]] , [[ 225 1349]]
[[ 227 1348]] , [[ 227 1351]]
[[ 222 1350]] , [[ 222 1351]]
[[ 222 1350]] , [[ 222 1359]]
[[ 355 1336]] , [[ 354 1337]]
[[ 354 1336]] , [[ 353 1337]]
[[ 338 1336]] , [[ 337 1337]]
[[ 233 1348]] , [[ 233 1352]]
[[ 234 1348]] , [[ 234 1352]]
[[ 338 1336]] , [[ 337 1337]]
[[ 435 1304]] , [[ 434 1305]]
[[ 426 1304]] , [[ 426 1307]]
[[ 428 1304]] , [[ 428 1305]]
[[ 428 1304]] , [[ 428 1307]]
[[ 445 1303]] , [[ 444 1304]]
[[ 430 1304]] , [[ 430 1305]]
[[ 432 1304]] , [[ 432 1305]]
[[ 242 1356]] , [[ 243 1355]]
[[ 436 1304]] , [[ 436 1305]]
[[ 437 1304]] , [[ 437 1305]]
[[ 453 1303]] , [[ 452 1304]]
[[ 438 1304]] , [[ 438 1305]]
[[ 248 1326]] , [[ 248 1333]]
[[ 440 1303]] , [[ 440 1305]]
[[ 442 1303]] , [[ 441 1304]]
[[ 442 1303]] , [[ 442 1305]]
[[ 442 1304]] , [[ 442 1305]]
[[ 453 1303]] , [[ 452 1304]]
[[ 453 1303]] , [[ 452 1304]]
[[ 446 1304]] , [[ 446 1305]]
[[ 455 1303]] , [[ 454 1304]]
[[ 455 1303]] , [[ 454 1304]]
[[ 452 1303]] , [[ 451 1304]]
[[ 448 1303]] , [[ 447 1304]]
[[ 448 1303]] , [[ 448 1305]]
[[ 454 1303]] , [[ 453 1304]]
[[ 450 1302]] , [[ 450 1303]]
[[ 450 1302]] , [[ 450 1305]]
[[ 259 1320]] , [[ 258 1321]]
[[ 452 1302]] , [[ 452 1303]]
[[ 452 1302]] , [[ 452 1303]]
[[ 462 1302]] , [[ 460 1304]]
[[ 462 1302]] , [[ 460 1304]]
[[ 463 1302]] , [[ 461 1304]]
[[ 463 1303]] , [[ 462 1304]]
[[ 452 1304]] , [[ 452 1305]]
[[ 452 1302]] , [[ 452 1305]]
[[ 460 1302]] , [[ 460 1303]]
[[ 463 1303]] , [[ 462 1304]]
[[ 452 1304]] , [[ 452 1305]]
[[ 452 1304]] , [[ 452 1305]]
[[ 459 1304]] , [[ 459 1305]]
[[ 452 1304]] , [[ 452 1305]]
[[ 452 1304]] , [[ 452 1305]]
[[ 460 1302]] , [[ 460 1303]]
[[ 460 1302]] , [[ 458 1304]]
[[ 460 1302]] , [[ 458 1304]]
[[ 460 1302]] , [[ 460 1303]]
[[ 460 1303]] , [[ 459 1304]]
[[ 450 1304]] , [[ 450 1305]]
[[ 450 1304]] , [[ 450 1305]]
[[ 459 1304]] , [[ 457 1306]]
[[ 459 1305]] , [[ 458 1306]]
[[ 450 1306]] , [[ 450 1307]]
[[ 458 1306]] , [[ 456 1308]]
[[ 457 1306]] , [[ 457 1307]]
[[ 456 1306]] , [[ 454 1308]]
[[ 455 1306]] , [[ 455 1307]]
[[ 250 1345]] , [[ 251 1344]]
[[ 250 1345]] , [[ 251 1344]]
[[ 444 1308]] , [[ 444 1309]]
[[ 449 1308]] , [[ 448 1309]]
[[ 442 1308]] , [[ 442 1311]]
[[ 446 1308]] , [[ 445 1309]]
[[ 438 1308]] , [[ 438 1311]]
[[ 438 1308]] , [[ 438 1309]]
[[ 437 1307]] , [[ 436 1308]]
[[ 431 1306]] , [[ 429 1308]]
[[ 437 1303]] , [[ 436 1304]]
[[ 431 1300]] , [[ 430 1301]]
[[ 437 1296]] , [[ 436 1297]]
[[ 431 1292]] , [[ 430 1293]]
[[ 435 1288]] , [[ 434 1289]]
[[ 435 1286]] , [[ 434 1287]]
[[ 433 1286]] , [[ 432 1287]]
[[ 435 1287]] , [[ 434 1288]]
[[ 431 1288]] , [[ 431 1289]]
[[ 427 1291]] , [[ 426 1292]]
[[ 214 1340]] , [[ 214 1346]]
[[ 310 1332]] , [[ 310 1333]]
[[ 322 1332]] , [[ 322 1333]]
[[ 338 1332]] , [[ 337 1333]]
[[ 404 1296]] , [[ 403 1297]]
[[ 400 1296]] , [[ 398 1298]]
[[ 298 1333]] , [[ 297 1334]]
[[ 306 1332]] , [[ 305 1333]]
[[ 412 1334]] , [[ 411 1335]]
[[ 276 1332]] , [[ 275 1333]]
[[ 494 1332]] , [[ 493 1333]]
[[ 356 1312]] , [[ 356 1321]]
[[ 400 1332]] , [[ 399 1333]]
[[ 492 1330]] , [[ 491 1331]]
[[ 344 1303]] , [[ 343 1304]]
[[ 340 1302]] , [[ 340 1303]]
[[ 336 1302]] , [[ 336 1303]]
[[ 334 1302]] , [[ 334 1303]]
[[ 330 1302]] , [[ 330 1303]]
[[ 340 1302]] , [[ 338 1304]]
[[ 337 1302]] , [[ 335 1304]]
[[ 334 1302]] , [[ 334 1303]]
[[ 518 1294]] , [[ 518 1303]]
[[ 326 1303]] , [[ 325 1304]]
[[ 326 1303]] , [[ 325 1304]]
[[ 325 1303]] , [[ 324 1304]]
[[ 512 1293]] , [[ 511 1294]]
[[ 510 1293]] , [[ 509 1294]]
[[ 508 1292]] , [[ 507 1293]]
[[ 506 1292]] , [[ 505 1293]]
[[ 504 1292]] , [[ 503 1293]]
[[ 500 1293]] , [[ 499 1294]]
[[ 501 1292]] , [[ 500 1293]]
[[ 491 1294]] , [[ 491 1295]]
[[ 492 1292]] , [[ 492 1293]]
[[ 490 1292]] , [[ 490 1293]]
[[ 299 1312]] , [[ 300 1311]]
[[ 493 1293]] , [[ 492 1294]]
[[ 484 1292]] , [[ 484 1293]]
[[ 482 1292]] , [[ 482 1293]]
[[ 480 1293]] , [[ 479 1294]]
[[ 476 1292]] , [[ 476 1293]]
[[ 472 1292]] , [[ 472 1293]]
[[ 475 1293]] , [[ 474 1294]]
[[ 462 1294]] , [[ 462 1299]]
[[ 460 1294]] , [[ 460 1295]]
[[ 458 1294]] , [[ 458 1295]]
[[ 454 1296]] , [[ 454 1297]]
[[ 452 1296]] , [[ 452 1297]]
[[ 448 1298]] , [[ 448 1299]]
[[ 446 1298]] , [[ 446 1299]]
[[ 454 1298]] , [[ 453 1299]]
[[ 444 1298]] , [[ 444 1299]]
[[ 444 1298]] , [[ 444 1299]]
[[ 444 1298]] , [[ 444 1299]]
[[ 442 1298]] , [[ 442 1299]]
[[ 442 1298]] , [[ 442 1299]]
[[ 442 1298]] , [[ 442 1299]]
[[ 442 1298]] , [[ 442 1299]]
[[ 451 1299]] , [[ 450 1300]]
[[ 440 1300]] , [[ 440 1301]]
[[ 440 1300]] , [[ 440 1301]]
[[ 440 1300]] , [[ 440 1301]]
[[ 438 1300]] , [[ 438 1303]]
[[ 451 1299]] , [[ 450 1300]]
[[ 438 1300]] , [[ 438 1301]]
[[ 449 1299]] , [[ 448 1300]]
[[ 438 1298]] , [[ 438 1301]]
[[ 251 1315]] , [[ 250 1316]]
[[ 250 1315]] , [[ 249 1316]]
[[ 250 1315]] , [[ 249 1316]]
[[ 250 1315]] , [[ 249 1316]]
[[ 251 1315]] , [[ 250 1316]]
[[ 251 1315]] , [[ 250 1316]]
[[ 250 1315]] , [[ 249 1316]]
[[  51 1348]] , [[  52 1347]]
[[ 438 1298]] , [[ 438 1299]]
[[ 440 1298]] , [[ 440 1299]]
[[ 440 1298]] , [[ 440 1299]]
[[ 440 1300]] , [[ 440 1301]]
[[ 440 1300]] , [[ 440 1301]]
[[ 442 1300]] , [[ 442 1301]]
[[ 442 1300]] , [[ 442 1301]]
[[ 444 1300]] , [[ 444 1301]]
[[ 452 1300]] , [[ 451 1301]]
[[ 450 1304]] , [[ 450 1305]]
[[ 450 1308]] , [[ 450 1309]]
[[ 455 1312]] , [[ 454 1313]]
[[ 450 1316]] , [[ 450 1319]]
[[ 454 1318]] , [[ 454 1319]]
[[ 462 1318]] , [[ 460 1320]]
[[ 273 1329]] , [[ 272 1330]]
[[ 462 1314]] , [[ 462 1317]]
[[ 466 1310]] , [[ 466 1313]]
[[ 472 1308]] , [[ 472 1309]]
[[ 472 1306]] , [[ 472 1307]]
[[ 476 1302]] , [[ 476 1303]]
[[ 478 1300]] , [[ 478 1301]]
[[ 478 1300]] , [[ 478 1303]]
[[ 482 1300]] , [[ 482 1301]]
[[ 482 1302]] , [[ 482 1305]]
[[ 486 1302]] , [[ 486 1303]]
[[ 490 1302]] , [[ 490 1303]]
[[ 494 1300]] , [[ 494 1301]]
[[ 496 1300]] , [[ 496 1301]]
[[ 500 1300]] , [[ 500 1301]]
[[ 502 1300]] , [[ 502 1301]]
[[ 504 1302]] , [[ 504 1303]]
[[ 506 1302]] , [[ 506 1305]]
[[ 510 1300]] , [[ 510 1301]]
[[ 514 1300]] , [[ 514 1301]]
[[ 518 1300]] , [[ 518 1301]]
[[ 520 1300]] , [[ 520 1301]]
[[ 520 1302]] , [[ 520 1307]]
[[ 524 1302]] , [[ 524 1305]]
[[ 530 1302]] , [[ 530 1303]]
[[ 351 1311]] , [[ 350 1312]]
[[ 342 1312]] , [[ 342 1313]]
[[ 346 1312]] , [[ 346 1313]]
[[ 470 1339]] , [[ 469 1340]]
[[ 486 1338]] , [[ 484 1340]]
[[ 486 1338]] , [[ 485 1339]]
[[ 486 1338]] , [[ 485 1339]]
[[ 358 1312]] , [[ 358 1313]]
[[ 486 1338]] , [[ 484 1340]]
[[ 486 1338]] , [[ 485 1339]]
[[ 364 1314]] , [[ 364 1315]]
[[ 368 1314]] , [[ 368 1315]]
[[ 370 1316]] , [[ 370 1319]]
[[ 372 1316]] , [[ 372 1321]]
[[ 514 1337]] , [[ 513 1338]]
[[ 769 1338]] , [[ 769 1348]]
[[ 306 1338]] , [[ 305 1339]]
[[ 510 1338]] , [[ 510 1339]]
[[ 586 1302]] , [[ 586 1303]]
[[ 772 1321]] , [[ 772 1333]]
[[ 588 1304]] , [[ 588 1305]]
[[ 597 1304]] , [[ 596 1305]]
[[ 406 1315]] , [[ 405 1316]]
[[ 601 1305]] , [[ 600 1306]]
[[ 599 1306]] , [[ 598 1307]]
[[ 413 1311]] , [[ 412 1312]]
[[ 415 1311]] , [[ 414 1312]]
[[ 417 1311]] , [[ 416 1312]]
[[ 413 1310]] , [[ 411 1312]]
[[ 417 1308]] , [[ 416 1309]]
[[ 318 1334]] , [[ 317 1335]]
[[ 421 1306]] , [[ 420 1307]]
[[ 419 1307]] , [[ 418 1308]]
[[ 332 1334]] , [[ 332 1335]]
[[ 302 1336]] , [[ 302 1337]]
[[ 324 1336]] , [[ 323 1337]]
[[ 219 1358]] , [[ 220 1357]]
[[ 302 1336]] , [[ 302 1337]]
[[ 302 1336]] , [[ 302 1337]]
[[ 302 1336]] , [[ 300 1338]]
[[ 304 1336]] , [[ 303 1337]]
[[ 304 1336]] , [[ 303 1337]]
[[ 302 1336]] , [[ 301 1337]]
[[ 300 1336]] , [[ 298 1338]]
[[ 300 1336]] , [[ 299 1337]]
[[ 300 1336]] , [[ 299 1337]]
[[ 299 1336]] , [[ 298 1337]]
[[ 299 1336]] , [[ 298 1337]]
[[ 296 1336]] , [[ 294 1338]]
[[ 312 1335]] , [[ 311 1336]]
[[ 320 1335]] , [[ 319 1336]]
[[ 310 1335]] , [[ 309 1336]]
[[ 312 1335]] , [[ 311 1336]]
[[ 312 1335]] , [[ 311 1336]]
[[ 336 1334]] , [[ 335 1335]]
[[ 322 1334]] , [[ 321 1335]]
[[ 318 1334]] , [[ 317 1335]]
[[ 318 1334]] , [[ 317 1335]]
[[ 318 1334]] , [[ 317 1335]]
[[ 318 1334]] , [[ 317 1335]]
[[ 322 1334]] , [[ 321 1335]]
[[ 322 1334]] , [[ 321 1335]]
[[ 334 1335]] , [[ 333 1336]]
[[ 354 1335]] , [[ 353 1336]]
[[ 354 1335]] , [[ 354 1339]]
[[ 312 1336]] , [[ 312 1339]]
[[ 320 1336]] , [[ 319 1337]]
[[ 225 1350]] , [[ 225 1354]]
[[ 312 1340]] , [[ 311 1341]]
[[ 316 1341]] , [[ 315 1342]]
[[ 308 1342]] , [[ 307 1343]]
[[ 308 1342]] , [[ 308 1343]]
[[ 304 1342]] , [[ 303 1343]]
[[ 302 1338]] , [[ 301 1339]]
[[ 306 1334]] , [[ 305 1335]]
[[ 304 1332]] , [[ 303 1333]]
[[ 298 1332]] , [[ 297 1333]]
[[ 320 1332]] , [[ 319 1333]]
[[ 306 1336]] , [[ 306 1341]]
[[ 288 1340]] , [[ 286 1342]]
[[ 288 1342]] , [[ 287 1343]]
[[ 296 1343]] , [[ 295 1344]]
[[ 296 1343]] , [[ 295 1344]]
[[ 284 1342]] , [[ 284 1345]]
[[ 282 1340]] , [[ 281 1341]]
[[ 279 1338]] , [[ 278 1339]]
[[ 498 1336]] , [[ 498 1337]]
[[ 474 1336]] , [[ 474 1337]]
[[ 168 1338]] , [[ 167 1339]]
[[ 498 1335]] , [[ 497 1336]]
[[ 154 1338]] , [[ 154 1339]]
[[ 326 1336]] , [[ 326 1341]]
[[ 462 1338]] , [[ 462 1339]]
[[ 287 1339]] , [[ 286 1340]]
[[ 346 1345]] , [[ 346 1349]]
[[ 158 1346]] , [[ 158 1347]]
[[ 308 1364]] , [[ 308 1369]]
[[ 306 1315]] , [[ 305 1316]]
[[ 325 1348]] , [[ 326 1347]]
[[ 295 1310]] , [[ 293 1312]]
[[ 284 1307]] , [[ 283 1308]]
[[ 289 1305]] , [[ 288 1306]]
[[ 285 1305]] , [[ 284 1306]]
[[ 276 1306]] , [[ 276 1307]]
[[ 274 1308]] , [[ 274 1309]]
[[ 274 1308]] , [[ 274 1309]]
[[ 274 1307]] , [[ 273 1308]]
[[ 274 1307]] , [[ 273 1308]]
[[ 270 1306]] , [[ 270 1311]]
[[ 270 1306]] , [[ 270 1307]]
[[ 272 1307]] , [[ 271 1308]]
[[ 270 1308]] , [[ 269 1309]]
[[ 268 1308]] , [[ 268 1309]]
[[ 268 1308]] , [[ 268 1309]]
[[ 268 1308]] , [[ 268 1309]]
[[ 270 1308]] , [[ 270 1309]]
[[ 273 1308]] , [[ 272 1309]]
[[ 274 1308]] , [[ 272 1310]]
[[ 274 1308]] , [[ 272 1310]]
[[ 275 1308]] , [[ 273 1310]]
[[ 273 1308]] , [[ 272 1309]]
[[ 277 1307]] , [[ 276 1308]]
[[ 272 1306]] , [[ 272 1307]]
[[ 281 1304]] , [[ 280 1305]]
[[ 283 1304]] , [[ 282 1305]]
[[ 309 1340]] , [[ 310 1339]]
[[ 280 1306]] , [[ 279 1307]]
[[ 297 1306]] , [[ 296 1307]]
[[ 284 1314]] , [[ 284 1321]]
[[ 290 1316]] , [[ 290 1321]]
[[ 305 1326]] , [[ 306 1325]]
[[ 304 1308]] , [[ 304 1309]]
[[ 308 1308]] , [[ 308 1311]]
[[ 514 1294]] , [[ 514 1301]]
[[ 325 1336]] , [[ 326 1335]]
[[ 327 1322]] , [[ 328 1321]]
[[ 333 1322]] , [[ 334 1321]]
[[ 336 1304]] , [[ 336 1311]]
[[ 533 1327]] , [[ 532 1328]]
[[ 474 1328]] , [[ 473 1329]]
[[ 570 1332]] , [[ 570 1333]]
[[ 504 1328]] , [[ 503 1329]]
[[ 512 1328]] , [[ 512 1329]]
[[ 310 1331]] , [[ 309 1332]]
[[ 334 1333]] , [[ 334 1337]]
[[ 323 1340]] , [[ 324 1339]]
[[ 407 1310]] , [[ 406 1311]]
[[ 407 1310]] , [[ 407 1311]]
[[ 358 1338]] , [[ 357 1339]]
[[ 302 1340]] , [[ 302 1345]]
[[ 353 1339]] , [[ 352 1340]]
[[ 304 1338]] , [[ 304 1339]]
[[ 220 1346]] , [[ 220 1350]]
[[ 340 1332]] , [[ 339 1333]]
[[ 340 1330]] , [[ 340 1331]]
[[ 431 1295]] , [[ 430 1296]]
[[ 424 1296]] , [[ 424 1297]]
[[ 424 1298]] , [[ 424 1305]]
[[ 427 1300]] , [[ 427 1303]]
[[ 430 1302]] , [[ 430 1309]]
[[ 445 1303]] , [[ 444 1304]]
[[ 439 1304]] , [[ 437 1306]]
[[ 432 1306]] , [[ 431 1307]]
[[ 422 1306]] , [[ 422 1309]]
[[ 424 1304]] , [[ 424 1307]]
[[ 362 1338]] , [[ 362 1343]]
[[ 248 1350]] , [[ 248 1355]]
[[ 446 1346]] , [[ 446 1347]]
[[ 328 1350]] , [[ 328 1355]]
[[ 448 1346]] , [[ 448 1347]]
[[ 448 1346]] , [[ 448 1347]]
[[ 328 1352]] , [[ 328 1357]]
[[ 460 1348]] , [[ 460 1353]]
[[ 370 1350]] , [[ 370 1354]]
[[ 644 1348]] , [[ 644 1349]]
[[ 446 1348]] , [[ 446 1349]]
[[ 712 1352]] , [[ 712 1353]]
[[ 712 1352]] , [[ 712 1353]]
[[ 712 1352]] , [[ 712 1353]]
