[[481  79]] , [[482  78]]
[[661 918]] , [[662 917]]
[[854 688]] , [[854 689]]
[[ 471 1014]] , [[ 472 1013]]
[[661 918]] , [[662 917]]
[[661 918]] , [[662 917]]
[[439 986]] , [[440 985]]
[[661 918]] , [[662 917]]
[[561 738]] , [[561 743]]
[[561 738]] , [[561 743]]
[[302 748]] , [[302 753]]
[[578 740]] , [[578 744]]
[[  45 1050]] , [[  45 1055]]
[[854 712]] , [[854 727]]
[[  42 1084]] , [[  42 1095]]
[[   7 1106]] , [[   8 1105]]
[[ 650 1376]] , [[ 650 1383]]
[[ 684 1408]] , [[ 684 1413]]
[[ 688 1430]] , [[ 688 1435]]
[[   0 1048]] , [[   0 1103]]
[[  40 1066]] , [[  40 1067]]
[[  44 1039]] , [[  44 1043]]
[[ 168 1350]] , [[ 168 1354]]
[[848 692]] , [[848 705]]
[[  30 1038]] , [[  30 1043]]
[[292 750]] , [[292 758]]
[[  38 1039]] , [[  38 1045]]
[[496 744]] , [[495 745]]
[[  38 1040]] , [[  38 1045]]
[[520 740]] , [[520 744]]
[[ 511 1337]] , [[ 511 1341]]
[[296 688]] , [[296 703]]
[[ 632 1370]] , [[ 632 1371]]
[[ 684 1369]] , [[ 684 1371]]
[[ 668 1406]] , [[ 668 1417]]
[[ 656 1368]] , [[ 656 1375]]
[[  10 1038]] , [[  10 1043]]
[[  28 1048]] , [[  28 1055]]
[[308 904]] , [[307 905]]
[[298 904]] , [[298 909]]
[[  70 1248]] , [[  70 1249]]
[[298 904]] , [[298 909]]
[[  18 1082]] , [[  18 1085]]
[[819 689]] , [[819 695]]
[[344 732]] , [[344 733]]
[[819 719]] , [[818 720]]
[[  12 1102]] , [[  12 1106]]
[[  16 1042]] , [[  16 1043]]
[[  52 1272]] , [[  52 1277]]
[[ 368 1091]] , [[ 368 1095]]
[[  66 1254]] , [[  65 1255]]
[[   5 1172]] , [[   5 1177]]
[[ 512 1337]] , [[ 512 1343]]
[[ 512 1337]] , [[ 512 1343]]
[[ 656 1368]] , [[ 656 1375]]
[[  70 1248]] , [[  70 1258]]
[[  78 1262]] , [[  78 1267]]
[[  38 1267]] , [[  38 1271]]
[[   8 1228]] , [[   8 1232]]
[[   0 1042]] , [[   0 1047]]
[[ 363 1080]] , [[ 364 1079]]
[[  22 1256]] , [[  22 1261]]
[[  28 1264]] , [[  28 1269]]
[[   0 1042]] , [[   0 1054]]
[[   8 1038]] , [[   8 1047]]
[[   0 1042]] , [[   0 1051]]
[[   8 1040]] , [[   8 1048]]
[[467 924]] , [[468 923]]
[[604 928]] , [[605 927]]
[[608 992]] , [[609 991]]
[[607 966]] , [[608 965]]
[[603 933]] , [[604 932]]
[[603 962]] , [[604 961]]
[[272 593]] , [[293 593]]
[[502 740]] , [[502 741]]
[[652 755]] , [[653 755]]
[[ 382 1001]] , [[ 383 1000]]
[[ 346 1086]] , [[ 346 1090]]
[[  20 1260]] , [[  20 1267]]
[[469 924]] , [[470 923]]
[[248 566]] , [[248 567]]
[[  12 1250]] , [[  12 1257]]
[[ 811 1060]] , [[ 812 1059]]
[[439 931]] , [[439 935]]
[[439 931]] , [[439 935]]
[[599 930]] , [[600 929]]
[[248 566]] , [[247 567]]
[[465 608]] , [[466 607]]
[[598 930]] , [[599 929]]
[[598 930]] , [[599 929]]
[[ 432 1031]] , [[ 432 1039]]
[[653 757]] , [[654 756]]
[[500 740]] , [[499 741]]
[[653 757]] , [[654 756]]
[[267 594]] , [[268 593]]
[[515 746]] , [[515 751]]
[[596 930]] , [[597 929]]
[[658 756]] , [[659 755]]
[[246 566]] , [[244 568]]
[[479 922]] , [[480 921]]
[[   1 1036]] , [[   1 1041]]
[[518 740]] , [[518 744]]
[[653 756]] , [[654 755]]
[[462 744]] , [[462 749]]
[[493 743]] , [[493 751]]
[[493 743]] , [[493 751]]
[[459 745]] , [[459 749]]
[[459 745]] , [[459 749]]
[[251 566]] , [[249 568]]
[[461 608]] , [[462 607]]
[[ 433 1002]] , [[ 434 1001]]
[[608 940]] , [[609 939]]
[[611 974]] , [[612 973]]
[[653 756]] , [[654 755]]
[[485 921]] , [[486 920]]
[[505 740]] , [[505 741]]
[[606 964]] , [[606 965]]
[[281 590]] , [[282 589]]
[[657 754]] , [[658 753]]
[[542 748]] , [[542 752]]
[[405 950]] , [[406 949]]
[[ 405 1010]] , [[ 406 1009]]
[[   5 1039]] , [[   5 1043]]
[[824 718]] , [[824 720]]
[[828 763]] , [[828 773]]
[[277 568]] , [[277 569]]
[[  20 1090]] , [[  20 1091]]
[[  12 1038]] , [[  11 1039]]
[[  68 1254]] , [[  68 1259]]
[[  72 1254]] , [[  72 1259]]
[[ 670 1306]] , [[ 670 1311]]
[[  76 1256]] , [[  76 1261]]
[[ 668 1306]] , [[ 668 1311]]
[[   0 1058]] , [[   0 1123]]
[[ 668 1306]] , [[ 668 1311]]
[[   0 1054]] , [[   0 1125]]
[[ 416 1012]] , [[ 416 1019]]
[[570 738]] , [[570 739]]
[[   9 1038]] , [[   8 1039]]
[[   0 1052]] , [[   0 1126]]
[[ 700 1328]] , [[ 700 1332]]
[[   0 1040]] , [[   0 1045]]
[[  28 1038]] , [[  28 1043]]
[[  42 1039]] , [[  42 1049]]
[[654 982]] , [[654 983]]
[[ 442 1008]] , [[ 442 1010]]
[[861 670]] , [[861 671]]
[[324 566]] , [[324 567]]
[[683 757]] , [[684 758]]
[[568 742]] , [[568 746]]
[[  17 1098]] , [[  18 1097]]
[[  69 1172]] , [[  69 1175]]
[[ 684 1326]] , [[ 684 1333]]
[[331 916]] , [[332 915]]
[[431 735]] , [[431 739]]
[[679 918]] , [[680 917]]
[[679 918]] , [[680 917]]
[[  63 1037]] , [[  63 1041]]
[[ 684 1326]] , [[ 684 1333]]
[[  62 1094]] , [[  62 1109]]
[[ 588 1560]] , [[ 588 1567]]
[[ 628 1552]] , [[ 628 1561]]
[[ 588 1560]] , [[ 588 1567]]
[[ 458 1486]] , [[ 458 1490]]
[[ 738 1468]] , [[ 738 1473]]
[[ 560 1476]] , [[ 560 1481]]
[[ 704 1548]] , [[ 704 1551]]
[[  72 1230]] , [[  72 1239]]
[[ 530 1476]] , [[ 530 1477]]
[[ 650 1556]] , [[ 650 1561]]
[[ 650 1556]] , [[ 650 1561]]
[[ 530 1476]] , [[ 529 1477]]
[[ 741 1468]] , [[ 740 1469]]
[[ 742 1468]] , [[ 742 1472]]
[[ 538 1478]] , [[ 538 1483]]
[[  75 1223]] , [[  75 1229]]
[[  70 1250]] , [[  70 1255]]
[[ 113 1228]] , [[ 113 1232]]
[[ 606 1555]] , [[ 606 1567]]
[[ 510 1478]] , [[ 510 1483]]
[[ 508 1484]] , [[ 508 1489]]
[[ 601 1558]] , [[ 601 1563]]
[[ 650 1558]] , [[ 650 1562]]
[[ 630 1548]] , [[ 630 1553]]
[[ 440 1482]] , [[ 439 1483]]
[[ 510 1478]] , [[ 510 1483]]
[[ 672 1420]] , [[ 672 1425]]
[[ 630 1548]] , [[ 630 1553]]
[[ 630 1548]] , [[ 630 1553]]
[[ 718 1562]] , [[ 718 1567]]
[[ 718 1562]] , [[ 718 1569]]
[[ 573 1552]] , [[ 572 1553]]
[[ 788 1564]] , [[ 788 1569]]
[[ 544 1474]] , [[ 544 1477]]
[[ 636 1546]] , [[ 636 1551]]
[[ 727 1471]] , [[ 727 1475]]
[[ 588 1558]] , [[ 588 1565]]
[[ 544 1476]] , [[ 544 1479]]
[[ 572 1552]] , [[ 572 1559]]
[[ 545 1552]] , [[ 544 1553]]
[[ 556 1562]] , [[ 556 1567]]
[[ 523 1480]] , [[ 523 1485]]
[[ 523 1480]] , [[ 523 1485]]
[[ 670 1420]] , [[ 670 1427]]
[[ 511 1476]] , [[ 510 1477]]
[[ 729 1469]] , [[ 729 1473]]
[[ 452 1498]] , [[ 452 1503]]
[[ 572 1554]] , [[ 572 1559]]
[[ 556 1562]] , [[ 556 1569]]
[[ 602 1558]] , [[ 602 1569]]
[[ 602 1552]] , [[ 602 1560]]
[[ 571 1559]] , [[ 570 1560]]
[[ 592 1560]] , [[ 592 1563]]
[[ 722 1432]] , [[ 722 1436]]
[[ 602 1552]] , [[ 602 1560]]
[[ 576 1564]] , [[ 576 1565]]
[[ 736 1468]] , [[ 735 1469]]
[[ 688 1370]] , [[ 688 1375]]
[[  82 1260]] , [[  82 1265]]
[[  82 1260]] , [[  82 1265]]
[[ 709 1432]] , [[ 709 1436]]
[[ 650 1370]] , [[ 650 1375]]
[[ 378 1424]] , [[ 378 1429]]
[[ 378 1424]] , [[ 378 1429]]
[[ 748 1432]] , [[ 748 1436]]
[[ 648 1409]] , [[ 648 1413]]
[[ 769 1367]] , [[ 769 1371]]
[[ 709 1432]] , [[ 709 1436]]
[[ 730 1422]] , [[ 730 1427]]
[[  50 1039]] , [[  50 1043]]
[[   0 1040]] , [[   0 1075]]
[[ 651 1298]] , [[ 651 1302]]
[[  70 1252]] , [[  70 1257]]
[[  48 1039]] , [[  48 1043]]
[[  44 1078]] , [[  44 1085]]
[[   0 1064]] , [[   0 1073]]
[[566 738]] , [[566 742]]
[[304 568]] , [[303 569]]
[[304 902]] , [[304 903]]
[[368 736]] , [[367 737]]
[[818 673]] , [[817 674]]
[[277 638]] , [[277 643]]
[[  12 1042]] , [[  12 1043]]
[[469 922]] , [[470 921]]
[[614 923]] , [[616 925]]
[[469 922]] , [[470 921]]
[[606 928]] , [[607 927]]
[[251 724]] , [[252 723]]
[[605 996]] , [[606 995]]
[[484 919]] , [[488 919]]
[[385 852]] , [[386 851]]
[[587 760]] , [[588 759]]
[[229 644]] , [[230 643]]
[[652 760]] , [[653 759]]
[[447 742]] , [[447 746]]
[[235 908]] , [[236 907]]
[[559 932]] , [[560 931]]
[[211 674]] , [[212 673]]
[[461 608]] , [[462 607]]
[[465 608]] , [[466 607]]
[[205 674]] , [[206 673]]
[[467 608]] , [[468 607]]
[[230 258]] , [[230 263]]
[[584 255]] , [[584 259]]
[[662 757]] , [[663 757]]
[[469 605]] , [[473 605]]
[[467 922]] , [[468 921]]
[[ 379 1030]] , [[ 380 1029]]
[[177 850]] , [[178 849]]
[[655 758]] , [[656 757]]
[[457 608]] , [[458 607]]
[[651 758]] , [[652 757]]
[[ 547 1004]] , [[ 548 1003]]
[[ 747 1058]] , [[ 748 1057]]
[[487 922]] , [[488 921]]
[[436 740]] , [[436 741]]
[[459 606]] , [[460 605]]
[[647 598]] , [[648 597]]
[[459 606]] , [[460 605]]
[[649 596]] , [[650 595]]
[[459 606]] , [[460 605]]
[[519 744]] , [[520 743]]
[[519 744]] , [[520 743]]
[[519 744]] , [[520 743]]
[[191 590]] , [[192 589]]
[[191 590]] , [[192 589]]
[[177 634]] , [[178 633]]
[[657 762]] , [[658 761]]
[[657 762]] , [[658 761]]
[[594 922]] , [[595 921]]
[[186 589]] , [[187 589]]
[[454 607]] , [[473 607]]
[[655 762]] , [[656 761]]
[[387 740]] , [[387 741]]
[[655 762]] , [[656 761]]
[[183 590]] , [[184 589]]
[[183 590]] , [[184 589]]
[[183 590]] , [[184 589]]
[[611 920]] , [[612 919]]
[[422 739]] , [[421 740]]
[[466 744]] , [[466 748]]
[[181 590]] , [[182 589]]
[[183 590]] , [[184 589]]
[[457 608]] , [[458 607]]
[[904 246]] , [[904 251]]
[[185 590]] , [[186 589]]
[[359 748]] , [[360 747]]
[[479 919]] , [[480 920]]
[[653 762]] , [[654 761]]
[[461 606]] , [[462 605]]
[[647 594]] , [[648 593]]
[[543 762]] , [[544 761]]
[[461 606]] , [[462 605]]
[[551 898]] , [[552 897]]
[[555 760]] , [[556 759]]
[[213 590]] , [[214 589]]
[[543 650]] , [[544 649]]
[[419 740]] , [[417 742]]
[[459 608]] , [[460 607]]
[[475 920]] , [[476 919]]
[[ 395 1042]] , [[ 396 1041]]
[[361 996]] , [[362 995]]
[[583 760]] , [[584 759]]
[[587 760]] , [[588 759]]
[[ 345 1084]] , [[ 346 1083]]
[[   0 1036]] , [[   0 1041]]
[[ 793 1054]] , [[ 794 1053]]
[[475 921]] , [[476 920]]
[[238 562]] , [[237 563]]
[[240 562]] , [[240 563]]
[[481 922]] , [[482 921]]
[[347 934]] , [[348 933]]
[[246 562]] , [[246 563]]
[[   0 1056]] , [[   0 1063]]
[[342 932]] , [[343 931]]
[[  64 1035]] , [[  64 1039]]
[[ 720 1370]] , [[ 720 1375]]
[[ 670 1338]] , [[ 670 1343]]
[[  10 1168]] , [[  10 1175]]
[[ 730 1469]] , [[ 730 1473]]
[[815 670]] , [[815 687]]
[[  70 1252]] , [[  70 1255]]
[[  72 1250]] , [[  72 1251]]
[[ 699 1470]] , [[ 699 1474]]
[[  65 1248]] , [[  65 1252]]
[[  70 1238]] , [[  70 1241]]
[[  20 1039]] , [[  20 1043]]
[[ 734 1469]] , [[ 733 1470]]
[[  42 1070]] , [[  42 1087]]
[[ 720 1370]] , [[ 720 1375]]
[[   0 1052]] , [[   0 1135]]
[[  40 1038]] , [[  40 1043]]
[[599 748]] , [[599 752]]
[[546 740]] , [[546 743]]
[[866 688]] , [[866 695]]
[[  39 1030]] , [[  39 1035]]
[[  46 1090]] , [[  46 1095]]
[[  60 1072]] , [[  60 1081]]
[[  60 1090]] , [[  60 1095]]
[[866 620]] , [[866 621]]
[[864 620]] , [[864 625]]
[[  71 1164]] , [[  71 1188]]
[[  72 1166]] , [[  72 1171]]
[[ 556 1368]] , [[ 556 1372]]
[[  71 1168]] , [[  71 1173]]
[[  66 1202]] , [[  66 1209]]
[[872 614]] , [[872 615]]
[[641 920]] , [[642 919]]
[[   6 1034]] , [[   6 1035]]
[[   0 1026]] , [[   0 1059]]
[[   3 1052]] , [[   4 1051]]
[[   9 1090]] , [[  10 1089]]
[[   0 1018]] , [[   0 1065]]
[[721 762]] , [[722 761]]
[[481 920]] , [[482 919]]
[[  47 1074]] , [[  48 1073]]
[[  47 1074]] , [[  48 1073]]
[[  23 1094]] , [[  24 1093]]
[[  66 1192]] , [[  66 1201]]
[[  66 1044]] , [[  67 1043]]
[[  71 1147]] , [[  71 1153]]
[[ 931 1052]] , [[ 932 1051]]
[[ 931 1052]] , [[ 932 1051]]
[[  72 1142]] , [[  72 1151]]
[[   0 1014]] , [[   0 1065]]
[[ 638 1328]] , [[ 638 1332]]
[[  49 1074]] , [[  50 1073]]
[[ 718 1368]] , [[ 718 1372]]
[[ 646 1370]] , [[ 646 1375]]
[[ 728 1430]] , [[ 728 1435]]
[[ 646 1370]] , [[ 646 1375]]
[[ 763 1468]] , [[ 763 1472]]
[[ 646 1398]] , [[ 646 1407]]
[[ 648 1390]] , [[ 648 1391]]
[[ 648 1390]] , [[ 648 1391]]
[[ 652 1374]] , [[ 652 1385]]
[[  66 1198]] , [[  66 1203]]
[[  66 1198]] , [[  66 1203]]
[[  77 1218]] , [[  77 1225]]
[[  76 1218]] , [[  76 1223]]
[[  66 1186]] , [[  66 1203]]
[[ 672 1340]] , [[ 672 1344]]
[[  68 1244]] , [[  68 1245]]
[[  77 1216]] , [[  77 1217]]
[[  66 1186]] , [[  66 1201]]
[[ 115 1202]] , [[ 114 1203]]
[[ 288 1342]] , [[ 288 1349]]
[[ 700 1469]] , [[ 700 1473]]
[[  72 1186]] , [[  72 1193]]
[[ 288 1344]] , [[ 288 1349]]
[[ 288 1344]] , [[ 288 1349]]
[[ 416 1278]] , [[ 416 1282]]
[[ 614 1486]] , [[ 614 1491]]
[[ 606 1540]] , [[ 606 1545]]
[[ 721 1558]] , [[ 722 1557]]
[[ 657 1549]] , [[ 657 1553]]
[[ 834 1562]] , [[ 834 1565]]
[[ 624 1560]] , [[ 624 1565]]
[[ 680 1548]] , [[ 680 1551]]
[[ 700 1552]] , [[ 700 1557]]
[[ 736 1468]] , [[ 735 1469]]
[[ 748 1429]] , [[ 748 1433]]
[[  75 1225]] , [[  75 1233]]
[[ 556 1472]] , [[ 556 1477]]
[[ 652 1480]] , [[ 652 1487]]
[[ 661 1549]] , [[ 661 1553]]
[[ 577 1550]] , [[ 577 1552]]
[[ 602 1554]] , [[ 601 1555]]
[[ 782 1566]] , [[ 782 1573]]
[[ 636 1476]] , [[ 636 1483]]
[[ 660 1536]] , [[ 660 1541]]
[[ 754 1468]] , [[ 754 1473]]
[[ 690 1378]] , [[ 690 1383]]
[[ 444 1486]] , [[ 444 1491]]
[[ 690 1378]] , [[ 690 1382]]
[[ 694 1470]] , [[ 694 1474]]
[[ 630 1478]] , [[ 630 1484]]
[[ 338 1500]] , [[ 338 1504]]
[[ 630 1478]] , [[ 630 1484]]
[[ 532 1552]] , [[ 532 1557]]
[[ 746 1430]] , [[ 746 1435]]
[[ 520 1482]] , [[ 520 1487]]
[[ 692 1470]] , [[ 692 1477]]
[[ 444 1484]] , [[ 444 1488]]
[[ 728 1470]] , [[ 727 1471]]
[[ 770 1482]] , [[ 770 1487]]
[[ 632 1478]] , [[ 632 1484]]
[[ 654 1482]] , [[ 654 1486]]
[[ 760 1474]] , [[ 760 1479]]
[[ 602 1540]] , [[ 602 1545]]
[[ 688 1430]] , [[ 688 1434]]
[[ 526 1574]] , [[ 525 1575]]
[[ 462 1483]] , [[ 462 1487]]
[[ 710 1473]] , [[ 710 1477]]
[[  79 1452]] , [[  79 1456]]
[[ 760 1474]] , [[ 760 1479]]
[[ 518 1473]] , [[ 518 1481]]
[[ 710 1473]] , [[ 710 1477]]
[[ 510 1334]] , [[ 510 1335]]
[[ 172 1368]] , [[ 172 1372]]
[[ 529 1473]] , [[ 529 1475]]
[[ 844 1564]] , [[ 844 1567]]
[[ 653 1482]] , [[ 653 1486]]
[[ 836 1566]] , [[ 836 1570]]
[[ 652 1482]] , [[ 652 1486]]
[[ 466 1482]] , [[ 466 1483]]
[[ 684 1368]] , [[ 684 1373]]
[[  71 1464]] , [[  71 1468]]
[[ 582 1340]] , [[ 582 1344]]
[[ 674 1332]] , [[ 674 1337]]
[[ 686 1330]] , [[ 686 1334]]
[[ 674 1368]] , [[ 674 1372]]
[[ 648 1332]] , [[ 648 1337]]
[[886 592]] , [[886 593]]
[[322 546]] , [[322 547]]
[[649 582]] , [[650 581]]
[[348 974]] , [[348 979]]
[[671 899]] , [[672 898]]
[[ 493 1014]] , [[ 493 1019]]
[[ 413 1373]] , [[ 413 1377]]
[[ 701 1369]] , [[ 701 1373]]
[[ 556 1551]] , [[ 556 1557]]
[[ 682 1376]] , [[ 682 1380]]
[[ 736 1372]] , [[ 736 1377]]
[[ 782 1372]] , [[ 782 1376]]
[[ 442 1381]] , [[ 442 1390]]
[[ 609 1380]] , [[ 608 1381]]
[[ 432 1376]] , [[ 432 1381]]
[[ 766 1370]] , [[ 766 1377]]
[[ 772 1370]] , [[ 772 1375]]
[[714 728]] , [[714 729]]
[[375 951]] , [[375 952]]
[[866 694]] , [[866 695]]
[[275 560]] , [[275 561]]
[[293 576]] , [[294 575]]
[[ 637 1268]] , [[ 637 1273]]
[[ 644 1262]] , [[ 644 1266]]
[[ 785 1356]] , [[ 785 1361]]
[[ 807 1335]] , [[ 807 1336]]
[[ 156 1368]] , [[ 156 1373]]
[[ 286 1369]] , [[ 286 1373]]
[[ 625 1272]] , [[ 625 1276]]
[[ 794 1333]] , [[ 794 1335]]
[[ 804 1344]] , [[ 804 1348]]
[[840 833]] , [[840 858]]
[[619 912]] , [[620 911]]
[[590 915]] , [[619 915]]
[[826 752]] , [[826 765]]
[[ 401 1020]] , [[ 402 1019]]
[[658 736]] , [[658 740]]
[[810 708]] , [[810 714]]
[[ 696 1428]] , [[ 696 1433]]
[[ 682 1368]] , [[ 682 1369]]
[[ 163 1355]] , [[ 162 1356]]
[[ 656 1330]] , [[ 656 1336]]
[[ 652 1327]] , [[ 651 1328]]
[[ 268 1344]] , [[ 268 1349]]
[[793 712]] , [[793 713]]
[[ 648 1316]] , [[ 647 1317]]
[[ 256 1336]] , [[ 256 1343]]
[[ 686 1310]] , [[ 686 1311]]
[[ 346 1099]] , [[ 346 1103]]
[[597 742]] , [[597 743]]
[[ 519 1058]] , [[ 520 1057]]
[[583 954]] , [[584 953]]
[[234 564]] , [[233 565]]
[[226 566]] , [[226 568]]
[[478 920]] , [[479 919]]
[[586 964]] , [[587 963]]
[[411 964]] , [[412 963]]
[[  25 1088]] , [[  25 1091]]
[[480 920]] , [[481 919]]
[[671 914]] , [[672 913]]
[[ 375 1100]] , [[ 375 1105]]
[[217 778]] , [[218 777]]
[[661 918]] , [[662 917]]
[[854 688]] , [[854 689]]
[[ 471 1014]] , [[ 472 1013]]
[[661 918]] , [[662 917]]
[[661 918]] , [[662 917]]
[[439 986]] , [[440 985]]
[[661 918]] , [[662 917]]
[[561 738]] , [[561 743]]
[[561 738]] , [[561 743]]
[[302 748]] , [[302 753]]
[[578 740]] , [[578 744]]
[[  45 1050]] , [[  45 1055]]
[[854 712]] , [[854 727]]
[[  42 1084]] , [[  42 1095]]
[[   7 1106]] , [[   8 1105]]
[[ 650 1376]] , [[ 650 1383]]
[[ 684 1408]] , [[ 684 1413]]
[[ 688 1430]] , [[ 688 1435]]
[[   0 1048]] , [[   0 1103]]
[[  40 1066]] , [[  40 1067]]
[[  44 1039]] , [[  44 1043]]
[[ 168 1350]] , [[ 168 1354]]
[[848 692]] , [[848 705]]
[[  30 1038]] , [[  30 1043]]
[[292 750]] , [[292 758]]
[[  38 1039]] , [[  38 1045]]
[[496 744]] , [[495 745]]
[[  38 1040]] , [[  38 1045]]
[[520 740]] , [[520 744]]
[[ 511 1337]] , [[ 511 1341]]
[[296 688]] , [[296 703]]
[[ 632 1370]] , [[ 632 1371]]
[[ 684 1369]] , [[ 684 1371]]
[[ 668 1406]] , [[ 668 1417]]
[[ 656 1368]] , [[ 656 1375]]
[[  10 1038]] , [[  10 1043]]
[[  28 1048]] , [[  28 1055]]
[[308 904]] , [[307 905]]
[[298 904]] , [[298 909]]
[[  70 1248]] , [[  70 1249]]
[[298 904]] , [[298 909]]
[[  18 1082]] , [[  18 1085]]
[[819 689]] , [[819 695]]
[[344 732]] , [[344 733]]
[[819 719]] , [[818 720]]
[[  12 1102]] , [[  12 1106]]
[[  16 1042]] , [[  16 1043]]
[[  52 1272]] , [[  52 1277]]
[[ 368 1091]] , [[ 368 1095]]
[[  66 1254]] , [[  65 1255]]
[[   5 1172]] , [[   5 1177]]
[[ 512 1337]] , [[ 512 1343]]
[[ 512 1337]] , [[ 512 1343]]
[[ 656 1368]] , [[ 656 1375]]
[[  70 1248]] , [[  70 1258]]
[[  78 1262]] , [[  78 1267]]
[[  38 1267]] , [[  38 1271]]
[[   8 1228]] , [[   8 1232]]
[[   0 1042]] , [[   0 1047]]
[[ 363 1080]] , [[ 364 1079]]
[[  22 1256]] , [[  22 1261]]
[[  28 1264]] , [[  28 1269]]
[[   0 1042]] , [[   0 1054]]
[[   8 1038]] , [[   8 1047]]
[[   0 1042]] , [[   0 1051]]
[[   8 1040]] , [[   8 1048]]
[[467 924]] , [[468 923]]
[[604 928]] , [[605 927]]
[[608 992]] , [[609 991]]
[[607 966]] , [[608 965]]
[[603 933]] , [[604 932]]
[[603 962]] , [[604 961]]
[[272 593]] , [[293 593]]
[[502 740]] , [[502 741]]
[[652 755]] , [[653 755]]
[[ 382 1001]] , [[ 383 1000]]
[[ 346 1086]] , [[ 346 1090]]
[[  20 1260]] , [[  20 1267]]
[[469 924]] , [[470 923]]
[[248 566]] , [[248 567]]
[[  12 1250]] , [[  12 1257]]
[[ 811 1060]] , [[ 812 1059]]
[[439 931]] , [[439 935]]
[[439 931]] , [[439 935]]
[[599 930]] , [[600 929]]
[[248 566]] , [[247 567]]
[[465 608]] , [[466 607]]
[[598 930]] , [[599 929]]
[[598 930]] , [[599 929]]
[[ 432 1031]] , [[ 432 1039]]
[[653 757]] , [[654 756]]
[[500 740]] , [[499 741]]
[[653 757]] , [[654 756]]
[[267 594]] , [[268 593]]
[[515 746]] , [[515 751]]
[[596 930]] , [[597 929]]
[[658 756]] , [[659 755]]
[[246 566]] , [[244 568]]
[[479 922]] , [[480 921]]
[[   1 1036]] , [[   1 1041]]
[[518 740]] , [[518 744]]
[[653 756]] , [[654 755]]
[[462 744]] , [[462 749]]
[[493 743]] , [[493 751]]
[[493 743]] , [[493 751]]
[[459 745]] , [[459 749]]
[[459 745]] , [[459 749]]
[[251 566]] , [[249 568]]
[[461 608]] , [[462 607]]
[[ 433 1002]] , [[ 434 1001]]
[[608 940]] , [[609 939]]
[[611 974]] , [[612 973]]
[[653 756]] , [[654 755]]
[[485 921]] , [[486 920]]
[[505 740]] , [[505 741]]
[[606 964]] , [[606 965]]
[[281 590]] , [[282 589]]
[[657 754]] , [[658 753]]
[[542 748]] , [[542 752]]
[[405 950]] , [[406 949]]
[[ 405 1010]] , [[ 406 1009]]
[[   5 1039]] , [[   5 1043]]
[[824 718]] , [[824 720]]
[[828 763]] , [[828 773]]
[[277 568]] , [[277 569]]
[[  20 1090]] , [[  20 1091]]
[[  12 1038]] , [[  11 1039]]
[[  68 1254]] , [[  68 1259]]
[[  72 1254]] , [[  72 1259]]
[[ 670 1306]] , [[ 670 1311]]
[[  76 1256]] , [[  76 1261]]
[[ 668 1306]] , [[ 668 1311]]
[[   0 1058]] , [[   0 1123]]
[[ 668 1306]] , [[ 668 1311]]
[[   0 1054]] , [[   0 1125]]
[[ 416 1012]] , [[ 416 1019]]
[[570 738]] , [[570 739]]
[[   9 1038]] , [[   8 1039]]
[[   0 1052]] , [[   0 1126]]
[[ 700 1328]] , [[ 700 1332]]
[[   0 1040]] , [[   0 1045]]
[[  28 1038]] , [[  28 1043]]
[[  42 1039]] , [[  42 1049]]
[[654 982]] , [[654 983]]
[[ 442 1008]] , [[ 442 1010]]
[[861 670]] , [[861 671]]
[[324 566]] , [[324 567]]
[[683 757]] , [[684 758]]
[[568 742]] , [[568 746]]
[[  17 1098]] , [[  18 1097]]
[[  69 1172]] , [[  69 1175]]
[[ 684 1326]] , [[ 684 1333]]
[[331 916]] , [[332 915]]
[[431 735]] , [[431 739]]
[[679 918]] , [[680 917]]
[[679 918]] , [[680 917]]
[[  63 1037]] , [[  63 1041]]
[[ 684 1326]] , [[ 684 1333]]
[[  62 1094]] , [[  62 1109]]
[[ 588 1560]] , [[ 588 1567]]
[[ 628 1552]] , [[ 628 1561]]
[[ 588 1560]] , [[ 588 1567]]
[[ 458 1486]] , [[ 458 1490]]
[[ 738 1468]] , [[ 738 1473]]
[[ 560 1476]] , [[ 560 1481]]
[[ 704 1548]] , [[ 704 1551]]
[[  72 1230]] , [[  72 1239]]
[[ 530 1476]] , [[ 530 1477]]
[[ 650 1556]] , [[ 650 1561]]
[[ 650 1556]] , [[ 650 1561]]
[[ 530 1476]] , [[ 529 1477]]
[[ 741 1468]] , [[ 740 1469]]
[[ 742 1468]] , [[ 742 1472]]
[[ 538 1478]] , [[ 538 1483]]
[[  75 1223]] , [[  75 1229]]
[[  70 1250]] , [[  70 1255]]
[[ 113 1228]] , [[ 113 1232]]
[[ 606 1555]] , [[ 606 1567]]
[[ 510 1478]] , [[ 510 1483]]
[[ 508 1484]] , [[ 508 1489]]
[[ 601 1558]] , [[ 601 1563]]
[[ 650 1558]] , [[ 650 1562]]
[[ 630 1548]] , [[ 630 1553]]
[[ 440 1482]] , [[ 439 1483]]
[[ 510 1478]] , [[ 510 1483]]
[[ 672 1420]] , [[ 672 1425]]
[[ 630 1548]] , [[ 630 1553]]
[[ 630 1548]] , [[ 630 1553]]
[[ 718 1562]] , [[ 718 1567]]
[[ 718 1562]] , [[ 718 1569]]
[[ 573 1552]] , [[ 572 1553]]
[[ 788 1564]] , [[ 788 1569]]
[[ 544 1474]] , [[ 544 1477]]
[[ 636 1546]] , [[ 636 1551]]
[[ 727 1471]] , [[ 727 1475]]
[[ 588 1558]] , [[ 588 1565]]
[[ 544 1476]] , [[ 544 1479]]
[[ 572 1552]] , [[ 572 1559]]
[[ 545 1552]] , [[ 544 1553]]
[[ 556 1562]] , [[ 556 1567]]
[[ 523 1480]] , [[ 523 1485]]
[[ 523 1480]] , [[ 523 1485]]
[[ 670 1420]] , [[ 670 1427]]
[[ 511 1476]] , [[ 510 1477]]
[[ 729 1469]] , [[ 729 1473]]
[[ 452 1498]] , [[ 452 1503]]
[[ 572 1554]] , [[ 572 1559]]
[[ 556 1562]] , [[ 556 1569]]
[[ 602 1558]] , [[ 602 1569]]
[[ 602 1552]] , [[ 602 1560]]
[[ 571 1559]] , [[ 570 1560]]
[[ 592 1560]] , [[ 592 1563]]
[[ 722 1432]] , [[ 722 1436]]
[[ 602 1552]] , [[ 602 1560]]
[[ 576 1564]] , [[ 576 1565]]
[[ 736 1468]] , [[ 735 1469]]
[[ 688 1370]] , [[ 688 1375]]
[[  82 1260]] , [[  82 1265]]
[[  82 1260]] , [[  82 1265]]
[[ 709 1432]] , [[ 709 1436]]
[[ 650 1370]] , [[ 650 1375]]
[[ 378 1424]] , [[ 378 1429]]
[[ 378 1424]] , [[ 378 1429]]
[[ 748 1432]] , [[ 748 1436]]
[[ 648 1409]] , [[ 648 1413]]
[[ 769 1367]] , [[ 769 1371]]
[[ 709 1432]] , [[ 709 1436]]
[[ 730 1422]] , [[ 730 1427]]
[[  50 1039]] , [[  50 1043]]
[[   0 1040]] , [[   0 1075]]
[[ 651 1298]] , [[ 651 1302]]
[[  70 1252]] , [[  70 1257]]
[[  48 1039]] , [[  48 1043]]
[[  44 1078]] , [[  44 1085]]
[[   0 1064]] , [[   0 1073]]
[[566 738]] , [[566 742]]
[[304 568]] , [[303 569]]
[[304 902]] , [[304 903]]
[[368 736]] , [[367 737]]
[[818 673]] , [[817 674]]
[[277 638]] , [[277 643]]
[[  12 1042]] , [[  12 1043]]
[[469 922]] , [[470 921]]
[[614 923]] , [[616 925]]
[[469 922]] , [[470 921]]
[[606 928]] , [[607 927]]
[[251 724]] , [[252 723]]
[[605 996]] , [[606 995]]
[[484 919]] , [[488 919]]
[[385 852]] , [[386 851]]
[[587 760]] , [[588 759]]
[[229 644]] , [[230 643]]
[[652 760]] , [[653 759]]
[[447 742]] , [[447 746]]
[[235 908]] , [[236 907]]
[[559 932]] , [[560 931]]
[[211 674]] , [[212 673]]
[[461 608]] , [[462 607]]
[[465 608]] , [[466 607]]
[[205 674]] , [[206 673]]
[[467 608]] , [[468 607]]
[[230 258]] , [[230 263]]
[[584 255]] , [[584 259]]
[[662 757]] , [[663 757]]
[[469 605]] , [[473 605]]
[[467 922]] , [[468 921]]
[[ 379 1030]] , [[ 380 1029]]
[[177 850]] , [[178 849]]
[[655 758]] , [[656 757]]
[[457 608]] , [[458 607]]
[[651 758]] , [[652 757]]
[[ 547 1004]] , [[ 548 1003]]
[[ 747 1058]] , [[ 748 1057]]
[[487 922]] , [[488 921]]
[[436 740]] , [[436 741]]
[[459 606]] , [[460 605]]
[[647 598]] , [[648 597]]
[[459 606]] , [[460 605]]
[[649 596]] , [[650 595]]
[[459 606]] , [[460 605]]
[[519 744]] , [[520 743]]
[[519 744]] , [[520 743]]
[[519 744]] , [[520 743]]
[[191 590]] , [[192 589]]
[[191 590]] , [[192 589]]
[[177 634]] , [[178 633]]
[[657 762]] , [[658 761]]
[[657 762]] , [[658 761]]
[[594 922]] , [[595 921]]
[[186 589]] , [[187 589]]
[[454 607]] , [[473 607]]
[[655 762]] , [[656 761]]
[[387 740]] , [[387 741]]
[[655 762]] , [[656 761]]
[[183 590]] , [[184 589]]
[[183 590]] , [[184 589]]
[[183 590]] , [[184 589]]
[[611 920]] , [[612 919]]
[[422 739]] , [[421 740]]
[[466 744]] , [[466 748]]
[[181 590]] , [[182 589]]
[[183 590]] , [[184 589]]
[[457 608]] , [[458 607]]
[[904 246]] , [[904 251]]
[[185 590]] , [[186 589]]
[[359 748]] , [[360 747]]
[[479 919]] , [[480 920]]
[[653 762]] , [[654 761]]
[[461 606]] , [[462 605]]
[[647 594]] , [[648 593]]
[[543 762]] , [[544 761]]
[[461 606]] , [[462 605]]
[[551 898]] , [[552 897]]
[[555 760]] , [[556 759]]
[[213 590]] , [[214 589]]
[[543 650]] , [[544 649]]
[[419 740]] , [[417 742]]
[[459 608]] , [[460 607]]
[[475 920]] , [[476 919]]
[[ 395 1042]] , [[ 396 1041]]
[[361 996]] , [[362 995]]
[[583 760]] , [[584 759]]
[[587 760]] , [[588 759]]
[[ 345 1084]] , [[ 346 1083]]
[[   0 1036]] , [[   0 1041]]
[[ 793 1054]] , [[ 794 1053]]
[[475 921]] , [[476 920]]
[[238 562]] , [[237 563]]
[[240 562]] , [[240 563]]
[[481 922]] , [[482 921]]
[[347 934]] , [[348 933]]
[[246 562]] , [[246 563]]
[[   0 1056]] , [[   0 1063]]
[[342 932]] , [[343 931]]
[[  64 1035]] , [[  64 1039]]
[[ 720 1370]] , [[ 720 1375]]
[[ 670 1338]] , [[ 670 1343]]
[[  10 1168]] , [[  10 1175]]
[[ 730 1469]] , [[ 730 1473]]
[[815 670]] , [[815 687]]
[[  70 1252]] , [[  70 1255]]
[[  72 1250]] , [[  72 1251]]
[[ 699 1470]] , [[ 699 1474]]
[[  65 1248]] , [[  65 1252]]
[[  70 1238]] , [[  70 1241]]
[[  20 1039]] , [[  20 1043]]
[[ 734 1469]] , [[ 733 1470]]
[[  42 1070]] , [[  42 1087]]
[[ 720 1370]] , [[ 720 1375]]
[[   0 1052]] , [[   0 1135]]
[[  40 1038]] , [[  40 1043]]
[[599 748]] , [[599 752]]
[[546 740]] , [[546 743]]
[[866 688]] , [[866 695]]
[[  39 1030]] , [[  39 1035]]
[[  46 1090]] , [[  46 1095]]
[[  60 1072]] , [[  60 1081]]
[[  60 1090]] , [[  60 1095]]
[[866 620]] , [[866 621]]
[[864 620]] , [[864 625]]
[[  71 1164]] , [[  71 1188]]
[[  72 1166]] , [[  72 1171]]
[[ 556 1368]] , [[ 556 1372]]
[[  71 1168]] , [[  71 1173]]
[[  66 1202]] , [[  66 1209]]
[[872 614]] , [[872 615]]
[[641 920]] , [[642 919]]
[[   6 1034]] , [[   6 1035]]
[[   0 1026]] , [[   0 1059]]
[[   3 1052]] , [[   4 1051]]
[[   9 1090]] , [[  10 1089]]
[[   0 1018]] , [[   0 1065]]
[[721 762]] , [[722 761]]
[[481 920]] , [[482 919]]
[[  47 1074]] , [[  48 1073]]
[[  47 1074]] , [[  48 1073]]
[[  23 1094]] , [[  24 1093]]
[[  66 1192]] , [[  66 1201]]
[[  66 1044]] , [[  67 1043]]
[[  71 1147]] , [[  71 1153]]
[[ 931 1052]] , [[ 932 1051]]
[[ 931 1052]] , [[ 932 1051]]
[[  72 1142]] , [[  72 1151]]
[[   0 1014]] , [[   0 1065]]
[[ 638 1328]] , [[ 638 1332]]
[[  49 1074]] , [[  50 1073]]
[[ 718 1368]] , [[ 718 1372]]
[[ 646 1370]] , [[ 646 1375]]
[[ 728 1430]] , [[ 728 1435]]
[[ 646 1370]] , [[ 646 1375]]
[[ 763 1468]] , [[ 763 1472]]
[[ 646 1398]] , [[ 646 1407]]
[[ 648 1390]] , [[ 648 1391]]
[[ 648 1390]] , [[ 648 1391]]
[[ 652 1374]] , [[ 652 1385]]
[[  66 1198]] , [[  66 1203]]
[[  66 1198]] , [[  66 1203]]
[[  77 1218]] , [[  77 1225]]
[[  76 1218]] , [[  76 1223]]
[[  66 1186]] , [[  66 1203]]
[[ 672 1340]] , [[ 672 1344]]
[[  68 1244]] , [[  68 1245]]
[[  77 1216]] , [[  77 1217]]
[[  66 1186]] , [[  66 1201]]
[[ 115 1202]] , [[ 114 1203]]
[[ 288 1342]] , [[ 288 1349]]
[[ 700 1469]] , [[ 700 1473]]
[[  72 1186]] , [[  72 1193]]
[[ 288 1344]] , [[ 288 1349]]
[[ 288 1344]] , [[ 288 1349]]
[[ 416 1278]] , [[ 416 1282]]
[[ 614 1486]] , [[ 614 1491]]
[[ 606 1540]] , [[ 606 1545]]
[[ 721 1558]] , [[ 722 1557]]
[[ 657 1549]] , [[ 657 1553]]
[[ 834 1562]] , [[ 834 1565]]
[[ 624 1560]] , [[ 624 1565]]
[[ 680 1548]] , [[ 680 1551]]
[[ 700 1552]] , [[ 700 1557]]
[[ 736 1468]] , [[ 735 1469]]
[[ 748 1429]] , [[ 748 1433]]
[[  75 1225]] , [[  75 1233]]
[[ 556 1472]] , [[ 556 1477]]
[[ 652 1480]] , [[ 652 1487]]
[[ 661 1549]] , [[ 661 1553]]
[[ 577 1550]] , [[ 577 1552]]
[[ 602 1554]] , [[ 601 1555]]
[[ 782 1566]] , [[ 782 1573]]
[[ 636 1476]] , [[ 636 1483]]
[[ 660 1536]] , [[ 660 1541]]
[[ 754 1468]] , [[ 754 1473]]
[[ 690 1378]] , [[ 690 1383]]
[[ 444 1486]] , [[ 444 1491]]
[[ 690 1378]] , [[ 690 1382]]
[[ 694 1470]] , [[ 694 1474]]
[[ 630 1478]] , [[ 630 1484]]
[[ 338 1500]] , [[ 338 1504]]
[[ 630 1478]] , [[ 630 1484]]
[[ 532 1552]] , [[ 532 1557]]
[[ 746 1430]] , [[ 746 1435]]
[[ 520 1482]] , [[ 520 1487]]
[[ 692 1470]] , [[ 692 1477]]
[[ 444 1484]] , [[ 444 1488]]
[[ 728 1470]] , [[ 727 1471]]
[[ 770 1482]] , [[ 770 1487]]
[[ 632 1478]] , [[ 632 1484]]
[[ 654 1482]] , [[ 654 1486]]
[[ 760 1474]] , [[ 760 1479]]
[[ 602 1540]] , [[ 602 1545]]
[[ 688 1430]] , [[ 688 1434]]
[[ 526 1574]] , [[ 525 1575]]
[[ 462 1483]] , [[ 462 1487]]
[[ 710 1473]] , [[ 710 1477]]
[[  79 1452]] , [[  79 1456]]
[[ 760 1474]] , [[ 760 1479]]
[[ 518 1473]] , [[ 518 1481]]
[[ 710 1473]] , [[ 710 1477]]
[[ 510 1334]] , [[ 510 1335]]
[[ 172 1368]] , [[ 172 1372]]
[[ 529 1473]] , [[ 529 1475]]
[[ 844 1564]] , [[ 844 1567]]
[[ 653 1482]] , [[ 653 1486]]
[[ 836 1566]] , [[ 836 1570]]
[[ 652 1482]] , [[ 652 1486]]
[[ 466 1482]] , [[ 466 1483]]
[[ 684 1368]] , [[ 684 1373]]
[[  71 1464]] , [[  71 1468]]
[[ 582 1340]] , [[ 582 1344]]
[[ 674 1332]] , [[ 674 1337]]
[[ 686 1330]] , [[ 686 1334]]
[[ 674 1368]] , [[ 674 1372]]
[[ 648 1332]] , [[ 648 1337]]
[[886 592]] , [[886 593]]
[[322 546]] , [[322 547]]
[[649 582]] , [[650 581]]
[[348 974]] , [[348 979]]
[[671 899]] , [[672 898]]
[[ 493 1014]] , [[ 493 1019]]
[[ 413 1373]] , [[ 413 1377]]
[[ 701 1369]] , [[ 701 1373]]
[[ 556 1551]] , [[ 556 1557]]
[[ 682 1376]] , [[ 682 1380]]
[[ 736 1372]] , [[ 736 1377]]
[[ 782 1372]] , [[ 782 1376]]
[[ 442 1381]] , [[ 442 1390]]
[[ 609 1380]] , [[ 608 1381]]
[[ 432 1376]] , [[ 432 1381]]
[[ 766 1370]] , [[ 766 1377]]
[[ 772 1370]] , [[ 772 1375]]
[[714 728]] , [[714 729]]
[[375 951]] , [[375 952]]
[[866 694]] , [[866 695]]
[[275 560]] , [[275 561]]
[[293 576]] , [[294 575]]
[[ 637 1268]] , [[ 637 1273]]
[[ 644 1262]] , [[ 644 1266]]
[[ 785 1356]] , [[ 785 1361]]
[[ 807 1335]] , [[ 807 1336]]
[[ 156 1368]] , [[ 156 1373]]
[[ 286 1369]] , [[ 286 1373]]
[[ 625 1272]] , [[ 625 1276]]
[[ 794 1333]] , [[ 794 1335]]
[[ 804 1344]] , [[ 804 1348]]
[[840 833]] , [[840 858]]
[[619 912]] , [[620 911]]
[[590 915]] , [[619 915]]
[[826 752]] , [[826 765]]
[[ 401 1020]] , [[ 402 1019]]
[[658 736]] , [[658 740]]
[[810 708]] , [[810 714]]
[[ 696 1428]] , [[ 696 1433]]
[[ 682 1368]] , [[ 682 1369]]
[[ 163 1355]] , [[ 162 1356]]
[[ 656 1330]] , [[ 656 1336]]
[[ 652 1327]] , [[ 651 1328]]
[[ 268 1344]] , [[ 268 1349]]
[[793 712]] , [[793 713]]
[[ 648 1316]] , [[ 647 1317]]
[[ 256 1336]] , [[ 256 1343]]
[[ 686 1310]] , [[ 686 1311]]
[[ 346 1099]] , [[ 346 1103]]
[[597 742]] , [[597 743]]
[[ 519 1058]] , [[ 520 1057]]
[[583 954]] , [[584 953]]
[[234 564]] , [[233 565]]
[[226 566]] , [[226 568]]
[[478 920]] , [[479 919]]
[[586 964]] , [[587 963]]
[[411 964]] , [[412 963]]
[[  25 1088]] , [[  25 1091]]
[[480 920]] , [[481 919]]
[[671 914]] , [[672 913]]
[[ 375 1100]] , [[ 375 1105]]
[[217 778]] , [[218 777]]
[[ 354 1176]] , [[ 354 1181]]
[[ 188 1200]] , [[ 188 1207]]
[[ 227 1182]] , [[ 226 1183]]
[[ 188 1200]] , [[ 188 1214]]
[[ 418 1246]] , [[ 418 1265]]
[[ 614 1250]] , [[ 614 1255]]
[[ 614 1250]] , [[ 614 1255]]
[[ 418 1246]] , [[ 418 1263]]
[[ 212 1180]] , [[ 212 1181]]
[[ 414 1174]] , [[ 414 1175]]
[[ 346 1172]] , [[ 346 1177]]
[[ 424 1136]] , [[ 424 1145]]
[[ 220 1008]] , [[ 220 1013]]
[[176 878]] , [[176 879]]
[[178 870]] , [[178 871]]
[[424 832]] , [[424 833]]
[[560 838]] , [[560 839]]
[[414 834]] , [[414 835]]
[[809 866]] , [[810 865]]
[[632 832]] , [[632 837]]
[[424 832]] , [[424 833]]
[[636 832]] , [[636 837]]
[[288 593]] , [[288 597]]
[[880 636]] , [[880 640]]
[[830 635]] , [[830 639]]
[[360 828]] , [[360 831]]
[[467 848]] , [[468 847]]
[[182 832]] , [[182 835]]
[[361 828]] , [[360 829]]
[[382 827]] , [[381 828]]
[[424 832]] , [[424 833]]
[[632 832]] , [[632 837]]
[[632 832]] , [[632 837]]
[[660 834]] , [[660 835]]
[[381 829]] , [[380 830]]
[[811 870]] , [[812 869]]
[[413 844]] , [[414 843]]
[[652 836]] , [[652 837]]
[[412 832]] , [[412 835]]
[[592 840]] , [[592 841]]
[[584 840]] , [[584 847]]
[[380 826]] , [[380 827]]
[[434 832]] , [[434 833]]
[[378 828]] , [[377 829]]
[[318 594]] , [[318 599]]
[[318 594]] , [[318 598]]
[[412 834]] , [[412 835]]
[[621 848]] , [[622 847]]
[[621 848]] , [[622 847]]
[[366 828]] , [[366 829]]
[[538 850]] , [[538 855]]
[[654 836]] , [[654 837]]
[[628 833]] , [[628 839]]
[[638 834]] , [[638 839]]
[[426 834]] , [[426 835]]
[[500 840]] , [[500 841]]
[[426 834]] , [[426 835]]
[[424 834]] , [[424 835]]
[[627 838]] , [[628 837]]
[[608 832]] , [[608 841]]
[[416 832]] , [[416 833]]
[[414 834]] , [[414 835]]
[[414 834]] , [[414 835]]
[[466 840]] , [[466 845]]
[[478 840]] , [[478 841]]
[[578 842]] , [[578 843]]
[[376 827]] , [[375 828]]
[[512 840]] , [[512 845]]
[[412 834]] , [[412 835]]
[[512 840]] , [[512 841]]
[[652 836]] , [[652 839]]
[[542 842]] , [[542 845]]
[[606 846]] , [[606 851]]
[[404 834]] , [[404 835]]
[[162 864]] , [[162 865]]
[[162 864]] , [[162 865]]
[[162 864]] , [[162 865]]
[[152 846]] , [[152 859]]
[[152 846]] , [[152 859]]
[[526 846]] , [[526 853]]
[[602 848]] , [[602 851]]
[[598 888]] , [[598 893]]
[[150 862]] , [[150 883]]
[[454 842]] , [[454 847]]
[[564 842]] , [[564 845]]
[[344 828]] , [[344 829]]
[[640 836]] , [[640 837]]
[[640 837]] , [[639 838]]
[[448 842]] , [[448 849]]
[[494 846]] , [[494 851]]
[[624 838]] , [[624 839]]
[[528 846]] , [[528 847]]
[[494 844]] , [[494 845]]
[[580 856]] , [[580 857]]
[[376 838]] , [[376 847]]
[[518 848]] , [[518 849]]
[[446 848]] , [[446 857]]
[[446 848]] , [[446 855]]
[[636 846]] , [[636 849]]
[[126 864]] , [[126 894]]
[[122 840]] , [[122 848]]
[[566 858]] , [[566 863]]
[[516 846]] , [[516 855]]
[[518 848]] , [[518 853]]
[[446 842]] , [[446 847]]
[[118 844]] , [[118 849]]
[[530 842]] , [[530 849]]
[[634 843]] , [[633 844]]
[[106 838]] , [[106 883]]
[[434 842]] , [[434 847]]
[[434 840]] , [[434 841]]
[[526 842]] , [[526 843]]
[[580 854]] , [[580 859]]
[[ 98 848]] , [[ 98 884]]
[[ 98 848]] , [[ 98 887]]
[[104 842]] , [[104 847]]
[[516 844]] , [[516 851]]
[[566 848]] , [[566 855]]
[[514 844]] , [[514 845]]
[[336 832]] , [[336 833]]
[[732 844]] , [[731 845]]
[[534 854]] , [[533 855]]
[[566 844]] , [[566 849]]
[[728 844]] , [[727 845]]
[[564 844]] , [[564 849]]
[[564 844]] , [[564 859]]
[[566 844]] , [[566 845]]
[[524 848]] , [[524 851]]
[[524 848]] , [[524 851]]
[[574 844]] , [[574 845]]
[[462 844]] , [[462 847]]
[[126 830]] , [[126 831]]
[[330 828]] , [[329 829]]
[[ 88 844]] , [[ 88 849]]
[[484 844]] , [[484 845]]
[[580 844]] , [[580 845]]
[[510 842]] , [[510 845]]
[[572 844]] , [[572 845]]
[[510 840]] , [[510 845]]
[[ 96 832]] , [[ 96 833]]
[[332 830]] , [[332 831]]
[[116 838]] , [[116 845]]
[[416 594]] , [[416 599]]
[[ 98 836]] , [[ 98 839]]
[[336 834]] , [[336 835]]
[[103 837]] , [[103 839]]
[[105 836]] , [[104 837]]
[[526 844]] , [[526 845]]
[[318 840]] , [[318 847]]
[[488 846]] , [[488 847]]
[[318 852]] , [[318 853]]
[[113 848]] , [[113 851]]
[[608 844]] , [[608 845]]
[[758 844]] , [[757 845]]
[[326 852]] , [[326 853]]
[[352 834]] , [[352 835]]
[[488 844]] , [[488 845]]
[[356 834]] , [[356 835]]
[[204 602]] , [[204 607]]
[[526 842]] , [[526 843]]
[[526 842]] , [[526 843]]
[[344 856]] , [[344 861]]
[[612 842]] , [[612 843]]
[[526 842]] , [[526 845]]
[[130 834]] , [[130 835]]
[[400 596]] , [[400 601]]
[[526 840]] , [[526 843]]
[[126 840]] , [[126 887]]
[[608 838]] , [[608 839]]
[[147 836]] , [[147 840]]
[[612 837]] , [[612 839]]
[[440 842]] , [[440 847]]
[[128 840]] , [[128 891]]
[[588 854]] , [[588 855]]
[[498 840]] , [[498 841]]
[[331 844]] , [[332 843]]
[[490 844]] , [[490 845]]
[[588 844]] , [[588 845]]
[[640 840]] , [[640 843]]
[[194 836]] , [[194 837]]
[[246 590]] , [[246 591]]
[[192 592]] , [[192 599]]
[[522 844]] , [[522 845]]
[[574 852]] , [[574 857]]
[[548 846]] , [[548 851]]
[[456 842]] , [[456 847]]
[[634 834]] , [[633 835]]
[[522 850]] , [[522 855]]
[[522 850]] , [[522 855]]
[[632 854]] , [[632 855]]
[[522 850]] , [[522 855]]
[[178 862]] , [[178 867]]
[[552 844]] , [[552 849]]
[[640 834]] , [[640 839]]
[[465 848]] , [[466 847]]
[[644 834]] , [[643 835]]
[[621 848]] , [[622 847]]
[[484 850]] , [[484 857]]
[[628 834]] , [[628 839]]
[[558 844]] , [[558 849]]
[[496 846]] , [[496 847]]
[[574 850]] , [[574 851]]
[[496 846]] , [[496 847]]
[[494 848]] , [[494 851]]
[[574 850]] , [[574 851]]
[[630 834]] , [[630 839]]
[[632 846]] , [[632 847]]
[[632 850]] , [[632 851]]
[[574 854]] , [[574 859]]
[[510 854]] , [[510 859]]
[[536 854]] , [[536 859]]
[[510 854]] , [[510 859]]
[[536 854]] , [[536 859]]
[[490 850]] , [[490 855]]
[[594 846]] , [[594 847]]
[[520 848]] , [[520 853]]
[[200 878]] , [[200 895]]
[[420 858]] , [[420 859]]
[[590 842]] , [[590 843]]
[[652 835]] , [[652 839]]
[[538 850]] , [[538 851]]
[[538 850]] , [[538 851]]
[[664 836]] , [[664 841]]
[[522 850]] , [[522 855]]
[[552 846]] , [[552 847]]
[[610 840]] , [[610 843]]
[[644 834]] , [[644 837]]
[[256 836]] , [[256 845]]
[[673 846]] , [[674 845]]
[[647 856]] , [[648 855]]
[[254 590]] , [[254 597]]
[[272 834]] , [[272 835]]
[[272 834]] , [[272 835]]
[[652 834]] , [[652 835]]
[[652 834]] , [[652 835]]
[[646 840]] , [[646 841]]
[[288 834]] , [[288 835]]
[[436 846]] , [[436 851]]
[[660 836]] , [[660 841]]
[[425 844]] , [[426 843]]
[[696 840]] , [[696 841]]
[[688 840]] , [[688 845]]
[[654 835]] , [[654 839]]
[[452 834]] , [[452 839]]
[[452 834]] , [[452 843]]
[[666 835]] , [[666 841]]
[[888 636]] , [[888 641]]
[[540 848]] , [[540 857]]
[[692 842]] , [[692 843]]
[[446 838]] , [[446 845]]
[[404 598]] , [[404 603]]
[[668 834]] , [[668 841]]
[[659 852]] , [[660 851]]
[[668 834]] , [[668 841]]
[[423 852]] , [[424 851]]
[[423 852]] , [[424 851]]
[[467 852]] , [[468 851]]
[[423 852]] , [[424 851]]
[[419 852]] , [[420 851]]
[[190 458]] , [[190 462]]
[[419 852]] , [[420 851]]
[[325 840]] , [[326 839]]
[[190 456]] , [[190 461]]
[[187 458]] , [[186 459]]
[[419 852]] , [[420 851]]
[[262 591]] , [[262 596]]
[[254 836]] , [[254 845]]
[[694 844]] , [[694 845]]
[[392 601]] , [[392 605]]
[[390 600]] , [[390 601]]
[[423 602]] , [[423 607]]
[[422 846]] , [[422 851]]
[[668 843]] , [[668 849]]
[[460 844]] , [[460 845]]
[[688 850]] , [[688 855]]
[[694 850]] , [[694 851]]
[[694 850]] , [[694 851]]
[[694 850]] , [[694 851]]
[[592 850]] , [[592 857]]
[[266 604]] , [[266 608]]
[[590 850]] , [[590 851]]
[[688 848]] , [[688 849]]
[[524 848]] , [[524 853]]
[[350 602]] , [[350 606]]
[[672 842]] , [[672 845]]
[[414 831]] , [[414 835]]
[[430 586]] , [[430 590]]
[[664 832]] , [[664 833]]
[[416 830]] , [[416 837]]
[[532 832]] , [[532 837]]
[[481 838]] , [[482 837]]
[[586 836]] , [[586 837]]
[[446 832]] , [[446 833]]
[[660 833]] , [[659 834]]
[[352 828]] , [[352 829]]
[[266 584]] , [[266 593]]
[[352 826]] , [[352 827]]
[[441 595]] , [[441 599]]
[[556 838]] , [[556 839]]
[[610 850]] , [[610 854]]
[[646 834]] , [[646 835]]
[[564 838]] , [[564 839]]
[[614 834]] , [[614 839]]
[[480 836]] , [[480 839]]
[[616 833]] , [[616 835]]
[[616 834]] , [[616 835]]
[[512 834]] , [[512 839]]
[[474 838]] , [[474 845]]
[[321 846]] , [[322 845]]
[[763 848]] , [[764 847]]
[[502 838]] , [[502 843]]
[[757 848]] , [[758 847]]
[[190 584]] , [[190 589]]
[[106 830]] , [[106 835]]
[[494 838]] , [[494 839]]
[[ 98 822]] , [[ 98 829]]
[[293 840]] , [[294 839]]
[[366 591]] , [[366 595]]
[[260 580]] , [[259 581]]
[[656 595]] , [[656 599]]
[[287 848]] , [[288 847]]
[[208 593]] , [[208 597]]
[[654 594]] , [[654 598]]
[[430 593]] , [[430 597]]
[[318 591]] , [[318 595]]
[[300 826]] , [[300 831]]
[[ 72 828]] , [[ 72 831]]
[[912 592]] , [[912 595]]
[[339 592]] , [[339 596]]
[[ 59 836]] , [[ 59 851]]
[[ 90 827]] , [[ 90 829]]
[[306 830]] , [[306 831]]
[[174 597]] , [[174 601]]
[[396 596]] , [[396 601]]
[[ 68 829]] , [[ 68 833]]
[[206 595]] , [[206 599]]
[[177 846]] , [[178 845]]
[[442 840]] , [[442 845]]
[[514 840]] , [[514 847]]
[[424 838]] , [[424 839]]
[[270 832]] , [[270 833]]
[[208 597]] , [[208 601]]
[[204 598]] , [[204 602]]
[[262 836]] , [[262 837]]
[[ 16 834]] , [[ 15 835]]
[[869 623]] , [[869 632]]
[[867 624]] , [[867 629]]
[[262 836]] , [[262 837]]
[[ 32 834]] , [[ 32 835]]
[[ 32 834]] , [[ 32 835]]
[[ 17 833]] , [[ 16 834]]
[[436 842]] , [[436 847]]
[[438 850]] , [[438 855]]
[[ 12 830]] , [[ 12 831]]
[[658 841]] , [[657 842]]
[[438 850]] , [[438 855]]
[[ 34 828]] , [[ 34 829]]
[[ 14 829]] , [[ 13 830]]
[[ 10 830]] , [[ 10 831]]
[[  9 832]] , [[  8 833]]
[[ 32 832]] , [[ 32 833]]
[[404 838]] , [[404 839]]
[[ 10 832]] , [[  9 833]]
[[ 28 834]] , [[ 28 835]]
[[  6 834]] , [[  6 835]]
[[202 838]] , [[202 843]]
[[314 836]] , [[314 837]]
[[314 836]] , [[314 837]]
[[654 842]] , [[654 843]]
[[857 628]] , [[856 629]]
[[ 10 834]] , [[  9 835]]
[[ 24 834]] , [[ 24 840]]
[[212 838]] , [[212 843]]
[[ 17 830]] , [[ 16 831]]
[[880 608]] , [[878 610]]
[[ 14 830]] , [[ 14 833]]
[[438 838]] , [[438 843]]
[[343 848]] , [[344 847]]
[[888 610]] , [[888 616]]
[[ 50 834]] , [[ 50 837]]
[[888 618]] , [[888 624]]
[[262 848]] , [[262 855]]
[[ 30 844]] , [[ 30 845]]
[[464 852]] , [[464 857]]
[[334 846]] , [[334 849]]
[[468 850]] , [[468 855]]
[[ 39 843]] , [[ 38 844]]
[[246 842]] , [[246 847]]
[[ 42 842]] , [[ 42 843]]
[[ 46 840]] , [[ 45 841]]
[[486 838]] , [[486 843]]
[[ 53 837]] , [[ 53 841]]
[[110 837]] , [[110 839]]
[[286 842]] , [[286 849]]
[[262 837]] , [[262 841]]
[[276 840]] , [[276 841]]
[[ 80 837]] , [[ 79 838]]
[[334 836]] , [[334 837]]
[[256 837]] , [[256 841]]
[[284 840]] , [[284 841]]
[[692 846]] , [[692 851]]
[[ 90 838]] , [[ 90 843]]
[[210 604]] , [[210 608]]
[[247 844]] , [[248 843]]
[[205 603]] , [[205 607]]
[[362 834]] , [[362 835]]
[[210 604]] , [[210 608]]
[[122 837]] , [[122 839]]
[[352 834]] , [[352 835]]
[[228 604]] , [[228 608]]
[[172 594]] , [[172 599]]
[[118 858]] , [[118 859]]
[[758 869]] , [[758 873]]
[[574 856]] , [[574 857]]
[[558 848]] , [[558 853]]
[[770 890]] , [[771 889]]
[[368 832]] , [[368 837]]
[[651 858]] , [[652 857]]
[[350 834]] , [[349 835]]
[[600 854]] , [[600 857]]
[[616 844]] , [[616 849]]
[[196 605]] , [[196 609]]
[[359 848]] , [[360 847]]
[[772 844]] , [[771 845]]
[[582 858]] , [[581 859]]
[[301 596]] , [[300 597]]
[[400 603]] , [[400 607]]
[[272 596]] , [[272 601]]
[[224 604]] , [[224 608]]
[[388 596]] , [[388 600]]
[[402 598]] , [[402 603]]
[[318 592]] , [[318 595]]
[[318 594]] , [[318 595]]
[[234 835]] , [[234 837]]
[[638 839]] , [[638 847]]
[[256 554]] , [[256 559]]
[[648 840]] , [[648 843]]
[[654 838]] , [[654 839]]
[[550 846]] , [[550 851]]
[[ 799 1362]] , [[ 800 1361]]
[[568 846]] , [[568 851]]
[[550 846]] , [[550 847]]
[[648 840]] , [[648 845]]
[[568 846]] , [[568 849]]
[[618 854]] , [[618 855]]
[[620 854]] , [[620 855]]
[[ 801 1364]] , [[ 802 1363]]
[[630 850]] , [[630 855]]
[[424 838]] , [[424 839]]
[[642 844]] , [[642 849]]
[[424 838]] , [[424 839]]
[[544 842]] , [[544 847]]
[[642 844]] , [[642 851]]
[[576 844]] , [[576 845]]
[[598 854]] , [[598 859]]
[[598 854]] , [[598 859]]
[[484 844]] , [[484 845]]
[[612 850]] , [[612 851]]
[[574 844]] , [[574 845]]
[[502 846]] , [[502 851]]
[[602 852]] , [[602 857]]
[[602 852]] , [[602 857]]
[[602 852]] , [[602 857]]
[[602 852]] , [[602 857]]
[[544 842]] , [[544 847]]
[[556 840]] , [[556 847]]
[[558 840]] , [[558 847]]
[[558 840]] , [[558 847]]
[[546 842]] , [[546 847]]
[[578 844]] , [[578 845]]
[[624 850]] , [[624 851]]
[[562 840]] , [[562 847]]
[[562 840]] , [[562 847]]
[[562 840]] , [[562 847]]
[[637 856]] , [[638 855]]
[[424 838]] , [[424 839]]
[[560 848]] , [[560 853]]
[[576 844]] , [[576 845]]
[[616 860]] , [[616 865]]
[[660 848]] , [[660 849]]
[[656 848]] , [[656 849]]
[[592 840]] , [[592 849]]
[[476 842]] , [[476 843]]
[[594 838]] , [[594 847]]
[[594 838]] , [[594 845]]
[[614 850]] , [[614 851]]
[[182 868]] , [[182 873]]
[[588 856]] , [[588 861]]
[[588 858]] , [[588 863]]
[[614 862]] , [[614 863]]
[[610 898]] , [[610 901]]
[[578 858]] , [[578 865]]
[[596 860]] , [[596 861]]
[[156 864]] , [[156 865]]
[[377 898]] , [[377 905]]
[[212 996]] , [[212 997]]
[[576 888]] , [[576 907]]
[[340 952]] , [[340 961]]
[[571 889]] , [[570 890]]
[[564 856]] , [[564 861]]
[[555 858]] , [[555 862]]
[[308 898]] , [[308 902]]
[[ 404 1000]] , [[ 404 1001]]
[[ 88 864]] , [[ 88 869]]
[[303 922]] , [[304 921]]
[[302 908]] , [[302 911]]
[[ 301 1038]] , [[ 302 1037]]
[[ 56 854]] , [[ 56 890]]
[[268 876]] , [[268 881]]
[[520 842]] , [[520 845]]
[[432 840]] , [[432 849]]
[[256 850]] , [[256 851]]
[[512 842]] , [[512 849]]
[[432 838]] , [[432 839]]
[[576 850]] , [[576 855]]
[[267 940]] , [[268 939]]
[[430 836]] , [[430 839]]
[[430 838]] , [[430 841]]
[[ 36 844]] , [[ 36 886]]
[[246 850]] , [[246 853]]
[[512 838]] , [[512 841]]
[[512 838]] , [[512 841]]
[[470 848]] , [[470 855]]
[[384 846]] , [[384 851]]
[[558 848]] , [[558 849]]
[[468 850]] , [[468 855]]
[[432 850]] , [[432 855]]
[[552 850]] , [[552 852]]
[[550 850]] , [[550 857]]
[[470 848]] , [[470 855]]
[[472 848]] , [[472 849]]
[[470 848]] , [[470 853]]
[[573 850]] , [[573 855]]
[[ 46 842]] , [[ 46 843]]
[[562 848]] , [[562 850]]
[[ 56 844]] , [[ 56 845]]
[[505 850]] , [[505 854]]
[[514 848]] , [[514 849]]
[[550 842]] , [[550 843]]
[[714 876]] , [[714 889]]
[[ 80 842]] , [[ 80 843]]
[[504 838]] , [[504 839]]
[[544 848]] , [[544 852]]
[[636 842]] , [[636 845]]
[[191 846]] , [[191 850]]
[[734 836]] , [[734 841]]
[[548 846]] , [[548 851]]
[[576 849]] , [[575 850]]
[[126 844]] , [[126 845]]
[[342 888]] , [[342 908]]
[[140 862]] , [[140 867]]
[[604 852]] , [[604 857]]
[[154 864]] , [[154 885]]
[[ 785 1222]] , [[ 786 1221]]
[[802 839]] , [[801 840]]
[[ 791 1228]] , [[ 792 1227]]
[[574 846]] , [[574 847]]
[[606 856]] , [[606 861]]
[[176 882]] , [[176 887]]
[[178 850]] , [[178 857]]
[[184 884]] , [[184 893]]
[[564 838]] , [[564 843]]
[[572 836]] , [[572 837]]
[[346 828]] , [[345 829]]
[[434 830]] , [[434 831]]
[[264 597]] , [[264 601]]
[[436 834]] , [[436 835]]
[[414 591]] , [[413 592]]
[[363 601]] , [[363 605]]
[[298 597]] , [[298 601]]
[[298 584]] , [[298 587]]
[[262 591]] , [[262 595]]
[[868 643]] , [[868 647]]
[[304 997]] , [[ 304 1001]]
[[ 428 1088]] , [[ 428 1095]]
[[ 406 1170]] , [[ 406 1173]]
[[ 408 1169]] , [[ 407 1170]]
[[ 408 1168]] , [[ 408 1169]]
[[ 266 1168]] , [[ 266 1169]]
[[ 436 1152]] , [[ 436 1173]]
[[ 447 1174]] , [[ 448 1173]]
[[ 447 1174]] , [[ 448 1173]]
[[ 436 1154]] , [[ 436 1169]]
[[ 445 1170]] , [[ 446 1169]]
[[ 304 1167]] , [[ 304 1169]]
[[ 306 1166]] , [[ 305 1167]]
[[ 406 1170]] , [[ 406 1175]]
