[[481 270]] , [[482 269]]
[[ 692 1518]] , [[ 692 1529]]
[[ 504 1488]] , [[ 504 1492]]
[[ 534 1576]] , [[ 534 1580]]
[[ 560 1480]] , [[ 560 1481]]
[[  84 1446]] , [[  84 1450]]
[[ 734 1470]] , [[ 734 1475]]
[[ 683 1430]] , [[ 683 1434]]
[[ 542 1548]] , [[ 542 1553]]
[[ 706 1471]] , [[ 705 1472]]
[[ 570 1558]] , [[ 570 1563]]
[[ 570 1558]] , [[ 570 1563]]
[[ 534 1572]] , [[ 534 1577]]
[[ 684 1554]] , [[ 684 1559]]
[[ 604 1558]] , [[ 604 1563]]
[[ 540 1560]] , [[ 540 1569]]
[[ 716 1568]] , [[ 716 1573]]
[[ 762 1570]] , [[ 762 1574]]
[[   4 1582]] , [[   4 1586]]
[[ 513 1572]] , [[ 512 1573]]
[[ 576 1558]] , [[ 576 1561]]
[[ 513 1572]] , [[ 513 1577]]
[[ 772 1820]] , [[ 772 1825]]
[[ 780 1810]] , [[ 780 1815]]
[[ 790 1810]] , [[ 790 1817]]
[[ 778 1810]] , [[ 778 1815]]
[[ 770 1820]] , [[ 770 1824]]
[[ 824 1816]] , [[ 824 1820]]
[[ 772 1820]] , [[ 772 1825]]
[[ 693 1808]] , [[ 693 1812]]
[[ 754 1812]] , [[ 754 1817]]
[[ 840 1558]] , [[ 840 1559]]
[[ 608 1568]] , [[ 608 1574]]
[[ 724 1570]] , [[ 724 1574]]
[[ 610 1568]] , [[ 610 1569]]
[[ 590 1568]] , [[ 590 1576]]
[[ 840 1558]] , [[ 840 1559]]
[[ 614 1564]] , [[ 614 1567]]
[[ 778 1568]] , [[ 778 1573]]
[[ 764 1568]] , [[ 764 1573]]
[[ 828 1816]] , [[ 828 1820]]
[[ 712 1570]] , [[ 712 1574]]
[[ 716 1570]] , [[ 716 1574]]
[[ 568 1566]] , [[ 568 1571]]
[[ 554 1574]] , [[ 554 1578]]
[[ 554 1574]] , [[ 554 1578]]
[[ 516 1575]] , [[ 516 1579]]
[[ 716 1570]] , [[ 716 1574]]
[[ 716 1570]] , [[ 716 1574]]
[[ 716 1570]] , [[ 716 1574]]
[[ 716 1570]] , [[ 716 1574]]
[[ 540 1566]] , [[ 540 1578]]
[[ 714 1568]] , [[ 714 1573]]
[[ 816 1810]] , [[ 816 1817]]
[[ 547 1573]] , [[ 547 1577]]
[[ 816 1810]] , [[ 816 1817]]
[[ 594 1564]] , [[ 594 1569]]
[[ 816 1810]] , [[ 816 1817]]
[[ 594 1564]] , [[ 594 1569]]
[[ 552 1564]] , [[ 552 1569]]
[[ 572 1558]] , [[ 572 1559]]
[[ 574 1556]] , [[ 574 1565]]
[[ 574 1556]] , [[ 574 1559]]
[[ 714 1552]] , [[ 714 1557]]
[[ 592 1560]] , [[ 591 1561]]
[[ 744 1568]] , [[ 744 1574]]
[[ 744 1568]] , [[ 744 1574]]
[[ 744 1568]] , [[ 744 1574]]
[[ 568 1568]] , [[ 568 1575]]
[[ 568 1568]] , [[ 568 1575]]
[[ 548 1568]] , [[ 548 1575]]
[[ 740 1566]] , [[ 740 1567]]
[[ 736 1566]] , [[ 736 1567]]
[[ 723 1472]] , [[ 722 1473]]
[[ 710 1473]] , [[ 710 1477]]
[[ 622 1478]] , [[ 622 1482]]
[[ 586 1567]] , [[ 586 1571]]
[[ 588 1567]] , [[ 588 1571]]
[[ 556 1568]] , [[ 556 1577]]
[[ 736 1568]] , [[ 736 1573]]
[[ 556 1572]] , [[ 556 1577]]
[[ 776 1794]] , [[ 776 1807]]
[[ 736 1568]] , [[ 736 1573]]
[[ 552 1568]] , [[ 552 1571]]
[[ 568 1568]] , [[ 568 1575]]
[[ 768 1570]] , [[ 768 1574]]
[[ 460 1577]] , [[ 460 1581]]
[[ 568 1568]] , [[ 568 1575]]
[[ 762 1570]] , [[ 762 1574]]
[[ 234 1579]] , [[ 234 1583]]
[[ 764 1568]] , [[ 764 1569]]
[[ 764 1568]] , [[ 764 1569]]
[[ 548 1564]] , [[ 548 1569]]
[[ 288 1578]] , [[ 288 1583]]
[[ 548 1564]] , [[ 548 1569]]
[[ 720 1564]] , [[ 720 1567]]
[[ 756 1570]] , [[ 756 1575]]
[[ 718 1568]] , [[ 718 1572]]
[[ 764 1570]] , [[ 764 1574]]
[[ 718 1568]] , [[ 718 1572]]
[[ 836 1564]] , [[ 836 1565]]
[[ 864 1564]] , [[ 864 1565]]
[[ 718 1568]] , [[ 718 1573]]
[[ 718 1568]] , [[ 718 1573]]
[[ 546 1564]] , [[ 546 1569]]
[[ 681 1558]] , [[ 681 1563]]
[[ 681 1558]] , [[ 681 1563]]
[[ 532 1566]] , [[ 531 1567]]
[[ 842 1568]] , [[ 842 1572]]
[[ 586 1556]] , [[ 586 1567]]
[[ 716 1570]] , [[ 716 1574]]
[[ 760 1570]] , [[ 760 1574]]
[[ 746 1568]] , [[ 746 1569]]
[[ 536 1564]] , [[ 536 1567]]
[[ 756 1570]] , [[ 756 1575]]
[[ 774 1568]] , [[ 774 1569]]
[[ 774 1568]] , [[ 774 1569]]
[[ 844 1568]] , [[ 844 1573]]
[[ 544 1558]] , [[ 544 1563]]
[[ 563 1550]] , [[ 562 1551]]
[[ 563 1547]] , [[ 563 1548]]
[[ 534 1558]] , [[ 534 1563]]
[[ 591 1560]] , [[ 591 1565]]
[[ 710 1564]] , [[ 710 1565]]
[[ 748 1568]] , [[ 748 1569]]
[[ 748 1568]] , [[ 748 1569]]
[[ 747 1570]] , [[ 747 1574]]
[[ 716 1568]] , [[ 716 1572]]
[[ 746 1568]] , [[ 746 1573]]
[[ 522 1575]] , [[ 522 1579]]
[[ 522 1575]] , [[ 522 1579]]
[[ 556 1572]] , [[ 556 1573]]
[[ 556 1572]] , [[ 556 1573]]
[[ 556 1572]] , [[ 556 1573]]
[[ 476 1576]] , [[ 476 1580]]
[[ 558 1572]] , [[ 558 1573]]
[[ 556 1574]] , [[ 556 1578]]
[[ 556 1574]] , [[ 556 1578]]
[[ 522 1576]] , [[ 522 1580]]
[[ 522 1576]] , [[ 522 1580]]
[[ 552 1572]] , [[ 552 1578]]
[[ 762 1568]] , [[ 762 1573]]
[[ 816 1564]] , [[ 816 1568]]
[[ 572 1554]] , [[ 572 1561]]
[[ 556 1574]] , [[ 556 1578]]
[[ 528 1576]] , [[ 528 1580]]
[[ 556 1572]] , [[ 556 1577]]
[[ 528 1576]] , [[ 528 1580]]
[[ 528 1576]] , [[ 528 1580]]
[[ 528 1576]] , [[ 528 1580]]
[[ 480 1680]] , [[ 480 1685]]
[[ 480 1680]] , [[ 480 1685]]
[[  50 1808]] , [[  50 1813]]
[[ 475 1576]] , [[ 475 1580]]
[[ 550 1572]] , [[ 550 1578]]
[[ 636 1478]] , [[ 636 1484]]
[[ 556 1572]] , [[ 556 1578]]
[[ 522 1800]] , [[ 522 1807]]
[[  54 1822]] , [[  54 1827]]
[[  54 1822]] , [[  54 1823]]
[[  60 1820]] , [[  60 1821]]
[[ 154 1824]] , [[ 153 1825]]
[[ 796 1820]] , [[ 796 1825]]
[[  69 1820]] , [[  68 1821]]
[[  54 1820]] , [[  54 1825]]
[[ 178 1824]] , [[ 178 1825]]
[[ 744 1806]] , [[ 744 1812]]
[[ 146 1822]] , [[ 146 1826]]
[[  48 1818]] , [[  48 1823]]
[[  64 1818]] , [[  64 1822]]
[[ 772 1822]] , [[ 772 1827]]
[[ 193 1823]] , [[ 192 1824]]
[[ 185 1819]] , [[ 185 1823]]
[[  52 1820]] , [[  52 1825]]
[[ 642 1818]] , [[ 642 1823]]
[[ 333 1579]] , [[ 333 1583]]
[[ 408 1808]] , [[ 408 1811]]
[[ 752 1796]] , [[ 752 1801]]
[[  64 1814]] , [[  64 1821]]
[[   8 1820]] , [[   8 1821]]
[[  14 1820]] , [[  14 1825]]
[[   6 1819]] , [[   6 1823]]
[[  64 1814]] , [[  64 1823]]
[[  49 1815]] , [[  48 1816]]
[[  17 1814]] , [[  16 1815]]
[[   2 1819]] , [[   2 1823]]
[[  26 1814]] , [[  24 1816]]
[[   4 1819]] , [[   4 1823]]
[[  66 1824]] , [[  66 1828]]
[[  48 1824]] , [[  48 1828]]
[[  46 1817]] , [[  46 1821]]
[[  46 1817]] , [[  46 1821]]
[[   3 1819]] , [[   3 1823]]
[[ 757 1813]] , [[ 757 1817]]
[[ 745 1798]] , [[ 745 1803]]
[[  32 1820]] , [[  32 1824]]
[[  42 1820]] , [[  42 1825]]
[[ 504 1754]] , [[ 504 1759]]
[[ 740 1794]] , [[ 740 1799]]
[[ 740 1794]] , [[ 740 1799]]
[[  66 1816]] , [[  66 1821]]
[[  66 1816]] , [[  66 1821]]
[[  66 1816]] , [[  66 1821]]
[[ 720 1644]] , [[ 720 1649]]
[[ 744 1771]] , [[ 744 1775]]
[[ 596 1787]] , [[ 596 1791]]
[[  22 1822]] , [[  22 1826]]
[[   6 1820]] , [[   6 1821]]
[[   9 1818]] , [[   8 1819]]
[[ 770 1818]] , [[ 770 1823]]
[[  40 1822]] , [[  40 1827]]
[[  52 1820]] , [[  52 1825]]
[[ 442 1824]] , [[ 442 1829]]
[[ 831 1816]] , [[ 831 1820]]
[[ 790 1822]] , [[ 790 1826]]
[[  34 1811]] , [[  34 1813]]
[[ 750 1812]] , [[ 750 1817]]
[[ 488 1576]] , [[ 488 1581]]
[[  36 1810]] , [[  36 1815]]
[[ 788 1800]] , [[ 788 1807]]
[[ 728 1815]] , [[ 728 1819]]
[[ 548 1764]] , [[ 548 1769]]
[[ 548 1764]] , [[ 548 1769]]
[[ 472 1577]] , [[ 472 1581]]
[[ 800 1806]] , [[ 800 1811]]
[[ 592 1758]] , [[ 592 1769]]
[[ 510 1576]] , [[ 510 1581]]
[[ 578 1786]] , [[ 578 1791]]
[[ 578 1786]] , [[ 578 1791]]
[[ 524 1575]] , [[ 524 1579]]
[[ 476 1577]] , [[ 476 1581]]
[[ 758 1808]] , [[ 758 1813]]
[[ 524 1575]] , [[ 524 1579]]
[[ 524 1575]] , [[ 524 1579]]
[[ 476 1576]] , [[ 476 1580]]
[[ 472 1576]] , [[ 472 1580]]
[[ 512 1576]] , [[ 511 1577]]
[[ 473 1576]] , [[ 472 1577]]
[[ 512 1576]] , [[ 511 1577]]
[[ 588 1572]] , [[ 588 1577]]
[[ 560 1572]] , [[ 560 1573]]
[[ 560 1572]] , [[ 560 1577]]
[[ 520 1575]] , [[ 520 1580]]
[[ 254 1579]] , [[ 254 1583]]
[[ 792 1568]] , [[ 792 1572]]
[[ 792 1568]] , [[ 792 1572]]
[[ 632 1552]] , [[ 632 1557]]
[[ 780 1568]] , [[ 780 1573]]
[[ 608 1568]] , [[ 608 1569]]
[[ 558 1572]] , [[ 558 1577]]
[[ 684 1556]] , [[ 684 1561]]
[[ 684 1376]] , [[ 684 1380]]
[[ 689 1560]] , [[ 689 1562]]
[[ 778 1568]] , [[ 778 1573]]
[[ 684 1558]] , [[ 684 1563]]
[[ 324 1579]] , [[ 324 1583]]
[[ 658 1566]] , [[ 658 1571]]
[[ 658 1566]] , [[ 658 1571]]
[[ 784 1634]] , [[ 784 1639]]
[[ 846 1568]] , [[ 846 1572]]
[[ 780 1568]] , [[ 780 1573]]
[[ 725 1471]] , [[ 724 1472]]
[[ 744 1570]] , [[ 744 1574]]
[[ 780 1568]] , [[ 780 1573]]
[[ 780 1568]] , [[ 780 1573]]
[[ 570 1570]] , [[ 570 1571]]
[[ 570 1570]] , [[ 570 1571]]
[[ 234 1579]] , [[ 234 1583]]
[[ 324 1579]] , [[ 324 1583]]
[[ 234 1579]] , [[ 234 1583]]
[[ 566 1570]] , [[ 566 1571]]
[[ 234 1579]] , [[ 234 1583]]
[[ 566 1570]] , [[ 566 1571]]
[[ 250 1579]] , [[ 250 1583]]
[[ 250 1579]] , [[ 250 1583]]
[[ 250 1579]] , [[ 250 1583]]
[[ 750 1572]] , [[ 750 1576]]
[[ 542 1568]] , [[ 542 1571]]
[[ 540 1572]] , [[ 540 1577]]
[[ 740 1468]] , [[ 740 1473]]
[[ 619 1572]] , [[ 619 1576]]
[[ 704 1472]] , [[ 704 1477]]
[[ 706 1471]] , [[ 706 1477]]
[[ 792 1636]] , [[ 792 1641]]
[[ 719 1472]] , [[ 718 1473]]
[[ 712 1566]] , [[ 712 1567]]
[[ 624 1568]] , [[ 624 1571]]
[[ 544 1568]] , [[ 544 1573]]
[[ 586 1568]] , [[ 586 1569]]
[[ 626 1568]] , [[ 626 1575]]
[[ 780 1636]] , [[ 780 1641]]
[[ 780 1636]] , [[ 780 1641]]
[[ 768 1570]] , [[ 768 1574]]
[[ 536 1568]] , [[ 536 1575]]
[[ 566 1570]] , [[ 566 1577]]
[[ 816 1822]] , [[ 816 1827]]
[[ 816 1822]] , [[ 816 1827]]
[[ 518 1576]] , [[ 518 1580]]
[[ 782 1568]] , [[ 782 1572]]
[[ 740 1468]] , [[ 740 1473]]
[[ 564 1570]] , [[ 564 1573]]
[[ 558 1568]] , [[ 558 1573]]
[[ 692 1556]] , [[ 692 1561]]
[[ 692 1556]] , [[ 692 1561]]
[[ 716 1473]] , [[ 716 1479]]
[[ 706 1472]] , [[ 706 1477]]
[[ 564 1570]] , [[ 564 1575]]
[[ 796 1562]] , [[ 796 1567]]
[[ 796 1562]] , [[ 796 1567]]
[[ 234 1579]] , [[ 234 1583]]
[[ 820 1812]] , [[ 820 1819]]
[[ 588 1560]] , [[ 588 1565]]
[[ 733 1469]] , [[ 732 1470]]
[[ 824 1812]] , [[ 824 1815]]
[[ 234 1579]] , [[ 234 1583]]
[[ 234 1579]] , [[ 234 1583]]
[[ 564 1570]] , [[ 564 1575]]
[[  30 1583]] , [[  30 1587]]
[[ 784 1788]] , [[ 784 1795]]
[[ 824 1816]] , [[ 824 1821]]
[[ 824 1816]] , [[ 824 1821]]
[[  56 1824]] , [[  56 1829]]
[[ 873 1818]] , [[ 872 1819]]
[[ 880 1816]] , [[ 880 1819]]
[[ 808 1818]] , [[ 808 1823]]
[[ 234 1579]] , [[ 234 1583]]
[[ 686 1328]] , [[ 686 1333]]
[[ 710 1432]] , [[ 710 1436]]
[[ 870 1560]] , [[ 870 1565]]
[[ 748 1566]] , [[ 748 1575]]
[[ 602 1570]] , [[ 602 1575]]
[[ 512 1820]] , [[ 512 1825]]
[[ 556 1572]] , [[ 556 1577]]
[[ 814 1634]] , [[ 814 1638]]
[[ 810 1812]] , [[ 810 1817]]
[[ 530 1560]] , [[ 530 1565]]
[[  12 1817]] , [[  12 1823]]
[[ 528 1736]] , [[ 528 1740]]
[[  19 1816]] , [[  19 1818]]
[[ 534 1752]] , [[ 534 1759]]
[[ 534 1752]] , [[ 534 1759]]
[[ 752 1570]] , [[ 752 1575]]
[[  32 1817]] , [[  32 1821]]
[[  20 1818]] , [[  20 1823]]
[[  32 1818]] , [[  32 1825]]
[[  32 1818]] , [[  32 1825]]
[[ 876 1820]] , [[ 876 1825]]
[[ 866 1804]] , [[ 866 1815]]
[[ 522 1570]] , [[ 522 1579]]
[[ 606 1568]] , [[ 606 1575]]
[[ 741 1803]] , [[ 741 1807]]
[[  36 1581]] , [[  36 1585]]
[[ 524 1575]] , [[ 524 1579]]
[[  14 1820]] , [[  14 1825]]
[[ 764 1568]] , [[ 764 1569]]
[[ 748 1568]] , [[ 748 1574]]
[[ 760 1810]] , [[ 760 1815]]
[[ 760 1810]] , [[ 760 1815]]
[[ 760 1810]] , [[ 760 1817]]
[[  16 1820]] , [[  16 1825]]
[[ 106 1825]] , [[ 106 1831]]
[[ 778 1636]] , [[ 778 1643]]
[[  14 1820]] , [[  14 1825]]
[[  14 1820]] , [[  14 1825]]
[[  27 1818]] , [[  25 1820]]
[[ 752 1780]] , [[ 752 1785]]
[[ 746 1568]] , [[ 746 1573]]
[[ 166 1580]] , [[ 166 1584]]
[[  27 1819]] , [[  26 1820]]
[[ 768 1568]] , [[ 768 1573]]
[[ 784 1810]] , [[ 784 1815]]
[[ 768 1568]] , [[ 768 1573]]
[[ 768 1568]] , [[ 768 1569]]
[[ 748 1570]] , [[ 748 1575]]
[[ 748 1568]] , [[ 748 1575]]
[[ 556 1568]] , [[ 556 1573]]
[[ 512 1577]] , [[ 512 1581]]
[[ 524 1575]] , [[ 524 1579]]
[[ 816 1814]] , [[ 816 1817]]
[[ 522 1752]] , [[ 522 1759]]
[[ 558 1570]] , [[ 558 1575]]
[[ 526 1574]] , [[ 526 1579]]
[[ 500 1577]] , [[ 500 1581]]
[[ 500 1577]] , [[ 500 1581]]
[[  38 1820]] , [[  38 1825]]
[[  52 1820]] , [[  52 1827]]
[[  64 1820]] , [[  64 1825]]
[[ 768 1568]] , [[ 768 1572]]
[[ 880 1820]] , [[ 880 1824]]
[[ 752 1814]] , [[ 752 1821]]
[[ 810 1812]] , [[ 810 1817]]
[[ 548 1804]] , [[ 548 1809]]
[[ 790 1664]] , [[ 790 1669]]
[[ 790 1664]] , [[ 790 1669]]
[[ 446 1482]] , [[ 446 1488]]
[[ 704 1566]] , [[ 704 1574]]
[[ 745 1570]] , [[ 745 1575]]
[[ 592 1560]] , [[ 592 1567]]
[[ 704 1564]] , [[ 704 1569]]
[[  44 1822]] , [[  44 1826]]
[[ 663 1816]] , [[ 663 1817]]
[[ 832 1562]] , [[ 832 1563]]
[[ 550 1562]] , [[ 550 1567]]
[[ 494 1576]] , [[ 494 1580]]
[[ 486 1572]] , [[ 486 1577]]
[[ 314 1579]] , [[ 314 1583]]
[[ 176 1579]] , [[ 176 1583]]
[[ 314 1579]] , [[ 314 1583]]
[[ 462 1577]] , [[ 462 1581]]
[[  43 1820]] , [[  43 1825]]
[[ 509 1821]] , [[ 509 1825]]
[[  44 1819]] , [[  44 1823]]
[[ 459 1822]] , [[ 458 1823]]
[[ 552 1816]] , [[ 552 1817]]
[[  48 1818]] , [[  48 1825]]
[[ 548 1818]] , [[ 548 1823]]
[[  50 1816]] , [[  50 1819]]
[[ 780 1636]] , [[ 780 1641]]
[[ 312 1579]] , [[ 312 1583]]
[[ 278 1579]] , [[ 278 1583]]
[[ 278 1579]] , [[ 278 1583]]
[[ 777 1570]] , [[ 777 1574]]
[[  50 1818]] , [[  49 1819]]
[[ 697 1744]] , [[ 697 1749]]
[[ 616 1730]] , [[ 616 1735]]
[[ 578 1788]] , [[ 578 1793]]
[[  32 1814]] , [[  32 1823]]
[[  34 1810]] , [[  34 1811]]
[[ 540 1792]] , [[ 540 1797]]
[[ 566 1784]] , [[ 566 1791]]
[[  36 1810]] , [[  36 1811]]
[[ 858 1820]] , [[ 858 1822]]
[[ 596 1780]] , [[ 596 1787]]
[[  68 1824]] , [[  68 1828]]
[[  44 1820]] , [[  44 1825]]
[[  54 1824]] , [[  54 1829]]
[[ 616 1810]] , [[ 616 1815]]
[[ 573 1812]] , [[ 573 1817]]
[[ 618 1810]] , [[ 618 1815]]
[[ 705 1797]] , [[ 705 1801]]
[[  24 1820]] , [[  24 1827]]
[[  36 1814]] , [[  36 1822]]
[[ 674 1816]] , [[ 674 1820]]
[[   6 1814]] , [[   6 1819]]
[[ 160 1822]] , [[ 160 1831]]
[[ 160 1822]] , [[ 160 1831]]
[[ 524 1822]] , [[ 524 1827]]
[[ 798 1816]] , [[ 798 1817]]
[[ 752 1816]] , [[ 752 1821]]
[[  42 1820]] , [[  42 1825]]
[[ 851 1815]] , [[ 851 1819]]
[[  28 1816]] , [[  28 1821]]
[[  26 1816]] , [[  25 1817]]
[[ 752 1802]] , [[ 752 1807]]
[[ 824 1816]] , [[ 824 1820]]
[[ 752 1798]] , [[ 752 1809]]
[[ 824 1816]] , [[ 824 1820]]
[[  47 1820]] , [[  46 1821]]
[[ 882 1816]] , [[ 882 1823]]
[[  20 1814]] , [[  20 1815]]
[[ 824 1816]] , [[ 824 1820]]
[[  64 1825]] , [[  64 1829]]
[[  78 1825]] , [[  78 1829]]
[[ 218 1828]] , [[ 218 1834]]
[[ 850 1824]] , [[ 850 1828]]
[[ 238 1824]] , [[ 238 1827]]
[[ 850 1824]] , [[ 850 1828]]
[[  54 1818]] , [[  54 1819]]
[[  54 1820]] , [[  54 1825]]
[[ 800 1820]] , [[ 800 1825]]
[[ 850 1822]] , [[ 850 1823]]
[[ 800 1818]] , [[ 800 1823]]
[[ 848 1822]] , [[ 848 1827]]
[[ 483 1823]] , [[ 483 1827]]
[[ 593 1813]] , [[ 593 1815]]
[[ 757 1804]] , [[ 756 1805]]
[[ 756 1806]] , [[ 756 1813]]
[[  66 1822]] , [[  66 1828]]
[[ 746 1794]] , [[ 746 1801]]
[[ 572 1740]] , [[ 572 1744]]
[[ 534 1744]] , [[ 533 1745]]
[[ 548 1812]] , [[ 548 1817]]
[[ 788 1814]] , [[ 788 1820]]
[[ 490 1824]] , [[ 490 1828]]
[[ 488 1822]] , [[ 488 1828]]
[[ 514 1824]] , [[ 514 1828]]
[[ 488 1822]] , [[ 488 1823]]
[[  34 1820]] , [[  34 1825]]
[[ 491 1824]] , [[ 490 1825]]
[[ 753 1806]] , [[ 753 1813]]
[[  32 1816]] , [[  32 1823]]
[[  32 1818]] , [[  32 1823]]
[[  48 1820]] , [[  48 1825]]
[[ 138 1824]] , [[ 138 1831]]
[[  34 1812]] , [[  34 1825]]
[[  32 1816]] , [[  32 1817]]
[[ 524 1568]] , [[ 524 1573]]
[[  34 1814]] , [[  34 1815]]
[[  34 1809]] , [[  33 1810]]
[[ 776 1784]] , [[ 776 1789]]
[[  34 1809]] , [[  33 1810]]
[[  34 1809]] , [[  33 1810]]
[[ 562 1812]] , [[ 562 1819]]
[[ 562 1810]] , [[ 562 1819]]
[[ 800 1800]] , [[ 800 1809]]
[[ 562 1808]] , [[ 562 1813]]
[[  44 1814]] , [[  44 1819]]
[[  32 1809]] , [[  31 1810]]
[[  29 1810]] , [[  27 1812]]
[[  44 1813]] , [[  44 1819]]
[[   3 1814]] , [[   3 1815]]
[[ 806 1804]] , [[ 806 1809]]
[[ 806 1804]] , [[ 806 1809]]
[[ 508 1576]] , [[ 507 1577]]
[[ 524 1744]] , [[ 524 1751]]
[[ 506 1576]] , [[ 506 1580]]
[[ 760 1814]] , [[ 760 1822]]
[[ 826 1812]] , [[ 826 1813]]
[[ 812 1816]] , [[ 812 1825]]
[[  74 1822]] , [[  74 1827]]
[[ 743 1808]] , [[ 743 1813]]
[[ 739 1808]] , [[ 739 1813]]
[[ 744 1807]] , [[ 744 1808]]
[[ 508 1576]] , [[ 508 1581]]
[[ 744 1808]] , [[ 743 1809]]
[[ 174 1578]] , [[ 174 1583]]
[[ 508 1576]] , [[ 508 1581]]
[[ 878 1570]] , [[ 878 1574]]
[[  17 1818]] , [[  16 1819]]
[[ 252 1579]] , [[ 252 1583]]
[[ 924 1818]] , [[ 924 1822]]
[[   8 1818]] , [[   8 1819]]
[[  37 1820]] , [[  37 1824]]
[[  39 1820]] , [[  39 1824]]
[[ 730 1807]] , [[ 729 1808]]
[[ 762 1818]] , [[ 762 1819]]
[[ 800 1820]] , [[ 800 1825]]
[[ 784 1816]] , [[ 784 1821]]
[[ 752 1808]] , [[ 752 1809]]
[[  28 1812]] , [[  27 1813]]
[[ 508 1734]] , [[ 508 1739]]
[[ 768 1568]] , [[ 768 1573]]
[[ 449 1814]] , [[ 448 1815]]
[[  23 1816]] , [[  22 1817]]
[[  24 1813]] , [[  24 1815]]
[[  72 1581]] , [[  72 1585]]
[[ 522 1783]] , [[ 522 1785]]
[[ 522 1778]] , [[ 522 1785]]
[[ 816 1684]] , [[ 816 1689]]
[[ 892 1569]] , [[ 892 1573]]
[[ 548 1574]] , [[ 548 1580]]
[[  30 1818]] , [[  30 1823]]
[[  30 1818]] , [[  30 1823]]
[[ 754 1812]] , [[ 754 1817]]
[[  32 1816]] , [[  32 1821]]
[[ 542 1574]] , [[ 542 1578]]
[[ 692 1518]] , [[ 692 1529]]
[[ 504 1488]] , [[ 504 1492]]
[[ 534 1576]] , [[ 534 1580]]
[[ 560 1480]] , [[ 560 1481]]
[[  84 1446]] , [[  84 1450]]
[[ 734 1470]] , [[ 734 1475]]
[[ 683 1430]] , [[ 683 1434]]
[[ 542 1548]] , [[ 542 1553]]
[[ 706 1471]] , [[ 705 1472]]
[[ 570 1558]] , [[ 570 1563]]
[[ 570 1558]] , [[ 570 1563]]
[[ 534 1572]] , [[ 534 1577]]
[[ 684 1554]] , [[ 684 1559]]
[[ 604 1558]] , [[ 604 1563]]
[[ 540 1560]] , [[ 540 1569]]
[[ 716 1568]] , [[ 716 1573]]
[[ 762 1570]] , [[ 762 1574]]
[[   4 1582]] , [[   4 1586]]
[[ 513 1572]] , [[ 512 1573]]
[[ 576 1558]] , [[ 576 1561]]
[[ 513 1572]] , [[ 513 1577]]
[[ 772 1820]] , [[ 772 1825]]
[[ 780 1810]] , [[ 780 1815]]
[[ 790 1810]] , [[ 790 1817]]
[[ 778 1810]] , [[ 778 1815]]
[[ 770 1820]] , [[ 770 1824]]
[[ 824 1816]] , [[ 824 1820]]
[[ 772 1820]] , [[ 772 1825]]
[[ 693 1808]] , [[ 693 1812]]
[[ 754 1812]] , [[ 754 1817]]
[[ 840 1558]] , [[ 840 1559]]
[[ 608 1568]] , [[ 608 1574]]
[[ 724 1570]] , [[ 724 1574]]
[[ 610 1568]] , [[ 610 1569]]
[[ 590 1568]] , [[ 590 1576]]
[[ 840 1558]] , [[ 840 1559]]
[[ 614 1564]] , [[ 614 1567]]
[[ 778 1568]] , [[ 778 1573]]
[[ 764 1568]] , [[ 764 1573]]
[[ 828 1816]] , [[ 828 1820]]
[[ 712 1570]] , [[ 712 1574]]
[[ 716 1570]] , [[ 716 1574]]
[[ 568 1566]] , [[ 568 1571]]
[[ 554 1574]] , [[ 554 1578]]
[[ 554 1574]] , [[ 554 1578]]
[[ 516 1575]] , [[ 516 1579]]
[[ 716 1570]] , [[ 716 1574]]
[[ 716 1570]] , [[ 716 1574]]
[[ 716 1570]] , [[ 716 1574]]
[[ 716 1570]] , [[ 716 1574]]
[[ 540 1566]] , [[ 540 1578]]
[[ 714 1568]] , [[ 714 1573]]
[[ 816 1810]] , [[ 816 1817]]
[[ 547 1573]] , [[ 547 1577]]
[[ 816 1810]] , [[ 816 1817]]
[[ 594 1564]] , [[ 594 1569]]
[[ 816 1810]] , [[ 816 1817]]
[[ 594 1564]] , [[ 594 1569]]
[[ 552 1564]] , [[ 552 1569]]
[[ 572 1558]] , [[ 572 1559]]
[[ 574 1556]] , [[ 574 1565]]
[[ 574 1556]] , [[ 574 1559]]
[[ 714 1552]] , [[ 714 1557]]
[[ 592 1560]] , [[ 591 1561]]
[[ 744 1568]] , [[ 744 1574]]
[[ 744 1568]] , [[ 744 1574]]
[[ 744 1568]] , [[ 744 1574]]
[[ 568 1568]] , [[ 568 1575]]
[[ 568 1568]] , [[ 568 1575]]
[[ 548 1568]] , [[ 548 1575]]
[[ 740 1566]] , [[ 740 1567]]
[[ 736 1566]] , [[ 736 1567]]
[[ 723 1472]] , [[ 722 1473]]
[[ 710 1473]] , [[ 710 1477]]
[[ 622 1478]] , [[ 622 1482]]
[[ 586 1567]] , [[ 586 1571]]
[[ 588 1567]] , [[ 588 1571]]
[[ 556 1568]] , [[ 556 1577]]
[[ 736 1568]] , [[ 736 1573]]
[[ 556 1572]] , [[ 556 1577]]
[[ 776 1794]] , [[ 776 1807]]
[[ 736 1568]] , [[ 736 1573]]
[[ 552 1568]] , [[ 552 1571]]
[[ 568 1568]] , [[ 568 1575]]
[[ 768 1570]] , [[ 768 1574]]
[[ 460 1577]] , [[ 460 1581]]
[[ 568 1568]] , [[ 568 1575]]
[[ 762 1570]] , [[ 762 1574]]
[[ 234 1579]] , [[ 234 1583]]
[[ 764 1568]] , [[ 764 1569]]
[[ 764 1568]] , [[ 764 1569]]
[[ 548 1564]] , [[ 548 1569]]
[[ 288 1578]] , [[ 288 1583]]
[[ 548 1564]] , [[ 548 1569]]
[[ 720 1564]] , [[ 720 1567]]
[[ 756 1570]] , [[ 756 1575]]
[[ 718 1568]] , [[ 718 1572]]
[[ 764 1570]] , [[ 764 1574]]
[[ 718 1568]] , [[ 718 1572]]
[[ 836 1564]] , [[ 836 1565]]
[[ 864 1564]] , [[ 864 1565]]
[[ 718 1568]] , [[ 718 1573]]
[[ 718 1568]] , [[ 718 1573]]
[[ 546 1564]] , [[ 546 1569]]
[[ 681 1558]] , [[ 681 1563]]
[[ 681 1558]] , [[ 681 1563]]
[[ 532 1566]] , [[ 531 1567]]
[[ 842 1568]] , [[ 842 1572]]
[[ 586 1556]] , [[ 586 1567]]
[[ 716 1570]] , [[ 716 1574]]
[[ 760 1570]] , [[ 760 1574]]
[[ 746 1568]] , [[ 746 1569]]
[[ 536 1564]] , [[ 536 1567]]
[[ 756 1570]] , [[ 756 1575]]
[[ 774 1568]] , [[ 774 1569]]
[[ 774 1568]] , [[ 774 1569]]
[[ 844 1568]] , [[ 844 1573]]
[[ 544 1558]] , [[ 544 1563]]
[[ 563 1550]] , [[ 562 1551]]
[[ 563 1547]] , [[ 563 1548]]
[[ 534 1558]] , [[ 534 1563]]
[[ 591 1560]] , [[ 591 1565]]
[[ 710 1564]] , [[ 710 1565]]
[[ 748 1568]] , [[ 748 1569]]
[[ 748 1568]] , [[ 748 1569]]
[[ 747 1570]] , [[ 747 1574]]
[[ 716 1568]] , [[ 716 1572]]
[[ 746 1568]] , [[ 746 1573]]
[[ 522 1575]] , [[ 522 1579]]
[[ 522 1575]] , [[ 522 1579]]
[[ 556 1572]] , [[ 556 1573]]
[[ 556 1572]] , [[ 556 1573]]
[[ 556 1572]] , [[ 556 1573]]
[[ 476 1576]] , [[ 476 1580]]
[[ 558 1572]] , [[ 558 1573]]
[[ 556 1574]] , [[ 556 1578]]
[[ 556 1574]] , [[ 556 1578]]
[[ 522 1576]] , [[ 522 1580]]
[[ 522 1576]] , [[ 522 1580]]
[[ 552 1572]] , [[ 552 1578]]
[[ 762 1568]] , [[ 762 1573]]
[[ 816 1564]] , [[ 816 1568]]
[[ 572 1554]] , [[ 572 1561]]
[[ 556 1574]] , [[ 556 1578]]
[[ 528 1576]] , [[ 528 1580]]
[[ 556 1572]] , [[ 556 1577]]
[[ 528 1576]] , [[ 528 1580]]
[[ 528 1576]] , [[ 528 1580]]
[[ 528 1576]] , [[ 528 1580]]
[[ 480 1680]] , [[ 480 1685]]
[[ 480 1680]] , [[ 480 1685]]
[[  50 1808]] , [[  50 1813]]
[[ 475 1576]] , [[ 475 1580]]
[[ 550 1572]] , [[ 550 1578]]
[[ 636 1478]] , [[ 636 1484]]
[[ 556 1572]] , [[ 556 1578]]
[[ 522 1800]] , [[ 522 1807]]
[[  54 1822]] , [[  54 1827]]
[[  54 1822]] , [[  54 1823]]
[[  60 1820]] , [[  60 1821]]
[[ 154 1824]] , [[ 153 1825]]
[[ 796 1820]] , [[ 796 1825]]
[[  69 1820]] , [[  68 1821]]
[[  54 1820]] , [[  54 1825]]
[[ 178 1824]] , [[ 178 1825]]
[[ 744 1806]] , [[ 744 1812]]
[[ 146 1822]] , [[ 146 1826]]
[[  48 1818]] , [[  48 1823]]
[[  64 1818]] , [[  64 1822]]
[[ 772 1822]] , [[ 772 1827]]
[[ 193 1823]] , [[ 192 1824]]
[[ 185 1819]] , [[ 185 1823]]
[[  52 1820]] , [[  52 1825]]
[[ 642 1818]] , [[ 642 1823]]
[[ 333 1579]] , [[ 333 1583]]
[[ 408 1808]] , [[ 408 1811]]
[[ 752 1796]] , [[ 752 1801]]
[[  64 1814]] , [[  64 1821]]
[[   8 1820]] , [[   8 1821]]
[[  14 1820]] , [[  14 1825]]
[[   6 1819]] , [[   6 1823]]
[[  64 1814]] , [[  64 1823]]
[[  49 1815]] , [[  48 1816]]
[[  17 1814]] , [[  16 1815]]
[[   2 1819]] , [[   2 1823]]
[[  26 1814]] , [[  24 1816]]
[[   4 1819]] , [[   4 1823]]
[[  66 1824]] , [[  66 1828]]
[[  48 1824]] , [[  48 1828]]
[[  46 1817]] , [[  46 1821]]
[[  46 1817]] , [[  46 1821]]
[[   3 1819]] , [[   3 1823]]
[[ 757 1813]] , [[ 757 1817]]
[[ 745 1798]] , [[ 745 1803]]
[[  32 1820]] , [[  32 1824]]
[[  42 1820]] , [[  42 1825]]
[[ 504 1754]] , [[ 504 1759]]
[[ 740 1794]] , [[ 740 1799]]
[[ 740 1794]] , [[ 740 1799]]
[[  66 1816]] , [[  66 1821]]
[[  66 1816]] , [[  66 1821]]
[[  66 1816]] , [[  66 1821]]
[[ 720 1644]] , [[ 720 1649]]
[[ 744 1771]] , [[ 744 1775]]
[[ 596 1787]] , [[ 596 1791]]
[[  22 1822]] , [[  22 1826]]
[[   6 1820]] , [[   6 1821]]
[[   9 1818]] , [[   8 1819]]
[[ 770 1818]] , [[ 770 1823]]
[[  40 1822]] , [[  40 1827]]
[[  52 1820]] , [[  52 1825]]
[[ 442 1824]] , [[ 442 1829]]
[[ 831 1816]] , [[ 831 1820]]
[[ 790 1822]] , [[ 790 1826]]
[[  34 1811]] , [[  34 1813]]
[[ 750 1812]] , [[ 750 1817]]
[[ 488 1576]] , [[ 488 1581]]
[[  36 1810]] , [[  36 1815]]
[[ 788 1800]] , [[ 788 1807]]
[[ 728 1815]] , [[ 728 1819]]
[[ 548 1764]] , [[ 548 1769]]
[[ 548 1764]] , [[ 548 1769]]
[[ 472 1577]] , [[ 472 1581]]
[[ 800 1806]] , [[ 800 1811]]
[[ 592 1758]] , [[ 592 1769]]
[[ 510 1576]] , [[ 510 1581]]
[[ 578 1786]] , [[ 578 1791]]
[[ 578 1786]] , [[ 578 1791]]
[[ 524 1575]] , [[ 524 1579]]
[[ 476 1577]] , [[ 476 1581]]
[[ 758 1808]] , [[ 758 1813]]
[[ 524 1575]] , [[ 524 1579]]
[[ 524 1575]] , [[ 524 1579]]
[[ 476 1576]] , [[ 476 1580]]
[[ 472 1576]] , [[ 472 1580]]
[[ 512 1576]] , [[ 511 1577]]
[[ 473 1576]] , [[ 472 1577]]
[[ 512 1576]] , [[ 511 1577]]
[[ 588 1572]] , [[ 588 1577]]
[[ 560 1572]] , [[ 560 1573]]
[[ 560 1572]] , [[ 560 1577]]
[[ 520 1575]] , [[ 520 1580]]
[[ 254 1579]] , [[ 254 1583]]
[[ 792 1568]] , [[ 792 1572]]
[[ 792 1568]] , [[ 792 1572]]
[[ 632 1552]] , [[ 632 1557]]
[[ 780 1568]] , [[ 780 1573]]
[[ 608 1568]] , [[ 608 1569]]
[[ 558 1572]] , [[ 558 1577]]
[[ 684 1556]] , [[ 684 1561]]
[[ 684 1376]] , [[ 684 1380]]
[[ 689 1560]] , [[ 689 1562]]
[[ 778 1568]] , [[ 778 1573]]
[[ 684 1558]] , [[ 684 1563]]
[[ 324 1579]] , [[ 324 1583]]
[[ 658 1566]] , [[ 658 1571]]
[[ 658 1566]] , [[ 658 1571]]
[[ 784 1634]] , [[ 784 1639]]
[[ 846 1568]] , [[ 846 1572]]
[[ 780 1568]] , [[ 780 1573]]
[[ 725 1471]] , [[ 724 1472]]
[[ 744 1570]] , [[ 744 1574]]
[[ 780 1568]] , [[ 780 1573]]
[[ 780 1568]] , [[ 780 1573]]
[[ 570 1570]] , [[ 570 1571]]
[[ 570 1570]] , [[ 570 1571]]
[[ 234 1579]] , [[ 234 1583]]
[[ 324 1579]] , [[ 324 1583]]
[[ 234 1579]] , [[ 234 1583]]
[[ 566 1570]] , [[ 566 1571]]
[[ 234 1579]] , [[ 234 1583]]
[[ 566 1570]] , [[ 566 1571]]
[[ 250 1579]] , [[ 250 1583]]
[[ 250 1579]] , [[ 250 1583]]
[[ 250 1579]] , [[ 250 1583]]
[[ 750 1572]] , [[ 750 1576]]
[[ 542 1568]] , [[ 542 1571]]
[[ 540 1572]] , [[ 540 1577]]
[[ 740 1468]] , [[ 740 1473]]
[[ 619 1572]] , [[ 619 1576]]
[[ 704 1472]] , [[ 704 1477]]
[[ 706 1471]] , [[ 706 1477]]
[[ 792 1636]] , [[ 792 1641]]
[[ 719 1472]] , [[ 718 1473]]
[[ 712 1566]] , [[ 712 1567]]
[[ 624 1568]] , [[ 624 1571]]
[[ 544 1568]] , [[ 544 1573]]
[[ 586 1568]] , [[ 586 1569]]
[[ 626 1568]] , [[ 626 1575]]
[[ 780 1636]] , [[ 780 1641]]
[[ 780 1636]] , [[ 780 1641]]
[[ 768 1570]] , [[ 768 1574]]
[[ 536 1568]] , [[ 536 1575]]
[[ 566 1570]] , [[ 566 1577]]
[[ 816 1822]] , [[ 816 1827]]
[[ 816 1822]] , [[ 816 1827]]
[[ 518 1576]] , [[ 518 1580]]
[[ 782 1568]] , [[ 782 1572]]
[[ 740 1468]] , [[ 740 1473]]
[[ 564 1570]] , [[ 564 1573]]
[[ 558 1568]] , [[ 558 1573]]
[[ 692 1556]] , [[ 692 1561]]
[[ 692 1556]] , [[ 692 1561]]
[[ 716 1473]] , [[ 716 1479]]
[[ 706 1472]] , [[ 706 1477]]
[[ 564 1570]] , [[ 564 1575]]
[[ 796 1562]] , [[ 796 1567]]
[[ 796 1562]] , [[ 796 1567]]
[[ 234 1579]] , [[ 234 1583]]
[[ 820 1812]] , [[ 820 1819]]
[[ 588 1560]] , [[ 588 1565]]
[[ 733 1469]] , [[ 732 1470]]
[[ 824 1812]] , [[ 824 1815]]
[[ 234 1579]] , [[ 234 1583]]
[[ 234 1579]] , [[ 234 1583]]
[[ 564 1570]] , [[ 564 1575]]
[[  30 1583]] , [[  30 1587]]
[[ 784 1788]] , [[ 784 1795]]
[[ 824 1816]] , [[ 824 1821]]
[[ 824 1816]] , [[ 824 1821]]
[[  56 1824]] , [[  56 1829]]
[[ 873 1818]] , [[ 872 1819]]
[[ 880 1816]] , [[ 880 1819]]
[[ 808 1818]] , [[ 808 1823]]
[[ 234 1579]] , [[ 234 1583]]
[[ 686 1328]] , [[ 686 1333]]
[[ 710 1432]] , [[ 710 1436]]
[[ 870 1560]] , [[ 870 1565]]
[[ 748 1566]] , [[ 748 1575]]
[[ 602 1570]] , [[ 602 1575]]
[[ 512 1820]] , [[ 512 1825]]
[[ 556 1572]] , [[ 556 1577]]
[[ 814 1634]] , [[ 814 1638]]
[[ 810 1812]] , [[ 810 1817]]
[[ 530 1560]] , [[ 530 1565]]
[[  12 1817]] , [[  12 1823]]
[[ 528 1736]] , [[ 528 1740]]
[[  19 1816]] , [[  19 1818]]
[[ 534 1752]] , [[ 534 1759]]
[[ 534 1752]] , [[ 534 1759]]
[[ 752 1570]] , [[ 752 1575]]
[[  32 1817]] , [[  32 1821]]
[[  20 1818]] , [[  20 1823]]
[[  32 1818]] , [[  32 1825]]
[[  32 1818]] , [[  32 1825]]
[[ 876 1820]] , [[ 876 1825]]
[[ 866 1804]] , [[ 866 1815]]
[[ 522 1570]] , [[ 522 1579]]
[[ 606 1568]] , [[ 606 1575]]
[[ 741 1803]] , [[ 741 1807]]
[[  36 1581]] , [[  36 1585]]
[[ 524 1575]] , [[ 524 1579]]
[[  14 1820]] , [[  14 1825]]
[[ 764 1568]] , [[ 764 1569]]
[[ 748 1568]] , [[ 748 1574]]
[[ 760 1810]] , [[ 760 1815]]
[[ 760 1810]] , [[ 760 1815]]
[[ 760 1810]] , [[ 760 1817]]
[[  16 1820]] , [[  16 1825]]
[[ 106 1825]] , [[ 106 1831]]
[[ 778 1636]] , [[ 778 1643]]
[[  14 1820]] , [[  14 1825]]
[[  14 1820]] , [[  14 1825]]
[[  27 1818]] , [[  25 1820]]
[[ 752 1780]] , [[ 752 1785]]
[[ 746 1568]] , [[ 746 1573]]
[[ 166 1580]] , [[ 166 1584]]
[[  27 1819]] , [[  26 1820]]
[[ 768 1568]] , [[ 768 1573]]
[[ 784 1810]] , [[ 784 1815]]
[[ 768 1568]] , [[ 768 1573]]
[[ 768 1568]] , [[ 768 1569]]
[[ 748 1570]] , [[ 748 1575]]
[[ 748 1568]] , [[ 748 1575]]
[[ 556 1568]] , [[ 556 1573]]
[[ 512 1577]] , [[ 512 1581]]
[[ 524 1575]] , [[ 524 1579]]
[[ 816 1814]] , [[ 816 1817]]
[[ 522 1752]] , [[ 522 1759]]
[[ 558 1570]] , [[ 558 1575]]
[[ 526 1574]] , [[ 526 1579]]
[[ 500 1577]] , [[ 500 1581]]
[[ 500 1577]] , [[ 500 1581]]
[[  38 1820]] , [[  38 1825]]
[[  52 1820]] , [[  52 1827]]
[[  64 1820]] , [[  64 1825]]
[[ 768 1568]] , [[ 768 1572]]
[[ 880 1820]] , [[ 880 1824]]
[[ 752 1814]] , [[ 752 1821]]
[[ 810 1812]] , [[ 810 1817]]
[[ 548 1804]] , [[ 548 1809]]
[[ 790 1664]] , [[ 790 1669]]
[[ 790 1664]] , [[ 790 1669]]
[[ 446 1482]] , [[ 446 1488]]
[[ 704 1566]] , [[ 704 1574]]
[[ 745 1570]] , [[ 745 1575]]
[[ 592 1560]] , [[ 592 1567]]
[[ 704 1564]] , [[ 704 1569]]
[[  44 1822]] , [[  44 1826]]
[[ 663 1816]] , [[ 663 1817]]
[[ 832 1562]] , [[ 832 1563]]
[[ 550 1562]] , [[ 550 1567]]
[[ 494 1576]] , [[ 494 1580]]
[[ 486 1572]] , [[ 486 1577]]
[[ 314 1579]] , [[ 314 1583]]
[[ 176 1579]] , [[ 176 1583]]
[[ 314 1579]] , [[ 314 1583]]
[[ 462 1577]] , [[ 462 1581]]
[[  43 1820]] , [[  43 1825]]
[[ 509 1821]] , [[ 509 1825]]
[[  44 1819]] , [[  44 1823]]
[[ 459 1822]] , [[ 458 1823]]
[[ 552 1816]] , [[ 552 1817]]
[[  48 1818]] , [[  48 1825]]
[[ 548 1818]] , [[ 548 1823]]
[[  50 1816]] , [[  50 1819]]
[[ 780 1636]] , [[ 780 1641]]
[[ 312 1579]] , [[ 312 1583]]
[[ 278 1579]] , [[ 278 1583]]
[[ 278 1579]] , [[ 278 1583]]
[[ 777 1570]] , [[ 777 1574]]
[[  50 1818]] , [[  49 1819]]
[[ 697 1744]] , [[ 697 1749]]
[[ 616 1730]] , [[ 616 1735]]
[[ 578 1788]] , [[ 578 1793]]
[[  32 1814]] , [[  32 1823]]
[[  34 1810]] , [[  34 1811]]
[[ 540 1792]] , [[ 540 1797]]
[[ 566 1784]] , [[ 566 1791]]
[[  36 1810]] , [[  36 1811]]
[[ 858 1820]] , [[ 858 1822]]
[[ 596 1780]] , [[ 596 1787]]
[[  68 1824]] , [[  68 1828]]
[[  44 1820]] , [[  44 1825]]
[[  54 1824]] , [[  54 1829]]
[[ 616 1810]] , [[ 616 1815]]
[[ 573 1812]] , [[ 573 1817]]
[[ 618 1810]] , [[ 618 1815]]
[[ 705 1797]] , [[ 705 1801]]
[[  24 1820]] , [[  24 1827]]
[[  36 1814]] , [[  36 1822]]
[[ 674 1816]] , [[ 674 1820]]
[[   6 1814]] , [[   6 1819]]
[[ 160 1822]] , [[ 160 1831]]
[[ 160 1822]] , [[ 160 1831]]
[[ 524 1822]] , [[ 524 1827]]
[[ 798 1816]] , [[ 798 1817]]
[[ 752 1816]] , [[ 752 1821]]
[[  42 1820]] , [[  42 1825]]
[[ 851 1815]] , [[ 851 1819]]
[[  28 1816]] , [[  28 1821]]
[[  26 1816]] , [[  25 1817]]
[[ 752 1802]] , [[ 752 1807]]
[[ 824 1816]] , [[ 824 1820]]
[[ 752 1798]] , [[ 752 1809]]
[[ 824 1816]] , [[ 824 1820]]
[[  47 1820]] , [[  46 1821]]
[[ 882 1816]] , [[ 882 1823]]
[[  20 1814]] , [[  20 1815]]
[[ 824 1816]] , [[ 824 1820]]
[[  64 1825]] , [[  64 1829]]
[[  78 1825]] , [[  78 1829]]
[[ 218 1828]] , [[ 218 1834]]
[[ 850 1824]] , [[ 850 1828]]
[[ 238 1824]] , [[ 238 1827]]
[[ 850 1824]] , [[ 850 1828]]
[[  54 1818]] , [[  54 1819]]
[[  54 1820]] , [[  54 1825]]
[[ 800 1820]] , [[ 800 1825]]
[[ 850 1822]] , [[ 850 1823]]
[[ 800 1818]] , [[ 800 1823]]
[[ 848 1822]] , [[ 848 1827]]
[[ 483 1823]] , [[ 483 1827]]
[[ 593 1813]] , [[ 593 1815]]
[[ 757 1804]] , [[ 756 1805]]
[[ 756 1806]] , [[ 756 1813]]
[[  66 1822]] , [[  66 1828]]
[[ 746 1794]] , [[ 746 1801]]
[[ 572 1740]] , [[ 572 1744]]
[[ 534 1744]] , [[ 533 1745]]
[[ 548 1812]] , [[ 548 1817]]
[[ 788 1814]] , [[ 788 1820]]
[[ 490 1824]] , [[ 490 1828]]
[[ 488 1822]] , [[ 488 1828]]
[[ 514 1824]] , [[ 514 1828]]
[[ 488 1822]] , [[ 488 1823]]
[[  34 1820]] , [[  34 1825]]
[[ 491 1824]] , [[ 490 1825]]
[[ 753 1806]] , [[ 753 1813]]
[[  32 1816]] , [[  32 1823]]
[[  32 1818]] , [[  32 1823]]
[[  48 1820]] , [[  48 1825]]
[[ 138 1824]] , [[ 138 1831]]
[[  34 1812]] , [[  34 1825]]
[[  32 1816]] , [[  32 1817]]
[[ 524 1568]] , [[ 524 1573]]
[[  34 1814]] , [[  34 1815]]
[[  34 1809]] , [[  33 1810]]
[[ 776 1784]] , [[ 776 1789]]
[[  34 1809]] , [[  33 1810]]
[[  34 1809]] , [[  33 1810]]
[[ 562 1812]] , [[ 562 1819]]
[[ 562 1810]] , [[ 562 1819]]
[[ 800 1800]] , [[ 800 1809]]
[[ 562 1808]] , [[ 562 1813]]
[[  44 1814]] , [[  44 1819]]
[[  32 1809]] , [[  31 1810]]
[[  29 1810]] , [[  27 1812]]
[[  44 1813]] , [[  44 1819]]
[[   3 1814]] , [[   3 1815]]
[[ 806 1804]] , [[ 806 1809]]
[[ 806 1804]] , [[ 806 1809]]
[[ 508 1576]] , [[ 507 1577]]
[[ 524 1744]] , [[ 524 1751]]
[[ 506 1576]] , [[ 506 1580]]
[[ 760 1814]] , [[ 760 1822]]
[[ 826 1812]] , [[ 826 1813]]
[[ 812 1816]] , [[ 812 1825]]
[[  74 1822]] , [[  74 1827]]
[[ 743 1808]] , [[ 743 1813]]
[[ 739 1808]] , [[ 739 1813]]
[[ 744 1807]] , [[ 744 1808]]
[[ 508 1576]] , [[ 508 1581]]
[[ 744 1808]] , [[ 743 1809]]
[[ 174 1578]] , [[ 174 1583]]
[[ 508 1576]] , [[ 508 1581]]
[[ 878 1570]] , [[ 878 1574]]
[[  17 1818]] , [[  16 1819]]
[[ 252 1579]] , [[ 252 1583]]
[[ 924 1818]] , [[ 924 1822]]
[[   8 1818]] , [[   8 1819]]
[[  37 1820]] , [[  37 1824]]
[[  39 1820]] , [[  39 1824]]
[[ 730 1807]] , [[ 729 1808]]
[[ 762 1818]] , [[ 762 1819]]
[[ 800 1820]] , [[ 800 1825]]
[[ 784 1816]] , [[ 784 1821]]
[[ 752 1808]] , [[ 752 1809]]
[[  28 1812]] , [[  27 1813]]
[[ 508 1734]] , [[ 508 1739]]
[[ 768 1568]] , [[ 768 1573]]
[[ 449 1814]] , [[ 448 1815]]
[[  23 1816]] , [[  22 1817]]
[[  24 1813]] , [[  24 1815]]
[[  72 1581]] , [[  72 1585]]
[[ 522 1783]] , [[ 522 1785]]
[[ 522 1778]] , [[ 522 1785]]
[[ 816 1684]] , [[ 816 1689]]
[[ 892 1569]] , [[ 892 1573]]
[[ 548 1574]] , [[ 548 1580]]
[[  30 1818]] , [[  30 1823]]
[[  30 1818]] , [[  30 1823]]
[[ 754 1812]] , [[ 754 1817]]
[[  32 1816]] , [[  32 1821]]
[[ 542 1574]] , [[ 542 1578]]
[[ 472 1350]] , [[ 472 1355]]
[[ 722 1356]] , [[ 722 1357]]
[[ 722 1356]] , [[ 722 1357]]
[[ 402 1357]] , [[ 402 1361]]
[[ 608 1356]] , [[ 608 1361]]
[[ 404 1356]] , [[ 403 1357]]
[[ 212 1354]] , [[ 212 1359]]
[[ 212 1354]] , [[ 212 1359]]
[[ 212 1354]] , [[ 212 1359]]
[[ 245 1352]] , [[ 245 1361]]
[[ 245 1350]] , [[ 245 1358]]
[[ 210 1348]] , [[ 210 1349]]
[[ 304 1340]] , [[ 304 1343]]
[[ 288 1340]] , [[ 288 1343]]
[[ 414 1302]] , [[ 412 1304]]
[[ 413 1302]] , [[ 411 1304]]
[[ 414 1302]] , [[ 412 1304]]
[[ 273 1346]] , [[ 274 1345]]
[[ 273 1346]] , [[ 274 1345]]
[[ 412 1302]] , [[ 410 1304]]
[[ 411 1302]] , [[ 409 1304]]
[[ 412 1302]] , [[ 410 1304]]
[[ 606 1296]] , [[ 606 1297]]
[[ 606 1296]] , [[ 606 1297]]
[[ 606 1296]] , [[ 606 1297]]
[[ 606 1296]] , [[ 606 1297]]
[[ 606 1296]] , [[ 606 1297]]
[[ 606 1296]] , [[ 606 1297]]
[[ 606 1296]] , [[ 606 1297]]
[[ 606 1296]] , [[ 606 1297]]
[[ 415 1301]] , [[ 414 1302]]
[[ 415 1301]] , [[ 414 1302]]
[[ 415 1301]] , [[ 414 1302]]
[[ 611 1297]] , [[ 610 1298]]
[[ 606 1298]] , [[ 606 1299]]
[[ 421 1302]] , [[ 420 1303]]
[[ 415 1302]] , [[ 414 1303]]
[[ 412 1302]] , [[ 410 1304]]
[[ 606 1296]] , [[ 606 1297]]
[[ 419 1300]] , [[ 418 1301]]
[[ 608 1296]] , [[ 607 1297]]
[[ 612 1296]] , [[ 611 1297]]
[[ 608 1298]] , [[ 607 1299]]
[[ 413 1304]] , [[ 412 1305]]
[[ 612 1299]] , [[ 611 1300]]
[[ 613 1298]] , [[ 612 1299]]
[[ 412 1304]] , [[ 410 1306]]
[[ 610 1298]] , [[ 609 1299]]
[[ 608 1298]] , [[ 607 1299]]
[[ 608 1298]] , [[ 607 1299]]
[[ 410 1304]] , [[ 408 1306]]
[[ 410 1304]] , [[ 408 1306]]
[[ 410 1304]] , [[ 408 1306]]
[[ 410 1304]] , [[ 408 1306]]
[[ 611 1298]] , [[ 610 1299]]
[[ 604 1298]] , [[ 604 1301]]
[[ 411 1303]] , [[ 410 1304]]
[[ 604 1298]] , [[ 604 1299]]
[[ 611 1297]] , [[ 610 1298]]
[[ 417 1346]] , [[ 418 1345]]
[[ 609 1297]] , [[ 608 1298]]
[[ 409 1334]] , [[ 410 1333]]
[[ 409 1334]] , [[ 410 1333]]
[[ 600 1298]] , [[ 600 1299]]
[[ 600 1298]] , [[ 600 1299]]
[[ 339 1336]] , [[ 338 1337]]
[[ 598 1298]] , [[ 598 1299]]
[[ 407 1324]] , [[ 408 1323]]
[[ 407 1322]] , [[ 408 1321]]
[[ 409 1304]] , [[ 408 1305]]
[[ 407 1305]] , [[ 406 1306]]
[[ 334 1336]] , [[ 333 1337]]
[[ 522 1336]] , [[ 520 1338]]
[[ 330 1337]] , [[ 329 1338]]
[[ 330 1337]] , [[ 329 1338]]
[[ 764 1365]] , [[ 764 1369]]
[[ 764 1365]] , [[ 764 1369]]
[[ 764 1364]] , [[ 764 1369]]
[[ 764 1363]] , [[ 763 1364]]
[[ 314 1712]] , [[ 314 1719]]
[[ 314 1712]] , [[ 314 1719]]
[[ 314 1712]] , [[ 314 1719]]
[[ 310 1337]] , [[ 309 1338]]
[[ 310 1337]] , [[ 309 1338]]
[[ 312 1337]] , [[ 311 1338]]
[[ 521 1336]] , [[ 519 1338]]
[[ 521 1336]] , [[ 519 1338]]
[[ 521 1336]] , [[ 519 1338]]
[[ 294 1338]] , [[ 293 1339]]
[[ 293 1338]] , [[ 292 1339]]
[[ 507 1338]] , [[ 505 1340]]
[[ 507 1338]] , [[ 505 1340]]
[[ 506 1338]] , [[ 505 1339]]
[[ 516 1339]] , [[ 515 1340]]
[[ 492 1340]] , [[ 491 1341]]
[[ 496 1342]] , [[ 495 1343]]
[[ 509 1342]] , [[ 508 1343]]
[[ 476 1344]] , [[ 474 1346]]
[[ 558 1304]] , [[ 558 1317]]
[[ 462 1344]] , [[ 462 1345]]
[[ 354 1310]] , [[ 354 1313]]
[[ 347 1346]] , [[ 348 1345]]
[[ 347 1348]] , [[ 348 1347]]
[[ 347 1348]] , [[ 348 1347]]
[[ 346 1308]] , [[ 346 1309]]
[[ 466 1340]] , [[ 465 1341]]
[[ 728 1316]] , [[ 728 1345]]
[[ 467 1340]] , [[ 466 1341]]
[[ 464 1340]] , [[ 463 1341]]
[[ 495 1346]] , [[ 496 1345]]
[[ 334 1310]] , [[ 334 1321]]
[[ 332 1310]] , [[ 332 1315]]
[[ 347 1356]] , [[ 348 1355]]
[[ 330 1310]] , [[ 330 1311]]
[[ 343 1324]] , [[ 344 1323]]
[[ 394 1180]] , [[ 394 1181]]
[[ 716 1288]] , [[ 716 1291]]
[[ 328 1310]] , [[ 328 1311]]
[[ 712 1292]] , [[ 712 1293]]
[[ 710 1292]] , [[ 710 1297]]
[[ 324 1310]] , [[ 324 1311]]
[[ 322 1310]] , [[ 322 1311]]
[[ 711 1292]] , [[ 710 1293]]
[[ 709 1292]] , [[ 708 1293]]
[[ 704 1294]] , [[ 704 1299]]
[[ 704 1294]] , [[ 704 1299]]
[[ 704 1294]] , [[ 704 1297]]
[[ 297 1346]] , [[ 298 1345]]
[[ 297 1346]] , [[ 298 1345]]
[[ 297 1346]] , [[ 298 1345]]
[[ 522 1308]] , [[ 522 1309]]
[[ 522 1308]] , [[ 522 1309]]
[[ 320 1310]] , [[ 320 1311]]
[[ 522 1308]] , [[ 522 1311]]
[[ 523 1308]] , [[ 523 1309]]
[[ 523 1308]] , [[ 523 1311]]
[[ 339 1309]] , [[ 338 1310]]
[[ 339 1309]] , [[ 338 1310]]
[[ 322 1309]] , [[ 322 1311]]
[[ 322 1310]] , [[ 322 1315]]
[[ 324 1310]] , [[ 324 1313]]
[[ 326 1308]] , [[ 326 1311]]
[[ 718 1288]] , [[ 718 1289]]
[[ 720 1286]] , [[ 718 1288]]
[[ 721 1286]] , [[ 720 1287]]
[[ 343 1334]] , [[ 344 1333]]
[[ 394 1182]] , [[ 394 1183]]
[[ 396 1182]] , [[ 396 1183]]
[[ 404 1181]] , [[ 403 1182]]
[[ 406 1181]] , [[ 405 1182]]
[[ 744 1186]] , [[ 744 1197]]
[[ 303 1348]] , [[ 304 1347]]
[[ 746 1186]] , [[ 746 1197]]
[[ 348 1308]] , [[ 346 1310]]
[[ 348 1308]] , [[ 348 1311]]
[[ 350 1308]] , [[ 350 1311]]
[[ 564 1318]] , [[ 564 1325]]
[[ 564 1308]] , [[ 564 1331]]
[[ 356 1308]] , [[ 356 1309]]
[[ 738 1336]] , [[ 738 1345]]
[[ 740 1336]] , [[ 740 1341]]
[[ 504 1339]] , [[ 503 1340]]
[[ 742 1338]] , [[ 742 1345]]
[[ 567 1302]] , [[ 567 1303]]
[[ 568 1302]] , [[ 567 1303]]
[[ 358 1309]] , [[ 357 1310]]
[[ 482 1337]] , [[ 481 1338]]
[[ 515 1336]] , [[ 514 1337]]
[[ 515 1336]] , [[ 514 1337]]
[[ 515 1336]] , [[ 514 1337]]
[[ 515 1336]] , [[ 514 1337]]
[[ 738 1320]] , [[ 738 1327]]
[[ 365 1309]] , [[ 364 1310]]
[[ 358 1308]] , [[ 358 1309]]
[[ 360 1310]] , [[ 360 1311]]
[[ 571 1302]] , [[ 570 1303]]
[[ 333 1346]] , [[ 334 1345]]
[[ 333 1346]] , [[ 334 1345]]
[[ 302 1338]] , [[ 301 1339]]
[[ 345 1348]] , [[ 346 1347]]
[[ 584 1300]] , [[ 584 1301]]
[[ 586 1300]] , [[ 586 1301]]
[[ 294 1338]] , [[ 293 1339]]
[[ 288 1338]] , [[ 286 1340]]
[[ 427 1346]] , [[ 428 1345]]
[[ 328 1167]] , [[ 327 1168]]
[[ 328 1167]] , [[ 327 1168]]
[[ 598 1300]] , [[ 598 1303]]
[[ 606 1300]] , [[ 606 1301]]
[[ 310 1336]] , [[ 309 1337]]
[[ 411 1304]] , [[ 410 1305]]
[[ 412 1304]] , [[ 410 1306]]
[[ 412 1304]] , [[ 412 1305]]
[[ 412 1304]] , [[ 410 1306]]
[[ 413 1304]] , [[ 413 1305]]
[[ 423 1303]] , [[ 422 1304]]
[[ 423 1303]] , [[ 422 1304]]
[[ 425 1303]] , [[ 424 1304]]
[[ 415 1336]] , [[ 416 1335]]
[[ 423 1304]] , [[ 422 1305]]
[[ 425 1304]] , [[ 424 1305]]
[[ 423 1304]] , [[ 422 1305]]
[[ 427 1304]] , [[ 426 1305]]
[[ 338 1336]] , [[ 337 1337]]
[[ 338 1336]] , [[ 337 1337]]
[[ 338 1336]] , [[ 337 1337]]
[[ 224 1346]] , [[ 224 1347]]
[[ 226 1346]] , [[ 226 1347]]
[[ 352 1336]] , [[ 352 1337]]
[[ 353 1337]] , [[ 352 1338]]
[[ 354 1337]] , [[ 353 1338]]
[[ 354 1337]] , [[ 353 1338]]
[[ 354 1337]] , [[ 353 1338]]
[[ 223 1323]] , [[ 223 1327]]
[[ 422 1305]] , [[ 422 1307]]
[[ 422 1304]] , [[ 422 1307]]
[[ 338 1336]] , [[ 337 1337]]
[[ 338 1336]] , [[ 337 1337]]
[[ 439 1303]] , [[ 438 1304]]
[[ 628 1300]] , [[ 628 1301]]
[[ 628 1300]] , [[ 628 1301]]
[[ 630 1300]] , [[ 630 1301]]
[[ 632 1300]] , [[ 632 1301]]
[[ 632 1300]] , [[ 632 1301]]
[[ 632 1300]] , [[ 632 1301]]
[[ 641 1299]] , [[ 640 1300]]
[[ 434 1304]] , [[ 434 1305]]
[[ 643 1299]] , [[ 642 1300]]
[[ 644 1299]] , [[ 643 1300]]
[[ 644 1299]] , [[ 643 1300]]
[[ 645 1299]] , [[ 644 1300]]
[[ 440 1303]] , [[ 439 1304]]
[[ 647 1299]] , [[ 646 1300]]
[[ 648 1299]] , [[ 647 1300]]
[[ 649 1299]] , [[ 648 1300]]
[[ 644 1300]] , [[ 644 1301]]
[[ 644 1300]] , [[ 644 1301]]
[[ 646 1300]] , [[ 646 1301]]
[[ 646 1300]] , [[ 646 1301]]
[[ 648 1300]] , [[ 648 1301]]
[[ 646 1300]] , [[ 646 1301]]
[[ 648 1300]] , [[ 648 1301]]
[[ 648 1300]] , [[ 648 1301]]
[[ 648 1300]] , [[ 648 1301]]
[[ 650 1300]] , [[ 650 1301]]
[[ 657 1298]] , [[ 656 1299]]
[[ 654 1298]] , [[ 654 1299]]
[[ 450 1302]] , [[ 450 1305]]
[[ 656 1298]] , [[ 655 1299]]
[[ 656 1298]] , [[ 655 1299]]
[[ 654 1298]] , [[ 654 1301]]
[[ 654 1298]] , [[ 654 1301]]
[[ 654 1298]] , [[ 654 1299]]
[[ 654 1298]] , [[ 654 1301]]
[[ 654 1299]] , [[ 654 1301]]
[[ 654 1299]] , [[ 654 1301]]
[[ 654 1299]] , [[ 653 1300]]
[[ 654 1299]] , [[ 653 1300]]
[[ 652 1300]] , [[ 652 1301]]
[[ 652 1300]] , [[ 652 1301]]
[[ 654 1300]] , [[ 654 1301]]
[[ 654 1300]] , [[ 654 1301]]
[[ 654 1300]] , [[ 654 1301]]
[[ 654 1299]] , [[ 653 1300]]
[[ 657 1298]] , [[ 656 1299]]
[[ 654 1299]] , [[ 653 1300]]
[[ 652 1300]] , [[ 652 1301]]
[[ 652 1300]] , [[ 652 1301]]
[[ 654 1300]] , [[ 654 1301]]
[[ 654 1300]] , [[ 654 1301]]
[[ 654 1300]] , [[ 654 1301]]
[[ 654 1301]] , [[ 653 1302]]
[[ 652 1302]] , [[ 652 1303]]
[[ 656 1302]] , [[ 656 1303]]
[[ 648 1304]] , [[ 648 1305]]
[[ 652 1303]] , [[ 651 1304]]
[[ 652 1303]] , [[ 651 1304]]
[[ 453 1307]] , [[ 452 1308]]
[[ 453 1307]] , [[ 452 1308]]
[[ 644 1304]] , [[ 644 1305]]
[[ 642 1304]] , [[ 642 1307]]
[[ 642 1304]] , [[ 642 1305]]
[[ 642 1304]] , [[ 642 1305]]
[[ 636 1304]] , [[ 636 1313]]
[[ 632 1304]] , [[ 632 1311]]
[[ 628 1302]] , [[ 628 1303]]
[[ 624 1302]] , [[ 624 1303]]
[[ 624 1298]] , [[ 624 1299]]
[[ 622 1296]] , [[ 622 1297]]
[[ 624 1293]] , [[ 623 1294]]
[[ 622 1288]] , [[ 622 1289]]
[[ 622 1284]] , [[ 622 1285]]
[[ 622 1282]] , [[ 622 1283]]
[[ 622 1282]] , [[ 622 1283]]
[[ 622 1283]] , [[ 621 1284]]
[[ 620 1284]] , [[ 620 1285]]
[[ 616 1286]] , [[ 616 1287]]
[[ 310 1332]] , [[ 310 1333]]
[[ 406 1294]] , [[ 406 1297]]
[[ 413 1295]] , [[ 412 1296]]
[[ 407 1296]] , [[ 406 1297]]
[[ 598 1291]] , [[ 597 1292]]
[[ 599 1290]] , [[ 598 1291]]
[[ 397 1297]] , [[ 396 1298]]
[[ 393 1300]] , [[ 393 1301]]
[[ 283 1332]] , [[ 282 1333]]
[[ 756 1324]] , [[ 756 1331]]
[[ 282 1331]] , [[ 281 1332]]
[[ 567 1292]] , [[ 566 1293]]
[[ 354 1302]] , [[ 354 1305]]
[[ 350 1302]] , [[ 350 1305]]
[[ 555 1296]] , [[ 555 1297]]
[[ 728 1248]] , [[ 728 1252]]
[[ 729 1230]] , [[ 728 1231]]
[[ 400 1171]] , [[ 399 1172]]
[[ 723 1271]] , [[ 723 1275]]
[[ 721 1271]] , [[ 721 1275]]
[[ 710 1284]] , [[ 710 1285]]
[[ 712 1284]] , [[ 712 1285]]
[[ 707 1284]] , [[ 705 1286]]
[[ 514 1294]] , [[ 514 1307]]
[[ 514 1294]] , [[ 514 1297]]
[[ 514 1293]] , [[ 513 1294]]
[[ 698 1284]] , [[ 696 1286]]
[[ 686 1286]] , [[ 686 1293]]
[[ 684 1286]] , [[ 684 1293]]
[[ 682 1286]] , [[ 682 1293]]
[[ 684 1286]] , [[ 683 1287]]
[[ 684 1286]] , [[ 683 1287]]
[[ 676 1286]] , [[ 676 1289]]
[[ 681 1286]] , [[ 679 1288]]
[[ 681 1286]] , [[ 680 1287]]
[[ 677 1286]] , [[ 677 1287]]
[[ 495 1292]] , [[ 493 1294]]
[[ 668 1286]] , [[ 668 1287]]
[[ 664 1288]] , [[ 664 1291]]
[[ 662 1288]] , [[ 662 1289]]
[[ 660 1288]] , [[ 660 1289]]
[[ 656 1288]] , [[ 656 1289]]
[[ 652 1286]] , [[ 652 1289]]
[[ 648 1288]] , [[ 648 1291]]
[[ 646 1288]] , [[ 646 1289]]
[[ 640 1290]] , [[ 640 1293]]
[[ 640 1290]] , [[ 640 1291]]
[[ 634 1292]] , [[ 634 1293]]
[[ 632 1292]] , [[ 632 1293]]
[[ 630 1293]] , [[ 629 1294]]
[[ 633 1293]] , [[ 632 1294]]
[[ 626 1294]] , [[ 626 1295]]
[[ 626 1294]] , [[ 626 1295]]
[[ 624 1294]] , [[ 624 1295]]
[[ 624 1294]] , [[ 624 1295]]
[[ 622 1294]] , [[ 622 1295]]
[[ 622 1294]] , [[ 622 1295]]
[[ 622 1294]] , [[ 622 1295]]
[[ 622 1294]] , [[ 622 1295]]
[[ 622 1294]] , [[ 622 1295]]
[[ 629 1294]] , [[ 628 1295]]
[[ 629 1294]] , [[ 628 1295]]
[[ 629 1294]] , [[ 628 1295]]
[[ 629 1294]] , [[ 628 1295]]
[[ 629 1294]] , [[ 628 1295]]
[[ 629 1294]] , [[ 628 1295]]
[[ 628 1294]] , [[ 627 1295]]
[[ 627 1294]] , [[ 626 1295]]
[[ 438 1298]] , [[ 438 1299]]
[[ 438 1298]] , [[ 438 1299]]
[[ 438 1298]] , [[ 438 1299]]
[[ 438 1298]] , [[ 438 1299]]
[[ 438 1298]] , [[ 438 1299]]
[[ 438 1298]] , [[ 438 1299]]
[[ 438 1298]] , [[ 438 1299]]
[[ 251 1315]] , [[ 250 1316]]
[[ 620 1295]] , [[ 619 1296]]
[[ 625 1295]] , [[ 624 1296]]
[[ 622 1295]] , [[ 621 1296]]
[[ 625 1295]] , [[ 624 1296]]
[[ 630 1294]] , [[ 629 1295]]
[[ 627 1295]] , [[ 626 1296]]
[[ 628 1295]] , [[ 627 1296]]
[[ 633 1294]] , [[ 632 1295]]
[[ 633 1296]] , [[ 632 1297]]
[[ 630 1300]] , [[ 630 1301]]
[[ 634 1304]] , [[ 633 1305]]
[[ 637 1309]] , [[ 636 1310]]
[[ 639 1312]] , [[ 638 1313]]
[[ 636 1316]] , [[ 636 1317]]
[[ 643 1316]] , [[ 642 1317]]
[[ 458 1316]] , [[ 458 1317]]
[[ 646 1310]] , [[ 646 1311]]
[[ 648 1308]] , [[ 648 1309]]
[[ 659 1304]] , [[ 658 1305]]
[[ 656 1302]] , [[ 656 1303]]
[[ 656 1300]] , [[ 656 1301]]
[[ 658 1296]] , [[ 658 1299]]
[[ 660 1296]] , [[ 660 1297]]
[[ 662 1296]] , [[ 662 1297]]
[[ 673 1297]] , [[ 672 1298]]
[[ 668 1298]] , [[ 668 1299]]
[[ 672 1298]] , [[ 672 1299]]
[[ 683 1296]] , [[ 682 1297]]
[[ 684 1296]] , [[ 683 1297]]
[[ 680 1296]] , [[ 680 1297]]
[[ 691 1296]] , [[ 690 1297]]
[[ 692 1297]] , [[ 691 1298]]
[[ 693 1296]] , [[ 691 1298]]
[[ 692 1296]] , [[ 692 1297]]
[[ 701 1295]] , [[ 700 1296]]
[[ 698 1296]] , [[ 698 1297]]
[[ 700 1296]] , [[ 700 1299]]
[[ 711 1295]] , [[ 710 1296]]
[[ 715 1295]] , [[ 714 1296]]
[[ 712 1296]] , [[ 712 1297]]
[[ 723 1292]] , [[ 723 1293]]
[[ 727 1292]] , [[ 726 1293]]
[[ 735 1288]] , [[ 733 1290]]
[[ 350 1312]] , [[ 350 1315]]
[[ 352 1311]] , [[ 352 1313]]
[[ 354 1312]] , [[ 354 1313]]
[[ 356 1312]] , [[ 356 1313]]
[[ 569 1304]] , [[ 566 1307]]
[[ 362 1312]] , [[ 362 1313]]
[[ 364 1312]] , [[ 364 1315]]
[[ 575 1303]] , [[ 574 1304]]
[[ 577 1302]] , [[ 576 1303]]
[[ 583 1301]] , [[ 582 1302]]
[[ 578 1302]] , [[ 577 1303]]
[[ 372 1336]] , [[ 372 1338]]
[[ 502 1338]] , [[ 501 1339]]
[[ 770 1328]] , [[ 770 1334]]
[[ 306 1338]] , [[ 305 1339]]
[[ 407 1148]] , [[ 407 1149]]
[[ 594 1302]] , [[ 593 1303]]
[[ 407 1132]] , [[ 407 1133]]
[[ 408 1116]] , [[ 408 1118]]
[[ 598 1305]] , [[ 597 1306]]
[[ 410 1096]] , [[ 410 1101]]
[[ 410 1088]] , [[ 410 1091]]
[[ 605 1306]] , [[ 604 1307]]
[[ 607 1306]] , [[ 606 1307]]
[[ 606 1306]] , [[ 605 1307]]
[[ 613 1304]] , [[ 612 1305]]
[[ 613 1303]] , [[ 612 1304]]
[[ 419 1306]] , [[ 418 1307]]
[[ 613 1301]] , [[ 612 1302]]
[[ 606 1302]] , [[ 606 1303]]
[[ 421 1307]] , [[ 420 1308]]
[[ 417 1308]] , [[ 416 1309]]
[[ 421 1308]] , [[ 420 1309]]
[[ 303 1336]] , [[ 301 1338]]
[[ 418 1308]] , [[ 418 1309]]
[[ 418 1308]] , [[ 416 1310]]
[[ 419 1308]] , [[ 418 1309]]
[[ 419 1308]] , [[ 418 1309]]
[[ 420 1308]] , [[ 419 1309]]
[[ 421 1307]] , [[ 420 1308]]
[[ 421 1307]] , [[ 420 1308]]
[[ 421 1306]] , [[ 419 1308]]
[[ 421 1306]] , [[ 419 1308]]
[[ 421 1306]] , [[ 420 1307]]
[[ 420 1306]] , [[ 418 1308]]
[[ 419 1306]] , [[ 419 1307]]
[[ 419 1306]] , [[ 418 1307]]
[[ 419 1306]] , [[ 418 1307]]
[[ 408 1306]] , [[ 408 1307]]
[[ 408 1306]] , [[ 408 1307]]
[[ 418 1306]] , [[ 417 1307]]
[[ 420 1305]] , [[ 419 1306]]
[[ 420 1305]] , [[ 419 1306]]
[[ 420 1305]] , [[ 419 1306]]
[[ 420 1305]] , [[ 419 1306]]
[[ 420 1305]] , [[ 419 1306]]
[[ 420 1305]] , [[ 419 1306]]
[[ 420 1305]] , [[ 419 1306]]
[[ 420 1305]] , [[ 419 1306]]
[[ 421 1305]] , [[ 420 1306]]
[[ 410 1306]] , [[ 410 1309]]
[[ 427 1305]] , [[ 426 1306]]
[[ 422 1305]] , [[ 420 1307]]
[[ 423 1307]] , [[ 422 1308]]
[[ 312 1338]] , [[ 312 1339]]
[[ 419 1310]] , [[ 418 1311]]
[[ 315 1348]] , [[ 316 1347]]
[[ 307 1348]] , [[ 308 1347]]
[[ 416 1312]] , [[ 415 1313]]
[[ 311 1348]] , [[ 312 1347]]
[[ 425 1307]] , [[ 424 1308]]
[[ 425 1303]] , [[ 424 1304]]
[[ 419 1301]] , [[ 418 1302]]
[[ 418 1300]] , [[ 417 1301]]
[[ 207 1320]] , [[ 207 1324]]
[[ 311 1342]] , [[ 312 1341]]
[[ 412 1310]] , [[ 411 1311]]
[[ 405 1314]] , [[ 403 1316]]
[[ 407 1314]] , [[ 405 1316]]
[[ 353 1352]] , [[ 354 1351]]
[[ 400 1314]] , [[ 398 1316]]
[[ 392 1336]] , [[ 392 1365]]
[[ 337 1344]] , [[ 338 1343]]
[[ 278 1336]] , [[ 277 1337]]
[[ 286 1334]] , [[ 285 1335]]
[[ 507 1335]] , [[ 506 1336]]
[[ 280 1335]] , [[ 279 1336]]
[[ 462 1336]] , [[ 461 1337]]
[[ 351 1313]] , [[ 350 1314]]
[[ 236 1338]] , [[ 236 1339]]
[[ 522 1322]] , [[ 522 1327]]
[[ 160 1345]] , [[ 159 1346]]
[[ 321 1315]] , [[ 320 1316]]
[[ 330 1346]] , [[ 329 1347]]
[[ 315 1314]] , [[ 314 1315]]
[[ 283 1348]] , [[ 284 1347]]
[[ 494 1297]] , [[ 493 1298]]
[[ 301 1352]] , [[ 302 1351]]
[[ 291 1310]] , [[ 292 1309]]
[[ 476 1292]] , [[ 476 1293]]
[[ 311 1350]] , [[ 312 1349]]
[[ 474 1294]] , [[ 474 1295]]
[[ 291 1340]] , [[ 292 1339]]
[[ 297 1350]] , [[ 298 1349]]
[[ 297 1350]] , [[ 298 1349]]
[[ 299 1340]] , [[ 300 1339]]
[[ 299 1340]] , [[ 300 1339]]
[[ 297 1340]] , [[ 298 1339]]
[[ 295 1342]] , [[ 296 1341]]
[[ 309 1338]] , [[ 310 1337]]
[[ 309 1338]] , [[ 310 1337]]
[[ 305 1338]] , [[ 306 1337]]
[[ 464 1294]] , [[ 464 1295]]
[[ 305 1340]] , [[ 306 1339]]
[[ 301 1340]] , [[ 302 1339]]
[[ 464 1295]] , [[ 463 1296]]
[[ 462 1296]] , [[ 462 1299]]
[[ 464 1295]] , [[ 463 1296]]
[[ 464 1294]] , [[ 464 1299]]
[[ 307 1340]] , [[ 308 1339]]
[[ 307 1340]] , [[ 308 1339]]
[[ 470 1292]] , [[ 470 1293]]
[[ 472 1294]] , [[ 472 1295]]
[[ 474 1294]] , [[ 474 1297]]
[[ 480 1294]] , [[ 480 1295]]
[[ 321 1340]] , [[ 322 1339]]
[[ 309 1306]] , [[ 308 1307]]
[[ 498 1294]] , [[ 498 1299]]
[[ 309 1328]] , [[ 310 1327]]
[[ 313 1330]] , [[ 314 1329]]
[[ 700 1284]] , [[ 700 1285]]
[[ 323 1320]] , [[ 324 1319]]
[[ 526 1294]] , [[ 526 1297]]
[[ 333 1312]] , [[ 334 1311]]
[[ 339 1322]] , [[ 340 1321]]
[[ 342 1304]] , [[ 342 1307]]
[[ 348 1302]] , [[ 348 1305]]
[[ 476 1328]] , [[ 475 1329]]
[[ 747 1310]] , [[ 747 1311]]
[[ 367 1326]] , [[ 367 1327]]
[[ 293 1338]] , [[ 294 1337]]
[[ 308 1332]] , [[ 308 1337]]
[[ 519 1332]] , [[ 518 1333]]
[[ 600 1298]] , [[ 599 1299]]
[[ 596 1300]] , [[ 596 1301]]
[[ 411 1308]] , [[ 411 1309]]
[[ 410 1310]] , [[ 407 1313]]
[[ 414 1308]] , [[ 414 1309]]
[[ 421 1304]] , [[ 420 1305]]
[[ 347 1334]] , [[ 346 1335]]
[[ 428 1299]] , [[ 427 1300]]
[[ 426 1296]] , [[ 425 1297]]
[[ 631 1290]] , [[ 630 1291]]
[[ 624 1292]] , [[ 624 1293]]
[[ 626 1294]] , [[ 626 1295]]
[[ 637 1294]] , [[ 636 1295]]
[[ 641 1296]] , [[ 640 1297]]
[[ 636 1298]] , [[ 636 1299]]
[[ 630 1300]] , [[ 630 1301]]
[[ 628 1302]] , [[ 628 1303]]
[[ 633 1300]] , [[ 632 1301]]
[[ 626 1300]] , [[ 626 1301]]
[[ 436 1332]] , [[ 436 1335]]
[[ 312 1342]] , [[ 312 1343]]
[[ 372 1346]] , [[ 372 1353]]
[[ 372 1349]] , [[ 372 1353]]
[[ 372 1346]] , [[ 372 1353]]
[[ 302 1346]] , [[ 302 1351]]
[[ 258 1348]] , [[ 258 1357]]
[[ 448 1348]] , [[ 448 1353]]
[[ 446 1348]] , [[ 446 1353]]
[[ 460 1348]] , [[ 460 1349]]
[[ 403 1348]] , [[ 403 1352]]
[[ 644 1348]] , [[ 644 1349]]
[[ 404 1348]] , [[ 404 1357]]
[[ 404 1350]] , [[ 404 1357]]
