[[481  15]] , [[482  14]]
[[ 52 302]] , [[ 52 309]]
[[661 918]] , [[662 917]]
[[661 918]] , [[662 917]]
[[ 56 304]] , [[ 56 309]]
[[606 743]] , [[607 742]]
[[ 36 485]] , [[ 35 486]]
[[646 940]] , [[646 957]]
[[661 918]] , [[662 917]]
[[845 625]] , [[845 629]]
[[846 624]] , [[845 625]]
[[578 740]] , [[578 744]]
[[459 934]] , [[460 933]]
[[574 744]] , [[574 748]]
[[561 738]] , [[561 743]]
[[   7 1104]] , [[   8 1103]]
[[  68 1054]] , [[  68 1063]]
[[  10 1048]] , [[  10 1053]]
[[576 744]] , [[576 749]]
[[574 744]] , [[574 748]]
[[843 624]] , [[842 625]]
[[  58 1038]] , [[  58 1045]]
[[642 938]] , [[642 943]]
[[558 738]] , [[558 743]]
[[850 714]] , [[849 715]]
[[558 738]] , [[558 743]]
[[595 922]] , [[596 921]]
[[600 748]] , [[601 747]]
[[835 620]] , [[834 621]]
[[842 718]] , [[842 729]]
[[481 610]] , [[482 609]]
[[ 432 1032]] , [[ 432 1037]]
[[305 904]] , [[305 910]]
[[  28 1040]] , [[  28 1045]]
[[838 766]] , [[837 767]]
[[834 721]] , [[834 722]]
[[298 904]] , [[298 908]]
[[827 693]] , [[826 694]]
[[825 693]] , [[824 694]]
[[298 904]] , [[298 909]]
[[816 652]] , [[816 673]]
[[276 678]] , [[276 679]]
[[467 608]] , [[468 607]]
[[629 962]] , [[630 961]]
[[481 923]] , [[489 923]]
[[575 923]] , [[576 922]]
[[619 932]] , [[620 931]]
[[266 566]] , [[264 568]]
[[621 968]] , [[622 967]]
[[   5 1104]] , [[   5 1105]]
[[ 347 1080]] , [[ 348 1079]]
[[   2 1072]] , [[   2 1081]]
[[   2 1072]] , [[   2 1081]]
[[  19 1244]] , [[  19 1248]]
[[   0 1108]] , [[   0 1113]]
[[   9 1222]] , [[   9 1227]]
[[   4 1078]] , [[   4 1083]]
[[266 565]] , [[265 566]]
[[479 922]] , [[480 921]]
[[649 758]] , [[650 757]]
[[607 954]] , [[608 953]]
[[608 954]] , [[609 953]]
[[404 856]] , [[405 855]]
[[479 922]] , [[480 921]]
[[605 932]] , [[606 931]]
[[467 924]] , [[468 923]]
[[505 741]] , [[505 745]]
[[518 742]] , [[518 746]]
[[461 608]] , [[462 607]]
[[652 755]] , [[653 755]]
[[272 593]] , [[293 593]]
[[455 610]] , [[456 609]]
[[502 740]] , [[502 741]]
[[469 924]] , [[470 923]]
[[607 978]] , [[608 977]]
[[271 594]] , [[272 593]]
[[651 754]] , [[652 755]]
[[604 956]] , [[605 955]]
[[649 757]] , [[650 756]]
[[269 594]] , [[270 593]]
[[517 740]] , [[517 744]]
[[516 740]] , [[516 744]]
[[515 746]] , [[515 751]]
[[446 742]] , [[446 746]]
[[448 742]] , [[448 746]]
[[448 742]] , [[448 746]]
[[659 756]] , [[660 755]]
[[273 594]] , [[274 593]]
[[461 608]] , [[462 607]]
[[461 608]] , [[462 607]]
[[281 592]] , [[282 591]]
[[277 592]] , [[278 591]]
[[374 992]] , [[374 996]]
[[232 260]] , [[232 264]]
[[548 748]] , [[548 753]]
[[463 608]] , [[464 607]]
[[ 449 1000]] , [[450 999]]
[[610 934]] , [[610 939]]
[[573 922]] , [[574 921]]
[[561 746]] , [[560 747]]
[[836 764]] , [[836 765]]
[[379 734]] , [[379 739]]
[[ 396 1008]] , [[ 396 1013]]
[[ 396 1015]] , [[ 396 1021]]
[[336 730]] , [[336 738]]
[[840 720]] , [[840 725]]
[[   0 1060]] , [[   0 1065]]
[[842 720]] , [[842 721]]
[[388 736]] , [[388 740]]
[[294 710]] , [[294 711]]
[[566 740]] , [[566 744]]
[[304 696]] , [[304 703]]
[[379 734]] , [[379 738]]
[[550 738]] , [[550 743]]
[[   0 1052]] , [[   0 1126]]
[[500 743]] , [[499 744]]
[[453 996]] , [[454 995]]
[[302 752]] , [[302 768]]
[[582 738]] , [[582 746]]
[[398 734]] , [[398 738]]
[[ 45 482]] , [[ 45 483]]
[[594 740]] , [[594 744]]
[[568 742]] , [[568 746]]
[[677 918]] , [[678 917]]
[[  62 1037]] , [[  62 1042]]
[[647 606]] , [[648 605]]
[[689 760]] , [[690 759]]
[[604 740]] , [[604 744]]
[[645 606]] , [[646 605]]
[[331 920]] , [[332 919]]
[[  71 1112]] , [[  71 1115]]
[[436 734]] , [[435 735]]
[[ 670 1306]] , [[ 670 1311]]
[[  64 1200]] , [[  64 1205]]
[[ 738 1468]] , [[ 738 1473]]
[[  70 1250]] , [[  70 1257]]
[[  72 1230]] , [[  72 1239]]
[[  62 1156]] , [[  62 1161]]
[[  66 1196]] , [[  66 1203]]
[[ 100 1048]] , [[ 100 1055]]
[[  74 1228]] , [[  74 1229]]
[[ 526 1476]] , [[ 526 1483]]
[[ 526 1476]] , [[ 526 1481]]
[[  72 1246]] , [[  72 1249]]
[[  72 1246]] , [[  72 1249]]
[[  70 1250]] , [[  70 1255]]
[[ 524 1334]] , [[ 524 1339]]
[[  34 1080]] , [[  34 1081]]
[[  64 1156]] , [[  64 1167]]
[[  64 1144]] , [[  64 1149]]
[[ 674 1330]] , [[ 674 1335]]
[[  68 1264]] , [[  68 1269]]
[[ 668 1368]] , [[ 668 1374]]
[[ 614 1544]] , [[ 614 1551]]
[[ 704 1552]] , [[ 704 1561]]
[[ 656 1368]] , [[ 656 1375]]
[[ 686 1328]] , [[ 686 1333]]
[[ 686 1328]] , [[ 686 1333]]
[[ 672 1306]] , [[ 672 1311]]
[[ 684 1328]] , [[ 684 1334]]
[[ 674 1330]] , [[ 674 1337]]
[[ 720 1432]] , [[ 720 1436]]
[[ 748 1470]] , [[ 748 1475]]
[[ 674 1330]] , [[ 674 1332]]
[[ 546 1474]] , [[ 546 1475]]
[[ 221 1293]] , [[ 221 1297]]
[[ 672 1306]] , [[ 672 1310]]
[[  77 1212]] , [[  77 1222]]
[[ 733 1469]] , [[ 733 1473]]
[[  70 1252]] , [[  70 1257]]
[[ 733 1469]] , [[ 733 1473]]
[[ 752 1468]] , [[ 752 1473]]
[[ 510 1476]] , [[ 509 1477]]
[[ 748 1468]] , [[ 748 1473]]
[[ 748 1468]] , [[ 748 1473]]
[[  72 1176]] , [[  72 1177]]
[[ 670 1418]] , [[ 670 1419]]
[[ 650 1370]] , [[ 650 1374]]
[[ 668 1418]] , [[ 668 1421]]
[[ 668 1418]] , [[ 668 1421]]
[[ 742 1468]] , [[ 742 1473]]
[[ 724 1432]] , [[ 724 1436]]
[[ 710 1432]] , [[ 710 1436]]
[[ 378 1422]] , [[ 378 1427]]
[[ 710 1432]] , [[ 710 1436]]
[[ 650 1370]] , [[ 650 1375]]
[[ 709 1432]] , [[ 709 1436]]
[[ 510 1476]] , [[ 510 1477]]
[[ 650 1370]] , [[ 650 1375]]
[[  71 1170]] , [[  71 1183]]
[[  73 1115]] , [[  73 1121]]
[[  73 1107]] , [[  73 1121]]
[[  72 1248]] , [[  72 1249]]
[[  74 1202]] , [[  74 1209]]
[[  72 1248]] , [[  72 1249]]
[[  74 1202]] , [[  74 1209]]
[[ 650 1298]] , [[ 650 1302]]
[[  58 1080]] , [[  58 1087]]
[[  64 1038]] , [[  63 1039]]
[[  68 1264]] , [[  68 1269]]
[[  70 1248]] , [[  70 1249]]
[[617 738]] , [[617 739]]
[[   0 1030]] , [[   0 1036]]
[[574 738]] , [[574 745]]
[[448 972]] , [[448 975]]
[[320 565]] , [[319 566]]
[[590 742]] , [[590 743]]
[[572 738]] , [[572 742]]
[[645 700]] , [[645 701]]
[[180  29]] , [[180  33]]
[[826 663]] , [[826 666]]
[[300 570]] , [[300 571]]
[[809 626]] , [[810 625]]
[[ 401 1010]] , [[ 402 1009]]
[[469 922]] , [[470 921]]
[[274 902]] , [[274 903]]
[[248 258]] , [[248 263]]
[[460 607]] , [[465 607]]
[[459 608]] , [[460 607]]
[[275 592]] , [[276 591]]
[[273 594]] , [[274 593]]
[[440 740]] , [[439 741]]
[[243 596]] , [[244 595]]
[[432 742]] , [[432 746]]
[[232 595]] , [[236 595]]
[[459 608]] , [[460 607]]
[[290 908]] , [[290 913]]
[[954 154]] , [[954 159]]
[[572 254]] , [[572 259]]
[[217 591]] , [[221 591]]
[[469 605]] , [[473 605]]
[[463 605]] , [[464 606]]
[[651 759]] , [[652 758]]
[[436 740]] , [[436 741]]
[[290 910]] , [[290 915]]
[[290 910]] , [[290 915]]
[[463 606]] , [[464 605]]
[[461 606]] , [[462 605]]
[[448 740]] , [[448 741]]
[[436 739]] , [[435 740]]
[[465 606]] , [[466 605]]
[[460 740]] , [[460 745]]
[[442 740]] , [[442 741]]
[[245 590]] , [[246 589]]
[[589 760]] , [[590 759]]
[[465 606]] , [[466 605]]
[[675 914]] , [[676 913]]
[[287 592]] , [[288 591]]
[[653 758]] , [[654 757]]
[[459 608]] , [[460 607]]
[[459 744]] , [[459 749]]
[[461 608]] , [[462 607]]
[[342 932]] , [[343 931]]
[[339 934]] , [[340 933]]
[[457 608]] , [[458 607]]
[[675 914]] , [[676 913]]
[[  27 1038]] , [[  27 1042]]
[[   8 1138]] , [[   8 1161]]
[[ 829 1058]] , [[ 830 1057]]
[[  52 1273]] , [[  52 1277]]
[[489 920]] , [[490 919]]
[[  24 1032]] , [[  24 1037]]
[[380 736]] , [[380 740]]
[[ 720 1370]] , [[ 720 1375]]
[[843 766]] , [[842 767]]
[[   4 1038]] , [[   4 1043]]
[[398 734]] , [[398 735]]
[[  32 1039]] , [[  32 1043]]
[[538 740]] , [[538 745]]
[[  44 1038]] , [[  44 1043]]
[[553 740]] , [[553 744]]
[[396 736]] , [[396 743]]
[[419 735]] , [[418 736]]
[[858 622]] , [[858 623]]
[[647 608]] , [[648 607]]
[[866 672]] , [[866 681]]
[[860 622]] , [[860 627]]
[[  38 1029]] , [[  38 1033]]
[[  11 1074]] , [[  12 1073]]
[[554 741]] , [[554 745]]
[[546 744]] , [[546 748]]
[[649 608]] , [[650 607]]
[[  17 1090]] , [[  18 1089]]
[[  71 1150]] , [[  71 1155]]
[[876 984]] , [[876 993]]
[[   0 1036]] , [[   0 1065]]
[[697 758]] , [[698 757]]
[[365 598]] , [[366 597]]
[[671 918]] , [[672 917]]
[[835 606]] , [[836 605]]
[[707 760]] , [[708 759]]
[[471 920]] , [[472 919]]
[[679 916]] , [[680 915]]
[[584 740]] , [[584 746]]
[[636 746]] , [[636 747]]
[[482 920]] , [[483 919]]
[[486 919]] , [[491 919]]
[[486 919]] , [[491 919]]
[[  66 1044]] , [[  67 1043]]
[[683 914]] , [[684 913]]
[[471 920]] , [[472 919]]
[[469 920]] , [[470 919]]
[[853 609]] , [[854 608]]
[[384 564]] , [[384 565]]
[[345 994]] , [[346 993]]
[[  71 1160]] , [[  71 1165]]
[[469 920]] , [[470 919]]
[[  66 1186]] , [[  66 1217]]
[[  75 1202]] , [[  75 1207]]
[[ 728 1368]] , [[ 728 1372]]
[[  78 1218]] , [[  78 1222]]
[[ 636 1328]] , [[ 636 1333]]
[[  66 1226]] , [[  66 1254]]
[[  66 1226]] , [[  66 1235]]
[[  75 1231]] , [[  74 1232]]
[[  78 1216]] , [[  78 1225]]
[[920 976]] , [[920 981]]
[[  37 1062]] , [[  38 1061]]
[[  57 1084]] , [[  58 1083]]
[[  10 1012]] , [[  10 1013]]
[[386 564]] , [[385 565]]
[[  66 1224]] , [[  66 1233]]
[[  72 1160]] , [[  72 1169]]
[[  49 1074]] , [[  50 1073]]
[[386 564]] , [[385 565]]
[[386 564]] , [[385 565]]
[[  73 1192]] , [[  73 1199]]
[[ 219 1293]] , [[ 219 1297]]
[[  49 1056]] , [[  50 1055]]
[[ 115 1202]] , [[ 114 1203]]
[[ 113 1202]] , [[ 113 1204]]
[[  72 1186]] , [[  72 1193]]
[[ 536 1368]] , [[ 536 1372]]
[[ 376 1424]] , [[ 376 1431]]
[[ 640 1476]] , [[ 640 1477]]
[[ 731 1469]] , [[ 731 1470]]
[[ 700 1552]] , [[ 700 1559]]
[[ 680 1548]] , [[ 680 1551]]
[[ 735 1468]] , [[ 734 1469]]
[[ 735 1468]] , [[ 734 1469]]
[[  66 1224]] , [[  66 1233]]
[[  72 1166]] , [[  72 1175]]
[[   0 1022]] , [[   0 1139]]
[[ 746 1370]] , [[ 746 1375]]
[[  68 1260]] , [[  68 1269]]
[[ 736 1468]] , [[ 736 1473]]
[[ 754 1468]] , [[ 754 1472]]
[[ 712 1544]] , [[ 712 1551]]
[[ 684 1552]] , [[ 684 1553]]
[[ 112 1250]] , [[ 112 1255]]
[[ 668 1298]] , [[ 668 1302]]
[[ 668 1298]] , [[ 668 1303]]
[[  80 1236]] , [[  80 1245]]
[[ 690 1378]] , [[ 690 1382]]
[[  82 1238]] , [[  82 1245]]
[[ 702 1368]] , [[ 702 1369]]
[[ 700 1368]] , [[ 700 1375]]
[[ 630 1478]] , [[ 630 1484]]
[[ 798 1428]] , [[ 798 1433]]
[[ 636 1476]] , [[ 636 1477]]
[[ 666 1297]] , [[ 665 1298]]
[[ 752 1468]] , [[ 752 1473]]
[[ 796 1429]] , [[ 796 1433]]
[[ 694 1472]] , [[ 694 1477]]
[[ 651 1296]] , [[ 651 1297]]
[[ 728 1470]] , [[ 727 1471]]
[[ 702 1424]] , [[ 702 1429]]
[[ 696 1472]] , [[ 696 1477]]
[[ 630 1302]] , [[ 630 1307]]
[[ 760 1474]] , [[ 760 1479]]
[[  75 1196]] , [[  75 1201]]
[[ 710 1552]] , [[ 710 1557]]
[[ 688 1430]] , [[ 688 1434]]
[[ 656 1368]] , [[ 656 1377]]
[[ 656 1368]] , [[ 656 1375]]
[[  92 1438]] , [[  92 1443]]
[[ 502 1340]] , [[ 502 1345]]
[[ 674 1368]] , [[ 674 1372]]
[[   0 1084]] , [[   0 1135]]
[[ 576 1325]] , [[ 575 1326]]
[[ 674 1368]] , [[ 674 1372]]
[[ 529 1473]] , [[ 529 1475]]
[[ 750 1468]] , [[ 750 1472]]
[[ 516 1482]] , [[ 516 1486]]
[[ 684 1368]] , [[ 684 1373]]
[[  70 1465]] , [[  70 1469]]
[[ 654 1334]] , [[ 654 1338]]
[[ 798 1338]] , [[ 798 1342]]
[[692 898]] , [[692 905]]
[[772 732]] , [[772 736]]
[[824 728]] , [[824 733]]
[[770 730]] , [[770 734]]
[[890 590]] , [[890 591]]
[[ 420 1000]] , [[ 420 1005]]
[[ 362 1011]] , [[ 362 1015]]
[[649 582]] , [[650 581]]
[[374 988]] , [[374 993]]
[[659 580]] , [[660 579]]
[[316 553]] , [[315 554]]
[[346 954]] , [[346 961]]
[[ 682 1376]] , [[ 682 1380]]
[[ 798 1352]] , [[ 798 1361]]
[[ 784 1350]] , [[ 784 1355]]
[[ 672 1368]] , [[ 672 1373]]
[[ 782 1372]] , [[ 782 1376]]
[[ 772 1370]] , [[ 772 1375]]
[[ 782 1368]] , [[ 782 1369]]
[[ 585 1337]] , [[ 585 1341]]
[[755 726]] , [[755 727]]
[[862 696]] , [[862 715]]
[[302 560]] , [[302 561]]
[[ 410 1010]] , [[ 410 1014]]
[[200 130]] , [[200 135]]
[[838 598]] , [[838 599]]
[[780 568]] , [[779 569]]
[[852 698]] , [[852 711]]
[[279 558]] , [[278 559]]
[[ 648 1262]] , [[ 648 1266]]
[[ 632 1274]] , [[ 632 1278]]
[[562 726]] , [[562 730]]
[[840 706]] , [[840 707]]
[[252 556]] , [[251 557]]
[[250 552]] , [[250 553]]
[[326 990]] , [[326 995]]
[[371 994]] , [[372 993]]
[[453 592]] , [[454 591]]
[[358 964]] , [[358 965]]
[[593 916]] , [[594 915]]
[[ 356 1006]] , [[ 356 1013]]
[[810 750]] , [[810 751]]
[[808 830]] , [[808 851]]
[[808 750]] , [[806 752]]
[[230 552]] , [[229 553]]
[[791 670]] , [[791 674]]
[[ 647 1326]] , [[ 647 1331]]
[[369 988]] , [[370 987]]
[[784 664]] , [[784 671]]
[[ 550 1318]] , [[ 550 1323]]
[[782 646]] , [[782 685]]
[[ 349 1084]] , [[ 350 1083]]
[[369 932]] , [[370 931]]
[[566 976]] , [[566 981]]
[[247 594]] , [[248 593]]
[[651 756]] , [[652 755]]
[[583 954]] , [[584 953]]
[[465 606]] , [[466 605]]
[[587 759]] , [[588 758]]
[[587 760]] , [[588 759]]
[[671 914]] , [[672 913]]
[[468 607]] , [[469 606]]
[[458 740]] , [[458 741]]
[[587 760]] , [[588 759]]
[[450 740]] , [[450 744]]
[[ 52 302]] , [[ 52 309]]
[[661 918]] , [[662 917]]
[[661 918]] , [[662 917]]
[[ 56 304]] , [[ 56 309]]
[[606 743]] , [[607 742]]
[[ 36 485]] , [[ 35 486]]
[[646 940]] , [[646 957]]
[[661 918]] , [[662 917]]
[[845 625]] , [[845 629]]
[[846 624]] , [[845 625]]
[[578 740]] , [[578 744]]
[[459 934]] , [[460 933]]
[[574 744]] , [[574 748]]
[[561 738]] , [[561 743]]
[[   7 1104]] , [[   8 1103]]
[[  68 1054]] , [[  68 1063]]
[[  10 1048]] , [[  10 1053]]
[[576 744]] , [[576 749]]
[[574 744]] , [[574 748]]
[[843 624]] , [[842 625]]
[[  58 1038]] , [[  58 1045]]
[[642 938]] , [[642 943]]
[[558 738]] , [[558 743]]
[[850 714]] , [[849 715]]
[[558 738]] , [[558 743]]
[[595 922]] , [[596 921]]
[[600 748]] , [[601 747]]
[[835 620]] , [[834 621]]
[[842 718]] , [[842 729]]
[[481 610]] , [[482 609]]
[[ 432 1032]] , [[ 432 1037]]
[[305 904]] , [[305 910]]
[[  28 1040]] , [[  28 1045]]
[[838 766]] , [[837 767]]
[[834 721]] , [[834 722]]
[[298 904]] , [[298 908]]
[[827 693]] , [[826 694]]
[[825 693]] , [[824 694]]
[[298 904]] , [[298 909]]
[[816 652]] , [[816 673]]
[[276 678]] , [[276 679]]
[[467 608]] , [[468 607]]
[[629 962]] , [[630 961]]
[[481 923]] , [[489 923]]
[[575 923]] , [[576 922]]
[[619 932]] , [[620 931]]
[[266 566]] , [[264 568]]
[[621 968]] , [[622 967]]
[[   5 1104]] , [[   5 1105]]
[[ 347 1080]] , [[ 348 1079]]
[[   2 1072]] , [[   2 1081]]
[[   2 1072]] , [[   2 1081]]
[[  19 1244]] , [[  19 1248]]
[[   0 1108]] , [[   0 1113]]
[[   9 1222]] , [[   9 1227]]
[[   4 1078]] , [[   4 1083]]
[[266 565]] , [[265 566]]
[[479 922]] , [[480 921]]
[[649 758]] , [[650 757]]
[[607 954]] , [[608 953]]
[[608 954]] , [[609 953]]
[[404 856]] , [[405 855]]
[[479 922]] , [[480 921]]
[[605 932]] , [[606 931]]
[[467 924]] , [[468 923]]
[[505 741]] , [[505 745]]
[[518 742]] , [[518 746]]
[[461 608]] , [[462 607]]
[[652 755]] , [[653 755]]
[[272 593]] , [[293 593]]
[[455 610]] , [[456 609]]
[[502 740]] , [[502 741]]
[[469 924]] , [[470 923]]
[[607 978]] , [[608 977]]
[[271 594]] , [[272 593]]
[[651 754]] , [[652 755]]
[[604 956]] , [[605 955]]
[[649 757]] , [[650 756]]
[[269 594]] , [[270 593]]
[[517 740]] , [[517 744]]
[[516 740]] , [[516 744]]
[[515 746]] , [[515 751]]
[[446 742]] , [[446 746]]
[[448 742]] , [[448 746]]
[[448 742]] , [[448 746]]
[[659 756]] , [[660 755]]
[[273 594]] , [[274 593]]
[[461 608]] , [[462 607]]
[[461 608]] , [[462 607]]
[[281 592]] , [[282 591]]
[[277 592]] , [[278 591]]
[[374 992]] , [[374 996]]
[[232 260]] , [[232 264]]
[[548 748]] , [[548 753]]
[[463 608]] , [[464 607]]
[[ 449 1000]] , [[450 999]]
[[610 934]] , [[610 939]]
[[573 922]] , [[574 921]]
[[561 746]] , [[560 747]]
[[836 764]] , [[836 765]]
[[379 734]] , [[379 739]]
[[ 396 1008]] , [[ 396 1013]]
[[ 396 1015]] , [[ 396 1021]]
[[336 730]] , [[336 738]]
[[840 720]] , [[840 725]]
[[   0 1060]] , [[   0 1065]]
[[842 720]] , [[842 721]]
[[388 736]] , [[388 740]]
[[294 710]] , [[294 711]]
[[566 740]] , [[566 744]]
[[304 696]] , [[304 703]]
[[379 734]] , [[379 738]]
[[550 738]] , [[550 743]]
[[   0 1052]] , [[   0 1126]]
[[500 743]] , [[499 744]]
[[453 996]] , [[454 995]]
[[302 752]] , [[302 768]]
[[582 738]] , [[582 746]]
[[398 734]] , [[398 738]]
[[ 45 482]] , [[ 45 483]]
[[594 740]] , [[594 744]]
[[568 742]] , [[568 746]]
[[677 918]] , [[678 917]]
[[  62 1037]] , [[  62 1042]]
[[647 606]] , [[648 605]]
[[689 760]] , [[690 759]]
[[604 740]] , [[604 744]]
[[645 606]] , [[646 605]]
[[331 920]] , [[332 919]]
[[  71 1112]] , [[  71 1115]]
[[436 734]] , [[435 735]]
[[ 670 1306]] , [[ 670 1311]]
[[  64 1200]] , [[  64 1205]]
[[ 738 1468]] , [[ 738 1473]]
[[  70 1250]] , [[  70 1257]]
[[  72 1230]] , [[  72 1239]]
[[  62 1156]] , [[  62 1161]]
[[  66 1196]] , [[  66 1203]]
[[ 100 1048]] , [[ 100 1055]]
[[  74 1228]] , [[  74 1229]]
[[ 526 1476]] , [[ 526 1483]]
[[ 526 1476]] , [[ 526 1481]]
[[  72 1246]] , [[  72 1249]]
[[  72 1246]] , [[  72 1249]]
[[  70 1250]] , [[  70 1255]]
[[ 524 1334]] , [[ 524 1339]]
[[  34 1080]] , [[  34 1081]]
[[  64 1156]] , [[  64 1167]]
[[  64 1144]] , [[  64 1149]]
[[ 674 1330]] , [[ 674 1335]]
[[  68 1264]] , [[  68 1269]]
[[ 668 1368]] , [[ 668 1374]]
[[ 614 1544]] , [[ 614 1551]]
[[ 704 1552]] , [[ 704 1561]]
[[ 656 1368]] , [[ 656 1375]]
[[ 686 1328]] , [[ 686 1333]]
[[ 686 1328]] , [[ 686 1333]]
[[ 672 1306]] , [[ 672 1311]]
[[ 684 1328]] , [[ 684 1334]]
[[ 674 1330]] , [[ 674 1337]]
[[ 720 1432]] , [[ 720 1436]]
[[ 748 1470]] , [[ 748 1475]]
[[ 674 1330]] , [[ 674 1332]]
[[ 546 1474]] , [[ 546 1475]]
[[ 221 1293]] , [[ 221 1297]]
[[ 672 1306]] , [[ 672 1310]]
[[  77 1212]] , [[  77 1222]]
[[ 733 1469]] , [[ 733 1473]]
[[  70 1252]] , [[  70 1257]]
[[ 733 1469]] , [[ 733 1473]]
[[ 752 1468]] , [[ 752 1473]]
[[ 510 1476]] , [[ 509 1477]]
[[ 748 1468]] , [[ 748 1473]]
[[ 748 1468]] , [[ 748 1473]]
[[  72 1176]] , [[  72 1177]]
[[ 670 1418]] , [[ 670 1419]]
[[ 650 1370]] , [[ 650 1374]]
[[ 668 1418]] , [[ 668 1421]]
[[ 668 1418]] , [[ 668 1421]]
[[ 742 1468]] , [[ 742 1473]]
[[ 724 1432]] , [[ 724 1436]]
[[ 710 1432]] , [[ 710 1436]]
[[ 378 1422]] , [[ 378 1427]]
[[ 710 1432]] , [[ 710 1436]]
[[ 650 1370]] , [[ 650 1375]]
[[ 709 1432]] , [[ 709 1436]]
[[ 510 1476]] , [[ 510 1477]]
[[ 650 1370]] , [[ 650 1375]]
[[  71 1170]] , [[  71 1183]]
[[  73 1115]] , [[  73 1121]]
[[  73 1107]] , [[  73 1121]]
[[  72 1248]] , [[  72 1249]]
[[  74 1202]] , [[  74 1209]]
[[  72 1248]] , [[  72 1249]]
[[  74 1202]] , [[  74 1209]]
[[ 650 1298]] , [[ 650 1302]]
[[  58 1080]] , [[  58 1087]]
[[  64 1038]] , [[  63 1039]]
[[  68 1264]] , [[  68 1269]]
[[  70 1248]] , [[  70 1249]]
[[617 738]] , [[617 739]]
[[   0 1030]] , [[   0 1036]]
[[574 738]] , [[574 745]]
[[448 972]] , [[448 975]]
[[320 565]] , [[319 566]]
[[590 742]] , [[590 743]]
[[572 738]] , [[572 742]]
[[645 700]] , [[645 701]]
[[180  29]] , [[180  33]]
[[826 663]] , [[826 666]]
[[300 570]] , [[300 571]]
[[809 626]] , [[810 625]]
[[ 401 1010]] , [[ 402 1009]]
[[469 922]] , [[470 921]]
[[274 902]] , [[274 903]]
[[248 258]] , [[248 263]]
[[460 607]] , [[465 607]]
[[459 608]] , [[460 607]]
[[275 592]] , [[276 591]]
[[273 594]] , [[274 593]]
[[440 740]] , [[439 741]]
[[243 596]] , [[244 595]]
[[432 742]] , [[432 746]]
[[232 595]] , [[236 595]]
[[459 608]] , [[460 607]]
[[290 908]] , [[290 913]]
[[954 154]] , [[954 159]]
[[572 254]] , [[572 259]]
[[217 591]] , [[221 591]]
[[469 605]] , [[473 605]]
[[463 605]] , [[464 606]]
[[651 759]] , [[652 758]]
[[436 740]] , [[436 741]]
[[290 910]] , [[290 915]]
[[290 910]] , [[290 915]]
[[463 606]] , [[464 605]]
[[461 606]] , [[462 605]]
[[448 740]] , [[448 741]]
[[436 739]] , [[435 740]]
[[465 606]] , [[466 605]]
[[460 740]] , [[460 745]]
[[442 740]] , [[442 741]]
[[245 590]] , [[246 589]]
[[589 760]] , [[590 759]]
[[465 606]] , [[466 605]]
[[675 914]] , [[676 913]]
[[287 592]] , [[288 591]]
[[653 758]] , [[654 757]]
[[459 608]] , [[460 607]]
[[459 744]] , [[459 749]]
[[461 608]] , [[462 607]]
[[342 932]] , [[343 931]]
[[339 934]] , [[340 933]]
[[457 608]] , [[458 607]]
[[675 914]] , [[676 913]]
[[  27 1038]] , [[  27 1042]]
[[   8 1138]] , [[   8 1161]]
[[ 829 1058]] , [[ 830 1057]]
[[  52 1273]] , [[  52 1277]]
[[489 920]] , [[490 919]]
[[  24 1032]] , [[  24 1037]]
[[380 736]] , [[380 740]]
[[ 720 1370]] , [[ 720 1375]]
[[843 766]] , [[842 767]]
[[   4 1038]] , [[   4 1043]]
[[398 734]] , [[398 735]]
[[  32 1039]] , [[  32 1043]]
[[538 740]] , [[538 745]]
[[  44 1038]] , [[  44 1043]]
[[553 740]] , [[553 744]]
[[396 736]] , [[396 743]]
[[419 735]] , [[418 736]]
[[858 622]] , [[858 623]]
[[647 608]] , [[648 607]]
[[866 672]] , [[866 681]]
[[860 622]] , [[860 627]]
[[  38 1029]] , [[  38 1033]]
[[  11 1074]] , [[  12 1073]]
[[554 741]] , [[554 745]]
[[546 744]] , [[546 748]]
[[649 608]] , [[650 607]]
[[  17 1090]] , [[  18 1089]]
[[  71 1150]] , [[  71 1155]]
[[876 984]] , [[876 993]]
[[   0 1036]] , [[   0 1065]]
[[697 758]] , [[698 757]]
[[365 598]] , [[366 597]]
[[671 918]] , [[672 917]]
[[835 606]] , [[836 605]]
[[707 760]] , [[708 759]]
[[471 920]] , [[472 919]]
[[679 916]] , [[680 915]]
[[584 740]] , [[584 746]]
[[636 746]] , [[636 747]]
[[482 920]] , [[483 919]]
[[486 919]] , [[491 919]]
[[486 919]] , [[491 919]]
[[  66 1044]] , [[  67 1043]]
[[683 914]] , [[684 913]]
[[471 920]] , [[472 919]]
[[469 920]] , [[470 919]]
[[853 609]] , [[854 608]]
[[384 564]] , [[384 565]]
[[345 994]] , [[346 993]]
[[  71 1160]] , [[  71 1165]]
[[469 920]] , [[470 919]]
[[  66 1186]] , [[  66 1217]]
[[  75 1202]] , [[  75 1207]]
[[ 728 1368]] , [[ 728 1372]]
[[  78 1218]] , [[  78 1222]]
[[ 636 1328]] , [[ 636 1333]]
[[  66 1226]] , [[  66 1254]]
[[  66 1226]] , [[  66 1235]]
[[  75 1231]] , [[  74 1232]]
[[  78 1216]] , [[  78 1225]]
[[920 976]] , [[920 981]]
[[  37 1062]] , [[  38 1061]]
[[  57 1084]] , [[  58 1083]]
[[  10 1012]] , [[  10 1013]]
[[386 564]] , [[385 565]]
[[  66 1224]] , [[  66 1233]]
[[  72 1160]] , [[  72 1169]]
[[  49 1074]] , [[  50 1073]]
[[386 564]] , [[385 565]]
[[386 564]] , [[385 565]]
[[  73 1192]] , [[  73 1199]]
[[ 219 1293]] , [[ 219 1297]]
[[  49 1056]] , [[  50 1055]]
[[ 115 1202]] , [[ 114 1203]]
[[ 113 1202]] , [[ 113 1204]]
[[  72 1186]] , [[  72 1193]]
[[ 536 1368]] , [[ 536 1372]]
[[ 376 1424]] , [[ 376 1431]]
[[ 640 1476]] , [[ 640 1477]]
[[ 731 1469]] , [[ 731 1470]]
[[ 700 1552]] , [[ 700 1559]]
[[ 680 1548]] , [[ 680 1551]]
[[ 735 1468]] , [[ 734 1469]]
[[ 735 1468]] , [[ 734 1469]]
[[  66 1224]] , [[  66 1233]]
[[  72 1166]] , [[  72 1175]]
[[   0 1022]] , [[   0 1139]]
[[ 746 1370]] , [[ 746 1375]]
[[  68 1260]] , [[  68 1269]]
[[ 736 1468]] , [[ 736 1473]]
[[ 754 1468]] , [[ 754 1472]]
[[ 712 1544]] , [[ 712 1551]]
[[ 684 1552]] , [[ 684 1553]]
[[ 112 1250]] , [[ 112 1255]]
[[ 668 1298]] , [[ 668 1302]]
[[ 668 1298]] , [[ 668 1303]]
[[  80 1236]] , [[  80 1245]]
[[ 690 1378]] , [[ 690 1382]]
[[  82 1238]] , [[  82 1245]]
[[ 702 1368]] , [[ 702 1369]]
[[ 700 1368]] , [[ 700 1375]]
[[ 630 1478]] , [[ 630 1484]]
[[ 798 1428]] , [[ 798 1433]]
[[ 636 1476]] , [[ 636 1477]]
[[ 666 1297]] , [[ 665 1298]]
[[ 752 1468]] , [[ 752 1473]]
[[ 796 1429]] , [[ 796 1433]]
[[ 694 1472]] , [[ 694 1477]]
[[ 651 1296]] , [[ 651 1297]]
[[ 728 1470]] , [[ 727 1471]]
[[ 702 1424]] , [[ 702 1429]]
[[ 696 1472]] , [[ 696 1477]]
[[ 630 1302]] , [[ 630 1307]]
[[ 760 1474]] , [[ 760 1479]]
[[  75 1196]] , [[  75 1201]]
[[ 710 1552]] , [[ 710 1557]]
[[ 688 1430]] , [[ 688 1434]]
[[ 656 1368]] , [[ 656 1377]]
[[ 656 1368]] , [[ 656 1375]]
[[  92 1438]] , [[  92 1443]]
[[ 502 1340]] , [[ 502 1345]]
[[ 674 1368]] , [[ 674 1372]]
[[   0 1084]] , [[   0 1135]]
[[ 576 1325]] , [[ 575 1326]]
[[ 674 1368]] , [[ 674 1372]]
[[ 529 1473]] , [[ 529 1475]]
[[ 750 1468]] , [[ 750 1472]]
[[ 516 1482]] , [[ 516 1486]]
[[ 684 1368]] , [[ 684 1373]]
[[  70 1465]] , [[  70 1469]]
[[ 654 1334]] , [[ 654 1338]]
[[ 798 1338]] , [[ 798 1342]]
[[692 898]] , [[692 905]]
[[772 732]] , [[772 736]]
[[824 728]] , [[824 733]]
[[770 730]] , [[770 734]]
[[890 590]] , [[890 591]]
[[ 420 1000]] , [[ 420 1005]]
[[ 362 1011]] , [[ 362 1015]]
[[649 582]] , [[650 581]]
[[374 988]] , [[374 993]]
[[659 580]] , [[660 579]]
[[316 553]] , [[315 554]]
[[346 954]] , [[346 961]]
[[ 682 1376]] , [[ 682 1380]]
[[ 798 1352]] , [[ 798 1361]]
[[ 784 1350]] , [[ 784 1355]]
[[ 672 1368]] , [[ 672 1373]]
[[ 782 1372]] , [[ 782 1376]]
[[ 772 1370]] , [[ 772 1375]]
[[ 782 1368]] , [[ 782 1369]]
[[ 585 1337]] , [[ 585 1341]]
[[755 726]] , [[755 727]]
[[862 696]] , [[862 715]]
[[302 560]] , [[302 561]]
[[ 410 1010]] , [[ 410 1014]]
[[200 130]] , [[200 135]]
[[838 598]] , [[838 599]]
[[780 568]] , [[779 569]]
[[852 698]] , [[852 711]]
[[279 558]] , [[278 559]]
[[ 648 1262]] , [[ 648 1266]]
[[ 632 1274]] , [[ 632 1278]]
[[562 726]] , [[562 730]]
[[840 706]] , [[840 707]]
[[252 556]] , [[251 557]]
[[250 552]] , [[250 553]]
[[326 990]] , [[326 995]]
[[371 994]] , [[372 993]]
[[453 592]] , [[454 591]]
[[358 964]] , [[358 965]]
[[593 916]] , [[594 915]]
[[ 356 1006]] , [[ 356 1013]]
[[810 750]] , [[810 751]]
[[808 830]] , [[808 851]]
[[808 750]] , [[806 752]]
[[230 552]] , [[229 553]]
[[791 670]] , [[791 674]]
[[ 647 1326]] , [[ 647 1331]]
[[369 988]] , [[370 987]]
[[784 664]] , [[784 671]]
[[ 550 1318]] , [[ 550 1323]]
[[782 646]] , [[782 685]]
[[ 349 1084]] , [[ 350 1083]]
[[369 932]] , [[370 931]]
[[566 976]] , [[566 981]]
[[247 594]] , [[248 593]]
[[651 756]] , [[652 755]]
[[583 954]] , [[584 953]]
[[465 606]] , [[466 605]]
[[587 759]] , [[588 758]]
[[587 760]] , [[588 759]]
[[671 914]] , [[672 913]]
[[468 607]] , [[469 606]]
[[458 740]] , [[458 741]]
[[587 760]] , [[588 759]]
[[450 740]] , [[450 744]]
[[ 423 1204]] , [[ 424 1203]]
[[ 260 1174]] , [[ 260 1175]]
[[ 260 1174]] , [[ 258 1176]]
[[ 336 1174]] , [[ 336 1179]]
[[ 414 1176]] , [[ 414 1177]]
[[ 452 1176]] , [[ 452 1183]]
[[ 214 1180]] , [[ 214 1183]]
[[ 469 1174]] , [[ 468 1175]]
[[ 278 1169]] , [[ 277 1170]]
[[ 414 1156]] , [[ 414 1169]]
[[ 410 1084]] , [[ 410 1086]]
[[ 192 1024]] , [[ 192 1031]]
[[378 854]] , [[378 859]]
[[510 840]] , [[510 845]]
[[374 830]] , [[374 831]]
[[192 450]] , [[192 455]]
[[883 636]] , [[883 640]]
[[140 360]] , [[140 364]]
[[314 588]] , [[314 589]]
[[316 588]] , [[316 589]]
[[250 592]] , [[250 599]]
[[252 546]] , [[252 551]]
[[262 587]] , [[262 591]]
[[280 576]] , [[280 577]]
[[262 587]] , [[262 591]]
[[413 592]] , [[412 593]]
[[288 593]] , [[288 597]]
[[314 588]] , [[314 589]]
[[270 592]] , [[270 597]]
[[288 593]] , [[288 597]]
[[872 634]] , [[871 635]]
[[886 635]] , [[886 639]]
[[ 98 626]] , [[ 98 631]]
[[275 581]] , [[275 582]]
[[262 588]] , [[262 591]]
[[240 550]] , [[240 554]]
[[302 609]] , [[302 613]]
[[248 548]] , [[248 552]]
[[374 826]] , [[374 829]]
[[320 592]] , [[320 597]]
[[257 549]] , [[257 553]]
[[140 362]] , [[140 367]]
[[368 828]] , [[368 829]]
[[368 828]] , [[368 829]]
[[186 452]] , [[186 453]]
[[138 362]] , [[138 367]]
[[250 550]] , [[250 554]]
[[250 550]] , [[250 554]]
[[268 592]] , [[268 599]]
[[312 588]] , [[312 589]]
[[140 362]] , [[140 366]]
[[186 450]] , [[186 451]]
[[184 448]] , [[184 449]]
[[138 360]] , [[138 365]]
[[182 450]] , [[182 457]]
[[266 590]] , [[266 595]]
[[316 592]] , [[316 593]]
[[317 592]] , [[317 596]]
[[636 833]] , [[636 837]]
[[138 360]] , [[138 365]]
[[186 452]] , [[186 457]]
[[136 360]] , [[136 364]]
[[308 590]] , [[308 596]]
[[316 592]] , [[316 596]]
[[630 833]] , [[630 837]]
[[404 834]] , [[404 835]]
[[182 452]] , [[182 457]]
[[640 836]] , [[640 839]]
[[502 840]] , [[502 841]]
[[502 840]] , [[502 841]]
[[346 828]] , [[346 831]]
[[400 834]] , [[400 835]]
[[400 834]] , [[400 835]]
[[638 836]] , [[638 839]]
[[454 842]] , [[454 847]]
[[591 852]] , [[592 851]]
[[307 590]] , [[307 594]]
[[402 834]] , [[402 835]]
[[192 452]] , [[192 453]]
[[258 588]] , [[258 594]]
[[268 590]] , [[268 597]]
[[268 590]] , [[268 597]]
[[194 832]] , [[194 833]]
[[252 548]] , [[252 549]]
[[624 838]] , [[624 839]]
[[307 590]] , [[307 595]]
[[382 836]] , [[382 837]]
[[194 454]] , [[194 458]]
[[343 856]] , [[344 855]]
[[182 834]] , [[182 835]]
[[182 836]] , [[182 837]]
[[325 852]] , [[326 851]]
[[524 846]] , [[524 847]]
[[304 611]] , [[304 617]]
[[128 844]] , [[128 849]]
[[116 838]] , [[116 843]]
[[356 832]] , [[356 833]]
[[416 589]] , [[416 596]]
[[142 832]] , [[142 833]]
[[311 850]] , [[312 849]]
[[418 591]] , [[417 592]]
[[308 588]] , [[308 595]]
[[334 826]] , [[334 831]]
[[316 590]] , [[316 595]]
[[206 586]] , [[206 591]]
[[494 840]] , [[494 849]]
[[142 830]] , [[142 831]]
[[142 830]] , [[142 831]]
[[308 590]] , [[308 595]]
[[317 854]] , [[318 853]]
[[336 832]] , [[336 833]]
[[173 592]] , [[172 593]]
[[182 448]] , [[182 451]]
[[132 832]] , [[132 833]]
[[494 842]] , [[494 845]]
[[334 830]] , [[334 831]]
[[334 830]] , [[334 831]]
[[414 592]] , [[414 599]]
[[432 593]] , [[432 597]]
[[432 593]] , [[432 597]]
[[330 832]] , [[330 833]]
[[330 830]] , [[330 831]]
[[396 593]] , [[396 598]]
[[433 593]] , [[433 597]]
[[270 588]] , [[270 589]]
[[270 588]] , [[270 589]]
[[442 592]] , [[441 593]]
[[442 592]] , [[441 593]]
[[442 592]] , [[441 593]]
[[396 592]] , [[396 599]]
[[396 593]] , [[396 601]]
[[318 592]] , [[318 593]]
[[316 590]] , [[316 593]]
[[176 592]] , [[176 595]]
[[430 592]] , [[430 599]]
[[244 550]] , [[244 555]]
[[302 588]] , [[302 592]]
[[284 593]] , [[284 599]]
[[219 601]] , [[219 605]]
[[422 595]] , [[422 599]]
[[202 602]] , [[202 606]]
[[202 602]] , [[202 607]]
[[222 602]] , [[222 606]]
[[348 832]] , [[348 833]]
[[224 602]] , [[224 607]]
[[341 844]] , [[342 843]]
[[224 603]] , [[224 607]]
[[158 838]] , [[158 839]]
[[236 602]] , [[236 606]]
[[236 602]] , [[236 606]]
[[396 595]] , [[396 599]]
[[446 594]] , [[446 598]]
[[234 602]] , [[234 606]]
[[204 602]] , [[204 606]]
[[526 842]] , [[526 843]]
[[337 832]] , [[336 833]]
[[434 594]] , [[433 595]]
[[252 550]] , [[252 554]]
[[182 454]] , [[182 459]]
[[257 589]] , [[256 590]]
[[308 587]] , [[308 593]]
[[308 587]] , [[308 593]]
[[308 587]] , [[308 595]]
[[308 587]] , [[308 593]]
[[339 828]] , [[337 830]]
[[264 588]] , [[264 593]]
[[334 830]] , [[334 831]]
[[142 362]] , [[142 366]]
[[144 362]] , [[144 366]]
[[255 589]] , [[255 593]]
[[335 846]] , [[336 845]]
[[632 842]] , [[632 845]]
[[630 835]] , [[630 839]]
[[310 588]] , [[310 591]]
[[530 844]] , [[530 849]]
[[636 835]] , [[636 839]]
[[552 844]] , [[552 849]]
[[410 834]] , [[410 839]]
[[552 844]] , [[552 849]]
[[358 830]] , [[358 831]]
[[139 364]] , [[139 368]]
[[139 364]] , [[139 368]]
[[308 592]] , [[308 597]]
[[386 832]] , [[386 835]]
[[308 592]] , [[308 597]]
[[384 830]] , [[384 835]]
[[412 836]] , [[412 845]]
[[386 830]] , [[386 833]]
[[388 830]] , [[388 833]]
[[648 836]] , [[648 841]]
[[248 552]] , [[248 556]]
[[358 832]] , [[357 833]]
[[248 552]] , [[248 557]]
[[420 834]] , [[420 835]]
[[416 834]] , [[416 845]]
[[196 846]] , [[196 851]]
[[654 858]] , [[655 857]]
[[660 838]] , [[660 845]]
[[656 837]] , [[656 841]]
[[432 836]] , [[432 837]]
[[660 837]] , [[660 841]]
[[222 836]] , [[222 839]]
[[648 835]] , [[648 839]]
[[434 834]] , [[434 845]]
[[188 456]] , [[188 461]]
[[258 834]] , [[258 835]]
[[260 834]] , [[260 835]]
[[270 553]] , [[270 557]]
[[438 834]] , [[438 835]]
[[642 834]] , [[642 839]]
[[270 553]] , [[270 557]]
[[270 553]] , [[270 557]]
[[655 844]] , [[656 843]]
[[248 552]] , [[248 557]]
[[198 456]] , [[198 460]]
[[184 458]] , [[184 463]]
[[185 458]] , [[184 459]]
[[448 834]] , [[448 839]]
[[579 852]] , [[580 851]]
[[647 840]] , [[648 839]]
[[272 834]] , [[272 835]]
[[196 454]] , [[196 455]]
[[432 596]] , [[431 597]]
[[262 590]] , [[262 595]]
[[433 596]] , [[432 597]]
[[188 456]] , [[188 461]]
[[184 456]] , [[184 461]]
[[189 458]] , [[188 459]]
[[390 600]] , [[390 608]]
[[264 598]] , [[264 599]]
[[404 602]] , [[404 606]]
[[421 602]] , [[420 603]]
[[392 602]] , [[392 606]]
[[460 844]] , [[460 845]]
[[260 838]] , [[260 839]]
[[393 602]] , [[393 606]]
[[396 600]] , [[396 604]]
[[190 458]] , [[190 463]]
[[190 456]] , [[190 461]]
[[398 833]] , [[397 834]]
[[310 580]] , [[310 585]]
[[302 578]] , [[302 583]]
[[391 840]] , [[392 839]]
[[481 834]] , [[482 833]]
[[479 840]] , [[480 839]]
[[390 574]] , [[390 583]]
[[562 832]] , [[562 837]]
[[300 572]] , [[300 579]]
[[332 593]] , [[332 597]]
[[392 578]] , [[392 579]]
[[184 446]] , [[183 447]]
[[406 578]] , [[406 579]]
[[406 578]] , [[406 579]]
[[428 594]] , [[428 598]]
[[398 832]] , [[398 843]]
[[288 586]] , [[288 591]]
[[150 832]] , [[150 845]]
[[341 838]] , [[342 837]]
[[337 840]] , [[338 839]]
[[256 580]] , [[255 581]]
[[312 579]] , [[312 583]]
[[256 580]] , [[255 581]]
[[256 580]] , [[255 581]]
[[390 578]] , [[389 579]]
[[420 846]] , [[421 845]]
[[431 572]] , [[429 574]]
[[431 572]] , [[430 573]]
[[289 568]] , [[288 569]]
[[302 578]] , [[302 595]]
[[346 591]] , [[346 595]]
[[278 570]] , [[278 575]]
[[430 574]] , [[430 579]]
[[188 446]] , [[188 451]]
[[250 590]] , [[251 589]]
[[390 593]] , [[390 597]]
[[188 446]] , [[188 450]]
[[290 576]] , [[290 577]]
[[206 591]] , [[206 596]]
[[429 574]] , [[428 575]]
[[335 591]] , [[335 595]]
[[206 590]] , [[206 594]]
[[156 582]] , [[156 583]]
[[256 580]] , [[256 583]]
[[654 593]] , [[654 597]]
[[188 593]] , [[188 598]]
[[167 584]] , [[167 588]]
[[906 592]] , [[906 596]]
[[184 582]] , [[184 583]]
[[354 594]] , [[354 599]]
[[256 580]] , [[256 582]]
[[216 581]] , [[216 585]]
[[204 595]] , [[204 599]]
[[201 842]] , [[202 841]]
[[ 54 830]] , [[ 54 831]]
[[142 586]] , [[142 590]]
[[290 580]] , [[290 581]]
[[172 580]] , [[172 581]]
[[204 598]] , [[204 602]]
[[875 596]] , [[875 600]]
[[140 587]] , [[140 591]]
[[140 587]] , [[140 591]]
[[206 599]] , [[206 603]]
[[158 599]] , [[158 603]]
[[440 597]] , [[440 601]]
[[206 598]] , [[206 602]]
[[872 621]] , [[872 625]]
[[ 32 829]] , [[ 31 830]]
[[369 593]] , [[368 594]]
[[866 630]] , [[866 635]]
[[654 840]] , [[654 841]]
[[462 593]] , [[462 597]]
[[358 593]] , [[358 597]]
[[170 584]] , [[170 585]]
[[170 584]] , [[170 585]]
[[838 594]] , [[838 600]]
[[190 596]] , [[190 600]]
[[836 594]] , [[836 599]]
[[188 598]] , [[188 602]]
[[456 596]] , [[456 600]]
[[140 599]] , [[140 603]]
[[448 596]] , [[448 600]]
[[448 596]] , [[448 600]]
[[150 599]] , [[150 603]]
[[340 597]] , [[340 601]]
[[150 599]] , [[150 603]]
[[160 597]] , [[160 601]]
[[862 629]] , [[862 633]]
[[216 595]] , [[216 599]]
[[344 594]] , [[344 599]]
[[862 594]] , [[862 600]]
[[883 608]] , [[883 609]]
[[848 596]] , [[848 601]]
[[414 586]] , [[414 587]]
[[220 600]] , [[220 604]]
[[254 596]] , [[253 597]]
[[884 620]] , [[884 625]]
[[229 609]] , [[229 613]]
[[ 32 844]] , [[ 32 845]]
[[862 614]] , [[862 623]]
[[892 636]] , [[892 641]]
[[158 598]] , [[158 605]]
[[257 605]] , [[258 604]]
[[366 605]] , [[366 609]]
[[446 602]] , [[446 607]]
[[230 602]] , [[230 606]]
[[881 597]] , [[880 598]]
[[286 592]] , [[286 595]]
[[204 604]] , [[204 608]]
[[366 602]] , [[366 607]]
[[156 605]] , [[156 609]]
[[238 602]] , [[238 606]]
[[190 592]] , [[190 596]]
[[238 602]] , [[238 606]]
[[918 608]] , [[918 615]]
[[ 90 838]] , [[ 90 839]]
[[922 608]] , [[922 613]]
[[208 588]] , [[208 592]]
[[244 602]] , [[244 606]]
[[260 588]] , [[259 589]]
[[370 601]] , [[370 605]]
[[178 592]] , [[178 593]]
[[251 602]] , [[251 606]]
[[450 601]] , [[450 605]]
[[432 588]] , [[432 595]]
[[186 454]] , [[186 459]]
[[192 606]] , [[192 610]]
[[126 846]] , [[126 851]]
[[337 850]] , [[338 849]]
[[339 850]] , [[340 849]]
[[394 602]] , [[394 607]]
[[282 594]] , [[282 595]]
[[370 603]] , [[370 607]]
[[370 603]] , [[370 607]]
[[350 834]] , [[350 835]]
[[382 603]] , [[382 607]]
[[246 596]] , [[246 600]]
[[246 596]] , [[246 600]]
[[196 605]] , [[196 609]]
[[226 605]] , [[226 609]]
[[264 592]] , [[264 595]]
[[272 596]] , [[272 601]]
[[410 584]] , [[410 585]]
[[412 584]] , [[412 589]]
[[198 458]] , [[198 462]]
[[304 594]] , [[304 599]]
[[284 579]] , [[284 583]]
[[198 454]] , [[198 458]]
[[256 552]] , [[256 556]]
[[286 582]] , [[286 586]]
[[666 842]] , [[666 843]]
[[ 801 1364]] , [[ 802 1363]]
[[300 588]] , [[300 593]]
[[300 588]] , [[300 593]]
[[301 588]] , [[301 592]]
[[279 582]] , [[279 587]]
[[242 546]] , [[242 551]]
[[360 832]] , [[360 833]]
[[272 596]] , [[272 601]]
[[666 840]] , [[666 841]]
[[666 838]] , [[666 841]]
[[360 832]] , [[360 835]]
[[662 837]] , [[662 839]]
[[420 836]] , [[420 849]]
[[358 832]] , [[358 833]]
[[358 834]] , [[358 835]]
[[420 834]] , [[420 849]]
[[644 834]] , [[644 835]]
[[644 834]] , [[644 835]]
[[262 591]] , [[262 595]]
[[182 454]] , [[182 459]]
[[315 594]] , [[315 599]]
[[226 834]] , [[226 835]]
[[366 834]] , [[366 835]]
[[315 594]] , [[315 599]]
[[652 835]] , [[652 839]]
[[432 834]] , [[432 835]]
[[278 584]] , [[278 585]]
[[247 549]] , [[246 550]]
[[218 496]] , [[218 500]]
[[352 838]] , [[352 843]]
[[248 549]] , [[247 550]]
[[223 492]] , [[223 496]]
[[186 450]] , [[186 457]]
[[248 541]] , [[248 545]]
[[248 540]] , [[248 549]]
[[248 540]] , [[248 549]]
[[370 832]] , [[370 833]]
[[436 836]] , [[436 843]]
[[426 838]] , [[426 843]]
[[582 848]] , [[582 853]]
[[558 850]] , [[558 855]]
[[312 598]] , [[312 605]]
[[398 838]] , [[398 839]]
[[510 846]] , [[510 853]]
[[446 846]] , [[446 847]]
[[588 856]] , [[588 860]]
[[624 842]] , [[624 843]]
[[578 854]] , [[578 855]]
[[322 850]] , [[322 859]]
[[332 834]] , [[332 839]]
[[584 848]] , [[584 849]]
[[552 858]] , [[552 863]]
[[321 938]] , [[322 937]]
[[496 850]] , [[496 863]]
[[206 854]] , [[206 861]]
[[504 858]] , [[504 863]]
[[694 846]] , [[694 847]]
[[290 834]] , [[290 835]]
[[522 840]] , [[522 843]]
[[384 836]] , [[384 841]]
[[240 832]] , [[240 845]]
[[632 836]] , [[632 841]]
[[286 834]] , [[286 837]]
[[286 834]] , [[286 837]]
[[638 837]] , [[638 841]]
[[430 838]] , [[430 845]]
[[878 590]] , [[878 594]]
[[ 58 828]] , [[ 58 835]]
[[278 832]] , [[278 833]]
[[430 838]] , [[430 851]]
[[892 608]] , [[892 614]]
[[274 832]] , [[274 833]]
[[234 838]] , [[234 843]]
[[512 838]] , [[512 839]]
[[510 840]] , [[510 843]]
[[510 840]] , [[510 843]]
[[200 840]] , [[200 841]]
[[416 840]] , [[416 841]]
[[416 840]] , [[416 841]]
[[228 838]] , [[228 843]]
[[230 838]] , [[230 843]]
[[671 840]] , [[669 842]]
[[671 840]] , [[670 841]]
[[234 834]] , [[234 839]]
[[ 48 842]] , [[ 48 869]]
[[292 834]] , [[292 841]]
[[446 840]] , [[446 845]]
[[464 840]] , [[464 841]]
[[448 838]] , [[448 839]]
[[180 848]] , [[180 853]]
[[710 838]] , [[710 839]]
[[272 834]] , [[272 835]]
[[728 834]] , [[727 835]]
[[204 836]] , [[204 839]]
[[430 836]] , [[430 841]]
[[120 828]] , [[120 833]]
[[112 840]] , [[112 863]]
[[750 834]] , [[749 835]]
[[758 834]] , [[758 835]]
[[596 846]] , [[596 851]]
[[548 846]] , [[548 851]]
[[150 840]] , [[150 847]]
[[522 838]] , [[522 843]]
[[390 830]] , [[390 831]]
[[291 574]] , [[291 578]]
[[278 586]] , [[278 587]]
[[409 594]] , [[409 598]]
[[406 595]] , [[406 599]]
[[200 844]] , [[200 845]]
[[654 836]] , [[654 841]]
[[592 842]] , [[592 843]]
[[404 595]] , [[404 599]]
[[654 827]] , [[654 831]]
[[290 568]] , [[290 572]]
[[402 586]] , [[402 591]]
[[192 446]] , [[192 451]]
[[280 580]] , [[280 589]]
[[256 542]] , [[256 543]]
[[256 542]] , [[256 545]]
[[188 452]] , [[188 456]]
[[242 504]] , [[242 509]]
[[206 450]] , [[206 451]]
[[634 854]] , [[634 863]]
[[ 268 1000]] , [[ 268 1001]]
[[ 447 1160]] , [[ 448 1159]]
[[ 431 1112]] , [[ 431 1117]]
[[ 636 1074]] , [[ 636 1079]]
[[ 401 1006]] , [[ 401 1015]]
[[ 334 1004]] , [[ 334 1009]]
[[ 402 1008]] , [[ 402 1010]]
[[ 402 1008]] , [[ 402 1017]]
[[ 635 1246]] , [[ 636 1245]]
[[ 352 1002]] , [[ 352 1003]]
[[ 635 1248]] , [[ 636 1247]]
[[ 636 1078]] , [[ 636 1085]]
[[ 432 1122]] , [[ 432 1126]]
