[[392 740]] , [[393 739]]
[[ 56 302]] , [[ 56 309]]
[[ 36 486]] , [[ 35 487]]
[[ 33 486]] , [[ 31 488]]
[[ 651 1008]] , [[ 651 1012]]
[[ 651 1008]] , [[ 651 1012]]
[[310 566]] , [[310 567]]
[[446 966]] , [[446 977]]
[[846 624]] , [[846 639]]
[[437 996]] , [[438 995]]
[[561 738]] , [[561 743]]
[[561 738]] , [[561 743]]
[[446 964]] , [[446 973]]
[[846 624]] , [[846 639]]
[[852 690]] , [[852 707]]
[[ 25 488]] , [[ 24 489]]
[[308 566]] , [[308 569]]
[[433 996]] , [[434 995]]
[[323 910]] , [[324 909]]
[[596 922]] , [[597 921]]
[[ 26 488]] , [[ 26 489]]
[[ 24 489]] , [[ 23 490]]
[[ 22 488]] , [[ 22 489]]
[[593 922]] , [[594 921]]
[[383 741]] , [[384 740]]
[[384 736]] , [[384 740]]
[[384 736]] , [[384 740]]
[[290 710]] , [[289 711]]
[[300 570]] , [[300 571]]
[[829 695]] , [[829 703]]
[[302 570]] , [[302 571]]
[[438 637]] , [[438 641]]
[[826 724]] , [[826 725]]
[[629 936]] , [[630 935]]
[[629 948]] , [[630 947]]
[[461 608]] , [[462 607]]
[[304 730]] , [[304 734]]
[[338 734]] , [[338 739]]
[[291 588]] , [[292 587]]
[[617 936]] , [[618 935]]
[[459 608]] , [[460 607]]
[[264 566]] , [[264 567]]
[[479 924]] , [[480 923]]
[[616 960]] , [[617 959]]
[[407 984]] , [[408 983]]
[[   2 1086]] , [[   2 1093]]
[[   3 1041]] , [[   3 1045]]
[[   4 1062]] , [[   4 1071]]
[[266 565]] , [[265 566]]
[[611 932]] , [[612 931]]
[[281 588]] , [[282 587]]
[[451 610]] , [[452 609]]
[[459 608]] , [[460 607]]
[[506 740]] , [[506 745]]
[[352 735]] , [[352 739]]
[[459 608]] , [[460 607]]
[[505 741]] , [[505 745]]
[[313 906]] , [[313 910]]
[[318 908]] , [[318 912]]
[[350 735]] , [[350 739]]
[[313 906]] , [[313 910]]
[[271 594]] , [[272 593]]
[[458 609]] , [[471 609]]
[[271 594]] , [[272 593]]
[[649 756]] , [[650 755]]
[[504 740]] , [[504 746]]
[[277 594]] , [[278 593]]
[[ 365 1011]] , [[ 365 1017]]
[[273 594]] , [[274 593]]
[[ 372 1016]] , [[ 372 1021]]
[[304 730]] , [[304 735]]
[[463 608]] , [[464 607]]
[[938 188]] , [[938 193]]
[[308 726]] , [[308 733]]
[[826 650]] , [[826 657]]
[[322 729]] , [[322 734]]
[[402 738]] , [[402 742]]
[[827 612]] , [[827 613]]
[[423 978]] , [[424 977]]
[[388 734]] , [[388 738]]
[[ 657 1044]] , [[ 658 1043]]
[[312 568]] , [[311 569]]
[[423 982]] , [[424 981]]
[[296 710]] , [[296 711]]
[[439 996]] , [[440 995]]
[[651 700]] , [[651 701]]
[[302 568]] , [[302 569]]
[[   8 1038]] , [[   8 1045]]
[[654 700]] , [[654 701]]
[[645 974]] , [[644 975]]
[[474 989]] , [[475 988]]
[[854 676]] , [[854 684]]
[[480 985]] , [[481 984]]
[[ 15 444]] , [[ 15 448]]
[[572 742]] , [[572 747]]
[[329 916]] , [[330 915]]
[[ 15 444]] , [[ 15 448]]
[[ 24 448]] , [[ 24 453]]
[[ 15 444]] , [[ 15 448]]
[[ 15 444]] , [[ 15 448]]
[[645 606]] , [[646 605]]
[[   8 1036]] , [[   8 1037]]
[[695 760]] , [[696 759]]
[[  10 1036]] , [[  10 1038]]
[[  31 1037]] , [[  30 1038]]
[[  64 1200]] , [[  64 1205]]
[[  88 1048]] , [[  88 1055]]
[[  29 1076]] , [[  30 1075]]
[[  33 1114]] , [[  34 1113]]
[[  14 1088]] , [[  14 1097]]
[[362 564]] , [[361 565]]
[[ 104 1058]] , [[ 104 1073]]
[[  68 1264]] , [[  68 1269]]
[[ 519 1333]] , [[ 518 1334]]
[[  34 1078]] , [[  34 1079]]
[[  70 1166]] , [[  70 1169]]
[[  66 1206]] , [[  66 1213]]
[[  75 1223]] , [[  75 1227]]
[[  49 1106]] , [[  50 1105]]
[[   0 1024]] , [[   0 1065]]
[[   0 1024]] , [[   0 1041]]
[[  77 1216]] , [[  77 1221]]
[[  71 1164]] , [[  70 1165]]
[[  72 1246]] , [[  72 1247]]
[[ 529 1476]] , [[ 528 1477]]
[[ 754 1482]] , [[ 754 1487]]
[[  68 1264]] , [[  68 1269]]
[[  72 1194]] , [[  72 1198]]
[[  66 1198]] , [[  66 1205]]
[[  42 1086]] , [[  42 1097]]
[[  74 1230]] , [[  74 1234]]
[[  77 1216]] , [[  77 1222]]
[[ 684 1328]] , [[ 684 1334]]
[[ 684 1328]] , [[ 684 1334]]
[[  77 1236]] , [[  78 1235]]
[[ 672 1306]] , [[ 672 1310]]
[[  74 1200]] , [[  74 1204]]
[[  66 1196]] , [[  66 1205]]
[[   0 1006]] , [[   0 1045]]
[[  66 1228]] , [[  66 1233]]
[[  66 1186]] , [[  66 1193]]
[[  68 1250]] , [[  68 1257]]
[[  74 1200]] , [[  74 1205]]
[[ 670 1422]] , [[ 670 1427]]
[[  68 1250]] , [[  68 1257]]
[[ 650 1370]] , [[ 650 1374]]
[[ 116 1040]] , [[ 116 1047]]
[[  75 1200]] , [[  75 1206]]
[[  66 1194]] , [[  66 1207]]
[[  68 1250]] , [[  68 1257]]
[[ 680 1298]] , [[ 680 1302]]
[[ 661 1340]] , [[ 661 1344]]
[[ 357 1342]] , [[ 357 1346]]
[[ 768 1366]] , [[ 768 1375]]
[[ 682 1298]] , [[ 682 1303]]
[[ 682 1298]] , [[ 682 1303]]
[[  78 1224]] , [[  78 1227]]
[[ 668 1420]] , [[ 668 1425]]
[[ 376 1422]] , [[ 376 1423]]
[[  74 1230]] , [[  74 1231]]
[[   0 1022]] , [[   0 1039]]
[[  44 1039]] , [[  44 1043]]
[[  64 1038]] , [[  63 1039]]
[[  71 1172]] , [[  71 1183]]
[[  64 1143]] , [[  64 1159]]
[[  71 1172]] , [[  71 1181]]
[[  68 1038]] , [[  67 1039]]
[[  64 1142]] , [[  64 1161]]
[[  64 1038]] , [[  63 1039]]
[[424 736]] , [[424 737]]
[[  30 1039]] , [[  30 1043]]
[[  30 1039]] , [[  30 1043]]
[[ 76 304]] , [[ 76 308]]
[[ 23 478]] , [[ 23 479]]
[[320  27]] , [[320  31]]
[[345 132]] , [[345 136]]
[[852 672]] , [[852 673]]
[[338 728]] , [[338 729]]
[[304 568]] , [[304 569]]
[[417 996]] , [[418 995]]
[[579 922]] , [[580 921]]
[[465 606]] , [[466 605]]
[[122 130]] , [[122 134]]
[[207 592]] , [[208 591]]
[[232 256]] , [[232 257]]
[[402 740]] , [[402 741]]
[[66 20]] , [[66 25]]
[[ 331 1016]] , [[ 331 1023]]
[[329 736]] , [[329 740]]
[[249 594]] , [[250 593]]
[[251 592]] , [[252 591]]
[[259 592]] , [[260 591]]
[[443 740]] , [[442 741]]
[[265 592]] , [[266 591]]
[[249 702]] , [[250 701]]
[[613 760]] , [[614 759]]
[[498 744]] , [[498 751]]
[[486 922]] , [[487 921]]
[[485 922]] , [[486 921]]
[[461 606]] , [[462 605]]
[[  20 1064]] , [[  20 1069]]
[[291 586]] , [[292 585]]
[[324 728]] , [[323 729]]
[[282 568]] , [[282 571]]
[[  28 1054]] , [[  28 1064]]
[[298 678]] , [[298 685]]
[[300 686]] , [[300 687]]
[[302 712]] , [[302 715]]
[[516 744]] , [[516 749]]
[[656 700]] , [[656 701]]
[[  64 1031]] , [[  64 1032]]
[[566 739]] , [[565 740]]
[[ 465 1010]] , [[ 466 1009]]
[[328 564]] , [[327 565]]
[[ 30 476]] , [[ 28 478]]
[[319 770]] , [[320 769]]
[[550 740]] , [[550 747]]
[[651 608]] , [[652 607]]
[[330 564]] , [[330 565]]
[[ 61 479]] , [[ 61 487]]
[[ 62 492]] , [[ 62 497]]
[[558 740]] , [[558 745]]
[[449 926]] , [[450 925]]
[[661 920]] , [[662 919]]
[[695 758]] , [[696 757]]
[[695 760]] , [[696 759]]
[[ 16 490]] , [[ 16 494]]
[[ 20 490]] , [[ 20 494]]
[[ 69 519]] , [[ 69 523]]
[[371 598]] , [[372 597]]
[[647 608]] , [[648 607]]
[[590 741]] , [[590 745]]
[[ 74 474]] , [[ 73 475]]
[[616 740]] , [[616 745]]
[[641 748]] , [[641 752]]
[[586 748]] , [[586 752]]
[[592 746]] , [[592 751]]
[[471 920]] , [[472 919]]
[[628 740]] , [[628 745]]
[[649 607]] , [[650 606]]
[[610 748]] , [[610 752]]
[[ 38 531]] , [[ 38 535]]
[[677 915]] , [[678 914]]
[[537 658]] , [[538 657]]
[[384 564]] , [[383 565]]
[[602 740]] , [[602 745]]
[[  49 1074]] , [[  50 1073]]
[[912 954]] , [[912 958]]
[[  66 1185]] , [[  66 1213]]
[[  25 1092]] , [[  26 1091]]
[[  66 1181]] , [[  66 1185]]
[[   0 1012]] , [[   0 1057]]
[[  72 1168]] , [[  72 1173]]
[[  66 1188]] , [[  66 1215]]
[[   4 1012]] , [[   4 1013]]
[[384 564]] , [[384 565]]
[[920 983]] , [[920 987]]
[[384 564]] , [[384 565]]
[[914 620]] , [[914 621]]
[[675 916]] , [[676 915]]
[[ 340 1018]] , [[ 339 1019]]
[[  25 1036]] , [[  26 1035]]
[[ 937 1052]] , [[ 938 1051]]
[[473 918]] , [[474 917]]
[[687 915]] , [[688 914]]
[[384 564]] , [[384 565]]
[[ 115 1202]] , [[ 114 1203]]
[[926 986]] , [[927 985]]
[[384 564]] , [[384 565]]
[[   0 1016]] , [[   0 1065]]
[[384 564]] , [[384 565]]
[[  77 1216]] , [[  77 1217]]
[[ 636 1328]] , [[ 636 1334]]
[[ 662 1404]] , [[ 662 1409]]
[[ 537 1368]] , [[ 537 1372]]
[[ 730 1470]] , [[ 730 1475]]
[[ 640 1476]] , [[ 640 1477]]
[[ 636 1328]] , [[ 636 1334]]
[[  72 1276]] , [[  72 1285]]
[[  72 1166]] , [[  72 1175]]
[[339 914]] , [[339 918]]
[[380 558]] , [[380 559]]
[[  66 1184]] , [[  66 1207]]
[[  73 1186]] , [[  73 1193]]
[[  68 1260]] , [[  68 1269]]
[[  67 1248]] , [[  67 1253]]
[[ 464 1484]] , [[ 464 1485]]
[[ 340 1500]] , [[ 340 1505]]
[[  74 1184]] , [[  74 1198]]
[[  79 1216]] , [[  79 1229]]
[[  80 1216]] , [[  80 1217]]
[[  68 1132]] , [[  68 1140]]
[[ 664 1297]] , [[ 663 1298]]
[[  75 1194]] , [[  75 1202]]
[[  81 1236]] , [[  81 1240]]
[[  66 1234]] , [[  66 1239]]
[[ 764 1468]] , [[ 764 1473]]
[[  70 1258]] , [[  70 1261]]
[[ 750 1468]] , [[ 750 1473]]
[[  79 1216]] , [[  79 1229]]
[[ 736 1424]] , [[ 736 1435]]
[[ 684 1368]] , [[ 683 1369]]
[[ 796 1429]] , [[ 796 1433]]
[[  66 1233]] , [[  66 1239]]
[[ 628 1298]] , [[ 628 1303]]
[[  65 1238]] , [[  65 1247]]
[[ 514 1309]] , [[ 514 1313]]
[[  81 1242]] , [[  80 1243]]
[[ 674 1368]] , [[ 674 1372]]
[[  71 1152]] , [[  71 1183]]
[[ 522 1482]] , [[ 522 1487]]
[[ 640 1328]] , [[ 640 1335]]
[[ 638 1306]] , [[ 638 1307]]
[[ 464 1322]] , [[ 463 1323]]
[[ 674 1368]] , [[ 674 1372]]
[[ 515 1329]] , [[ 514 1330]]
[[ 508 1332]] , [[ 508 1333]]
[[914 601]] , [[913 602]]
[[ 665 1329]] , [[ 666 1328]]
[[ 578 1326]] , [[ 577 1327]]
[[ 396 1427]] , [[ 396 1431]]
[[ 674 1368]] , [[ 674 1372]]
[[ 734 1469]] , [[ 734 1473]]
[[ 652 1332]] , [[ 651 1333]]
[[ 390 1355]] , [[ 390 1359]]
[[794 730]] , [[794 731]]
[[ 422 1094]] , [[ 422 1099]]
[[344 540]] , [[344 541]]
[[342 542]] , [[342 543]]
[[471 908]] , [[472 907]]
[[ 751 1062]] , [[ 752 1061]]
[[348 566]] , [[349 565]]
[[  0 458]] , [[  0 467]]
[[455 717]] , [[454 718]]
[[370 948]] , [[370 963]]
[[323 574]] , [[324 573]]
[[798 720]] , [[798 721]]
[[   0 1042]] , [[   0 1046]]
[[744 721]] , [[743 722]]
[[ 384 1104]] , [[ 384 1109]]
[[ 384 1104]] , [[ 384 1109]]
[[ 574 1370]] , [[ 574 1371]]
[[ 632 1322]] , [[ 632 1329]]
[[ 300 1340]] , [[ 300 1345]]
[[729 725]] , [[728 726]]
[[471 586]] , [[472 585]]
[[768 568]] , [[767 569]]
[[ 406 1004]] , [[ 405 1005]]
[[356 962]] , [[357 961]]
[[869 896]] , [[870 895]]
[[869 896]] , [[870 895]]
[[647 912]] , [[648 911]]
[[ 401 1008]] , [[ 400 1009]]
[[645 910]] , [[646 909]]
[[264 555]] , [[264 559]]
[[281 574]] , [[282 573]]
[[281 574]] , [[282 573]]
[[279 576]] , [[280 575]]
[[353 978]] , [[354 977]]
[[350 964]] , [[350 970]]
[[190  27]] , [[190  31]]
[[380 722]] , [[380 731]]
[[324 722]] , [[322 724]]
[[232 553]] , [[231 554]]
[[636 734]] , [[636 735]]
[[230 552]] , [[229 553]]
[[457 594]] , [[458 593]]
[[241 582]] , [[242 581]]
[[802 754]] , [[801 755]]
[[526 736]] , [[526 739]]
[[463 598]] , [[464 597]]
[[785 676]] , [[785 679]]
[[358 931]] , [[359 930]]
[[466 599]] , [[467 598]]
[[243 588]] , [[244 587]]
[[465 606]] , [[466 605]]
[[208 267]] , [[208 271]]
[[467 606]] , [[468 605]]
[[128 136]] , [[128 140]]
[[458 740]] , [[458 741]]
[[468 607]] , [[469 606]]
[[449 740]] , [[449 744]]
[[392 740]] , [[393 739]]
[[ 56 302]] , [[ 56 309]]
[[ 36 486]] , [[ 35 487]]
[[ 33 486]] , [[ 31 488]]
[[ 651 1008]] , [[ 651 1012]]
[[ 651 1008]] , [[ 651 1012]]
[[310 566]] , [[310 567]]
[[446 966]] , [[446 977]]
[[846 624]] , [[846 639]]
[[437 996]] , [[438 995]]
[[561 738]] , [[561 743]]
[[561 738]] , [[561 743]]
[[446 964]] , [[446 973]]
[[846 624]] , [[846 639]]
[[852 690]] , [[852 707]]
[[ 25 488]] , [[ 24 489]]
[[308 566]] , [[308 569]]
[[433 996]] , [[434 995]]
[[323 910]] , [[324 909]]
[[596 922]] , [[597 921]]
[[ 26 488]] , [[ 26 489]]
[[ 24 489]] , [[ 23 490]]
[[ 22 488]] , [[ 22 489]]
[[593 922]] , [[594 921]]
[[383 741]] , [[384 740]]
[[384 736]] , [[384 740]]
[[384 736]] , [[384 740]]
[[290 710]] , [[289 711]]
[[300 570]] , [[300 571]]
[[829 695]] , [[829 703]]
[[302 570]] , [[302 571]]
[[438 637]] , [[438 641]]
[[826 724]] , [[826 725]]
[[629 936]] , [[630 935]]
[[629 948]] , [[630 947]]
[[461 608]] , [[462 607]]
[[304 730]] , [[304 734]]
[[338 734]] , [[338 739]]
[[291 588]] , [[292 587]]
[[617 936]] , [[618 935]]
[[459 608]] , [[460 607]]
[[264 566]] , [[264 567]]
[[479 924]] , [[480 923]]
[[616 960]] , [[617 959]]
[[407 984]] , [[408 983]]
[[   2 1086]] , [[   2 1093]]
[[   3 1041]] , [[   3 1045]]
[[   4 1062]] , [[   4 1071]]
[[266 565]] , [[265 566]]
[[611 932]] , [[612 931]]
[[281 588]] , [[282 587]]
[[451 610]] , [[452 609]]
[[459 608]] , [[460 607]]
[[506 740]] , [[506 745]]
[[352 735]] , [[352 739]]
[[459 608]] , [[460 607]]
[[505 741]] , [[505 745]]
[[313 906]] , [[313 910]]
[[318 908]] , [[318 912]]
[[350 735]] , [[350 739]]
[[313 906]] , [[313 910]]
[[271 594]] , [[272 593]]
[[458 609]] , [[471 609]]
[[271 594]] , [[272 593]]
[[649 756]] , [[650 755]]
[[504 740]] , [[504 746]]
[[277 594]] , [[278 593]]
[[ 365 1011]] , [[ 365 1017]]
[[273 594]] , [[274 593]]
[[ 372 1016]] , [[ 372 1021]]
[[304 730]] , [[304 735]]
[[463 608]] , [[464 607]]
[[938 188]] , [[938 193]]
[[308 726]] , [[308 733]]
[[826 650]] , [[826 657]]
[[322 729]] , [[322 734]]
[[402 738]] , [[402 742]]
[[827 612]] , [[827 613]]
[[423 978]] , [[424 977]]
[[388 734]] , [[388 738]]
[[ 657 1044]] , [[ 658 1043]]
[[312 568]] , [[311 569]]
[[423 982]] , [[424 981]]
[[296 710]] , [[296 711]]
[[439 996]] , [[440 995]]
[[651 700]] , [[651 701]]
[[302 568]] , [[302 569]]
[[   8 1038]] , [[   8 1045]]
[[654 700]] , [[654 701]]
[[645 974]] , [[644 975]]
[[474 989]] , [[475 988]]
[[854 676]] , [[854 684]]
[[480 985]] , [[481 984]]
[[ 15 444]] , [[ 15 448]]
[[572 742]] , [[572 747]]
[[329 916]] , [[330 915]]
[[ 15 444]] , [[ 15 448]]
[[ 24 448]] , [[ 24 453]]
[[ 15 444]] , [[ 15 448]]
[[ 15 444]] , [[ 15 448]]
[[645 606]] , [[646 605]]
[[   8 1036]] , [[   8 1037]]
[[695 760]] , [[696 759]]
[[  10 1036]] , [[  10 1038]]
[[  31 1037]] , [[  30 1038]]
[[  64 1200]] , [[  64 1205]]
[[  88 1048]] , [[  88 1055]]
[[  29 1076]] , [[  30 1075]]
[[  33 1114]] , [[  34 1113]]
[[  14 1088]] , [[  14 1097]]
[[362 564]] , [[361 565]]
[[ 104 1058]] , [[ 104 1073]]
[[  68 1264]] , [[  68 1269]]
[[ 519 1333]] , [[ 518 1334]]
[[  34 1078]] , [[  34 1079]]
[[  70 1166]] , [[  70 1169]]
[[  66 1206]] , [[  66 1213]]
[[  75 1223]] , [[  75 1227]]
[[  49 1106]] , [[  50 1105]]
[[   0 1024]] , [[   0 1065]]
[[   0 1024]] , [[   0 1041]]
[[  77 1216]] , [[  77 1221]]
[[  71 1164]] , [[  70 1165]]
[[  72 1246]] , [[  72 1247]]
[[ 529 1476]] , [[ 528 1477]]
[[ 754 1482]] , [[ 754 1487]]
[[  68 1264]] , [[  68 1269]]
[[  72 1194]] , [[  72 1198]]
[[  66 1198]] , [[  66 1205]]
[[  42 1086]] , [[  42 1097]]
[[  74 1230]] , [[  74 1234]]
[[  77 1216]] , [[  77 1222]]
[[ 684 1328]] , [[ 684 1334]]
[[ 684 1328]] , [[ 684 1334]]
[[  77 1236]] , [[  78 1235]]
[[ 672 1306]] , [[ 672 1310]]
[[  74 1200]] , [[  74 1204]]
[[  66 1196]] , [[  66 1205]]
[[   0 1006]] , [[   0 1045]]
[[  66 1228]] , [[  66 1233]]
[[  66 1186]] , [[  66 1193]]
[[  68 1250]] , [[  68 1257]]
[[  74 1200]] , [[  74 1205]]
[[ 670 1422]] , [[ 670 1427]]
[[  68 1250]] , [[  68 1257]]
[[ 650 1370]] , [[ 650 1374]]
[[ 116 1040]] , [[ 116 1047]]
[[  75 1200]] , [[  75 1206]]
[[  66 1194]] , [[  66 1207]]
[[  68 1250]] , [[  68 1257]]
[[ 680 1298]] , [[ 680 1302]]
[[ 661 1340]] , [[ 661 1344]]
[[ 357 1342]] , [[ 357 1346]]
[[ 768 1366]] , [[ 768 1375]]
[[ 682 1298]] , [[ 682 1303]]
[[ 682 1298]] , [[ 682 1303]]
[[  78 1224]] , [[  78 1227]]
[[ 668 1420]] , [[ 668 1425]]
[[ 376 1422]] , [[ 376 1423]]
[[  74 1230]] , [[  74 1231]]
[[   0 1022]] , [[   0 1039]]
[[  44 1039]] , [[  44 1043]]
[[  64 1038]] , [[  63 1039]]
[[  71 1172]] , [[  71 1183]]
[[  64 1143]] , [[  64 1159]]
[[  71 1172]] , [[  71 1181]]
[[  68 1038]] , [[  67 1039]]
[[  64 1142]] , [[  64 1161]]
[[  64 1038]] , [[  63 1039]]
[[424 736]] , [[424 737]]
[[  30 1039]] , [[  30 1043]]
[[  30 1039]] , [[  30 1043]]
[[ 76 304]] , [[ 76 308]]
[[ 23 478]] , [[ 23 479]]
[[320  27]] , [[320  31]]
[[345 132]] , [[345 136]]
[[852 672]] , [[852 673]]
[[338 728]] , [[338 729]]
[[304 568]] , [[304 569]]
[[417 996]] , [[418 995]]
[[579 922]] , [[580 921]]
[[465 606]] , [[466 605]]
[[122 130]] , [[122 134]]
[[207 592]] , [[208 591]]
[[232 256]] , [[232 257]]
[[402 740]] , [[402 741]]
[[66 20]] , [[66 25]]
[[ 331 1016]] , [[ 331 1023]]
[[329 736]] , [[329 740]]
[[249 594]] , [[250 593]]
[[251 592]] , [[252 591]]
[[259 592]] , [[260 591]]
[[443 740]] , [[442 741]]
[[265 592]] , [[266 591]]
[[249 702]] , [[250 701]]
[[613 760]] , [[614 759]]
[[498 744]] , [[498 751]]
[[486 922]] , [[487 921]]
[[485 922]] , [[486 921]]
[[461 606]] , [[462 605]]
[[  20 1064]] , [[  20 1069]]
[[291 586]] , [[292 585]]
[[324 728]] , [[323 729]]
[[282 568]] , [[282 571]]
[[  28 1054]] , [[  28 1064]]
[[298 678]] , [[298 685]]
[[300 686]] , [[300 687]]
[[302 712]] , [[302 715]]
[[516 744]] , [[516 749]]
[[656 700]] , [[656 701]]
[[  64 1031]] , [[  64 1032]]
[[566 739]] , [[565 740]]
[[ 465 1010]] , [[ 466 1009]]
[[328 564]] , [[327 565]]
[[ 30 476]] , [[ 28 478]]
[[319 770]] , [[320 769]]
[[550 740]] , [[550 747]]
[[651 608]] , [[652 607]]
[[330 564]] , [[330 565]]
[[ 61 479]] , [[ 61 487]]
[[ 62 492]] , [[ 62 497]]
[[558 740]] , [[558 745]]
[[449 926]] , [[450 925]]
[[661 920]] , [[662 919]]
[[695 758]] , [[696 757]]
[[695 760]] , [[696 759]]
[[ 16 490]] , [[ 16 494]]
[[ 20 490]] , [[ 20 494]]
[[ 69 519]] , [[ 69 523]]
[[371 598]] , [[372 597]]
[[647 608]] , [[648 607]]
[[590 741]] , [[590 745]]
[[ 74 474]] , [[ 73 475]]
[[616 740]] , [[616 745]]
[[641 748]] , [[641 752]]
[[586 748]] , [[586 752]]
[[592 746]] , [[592 751]]
[[471 920]] , [[472 919]]
[[628 740]] , [[628 745]]
[[649 607]] , [[650 606]]
[[610 748]] , [[610 752]]
[[ 38 531]] , [[ 38 535]]
[[677 915]] , [[678 914]]
[[537 658]] , [[538 657]]
[[384 564]] , [[383 565]]
[[602 740]] , [[602 745]]
[[  49 1074]] , [[  50 1073]]
[[912 954]] , [[912 958]]
[[  66 1185]] , [[  66 1213]]
[[  25 1092]] , [[  26 1091]]
[[  66 1181]] , [[  66 1185]]
[[   0 1012]] , [[   0 1057]]
[[  72 1168]] , [[  72 1173]]
[[  66 1188]] , [[  66 1215]]
[[   4 1012]] , [[   4 1013]]
[[384 564]] , [[384 565]]
[[920 983]] , [[920 987]]
[[384 564]] , [[384 565]]
[[914 620]] , [[914 621]]
[[675 916]] , [[676 915]]
[[ 340 1018]] , [[ 339 1019]]
[[  25 1036]] , [[  26 1035]]
[[ 937 1052]] , [[ 938 1051]]
[[473 918]] , [[474 917]]
[[687 915]] , [[688 914]]
[[384 564]] , [[384 565]]
[[ 115 1202]] , [[ 114 1203]]
[[926 986]] , [[927 985]]
[[384 564]] , [[384 565]]
[[   0 1016]] , [[   0 1065]]
[[384 564]] , [[384 565]]
[[  77 1216]] , [[  77 1217]]
[[ 636 1328]] , [[ 636 1334]]
[[ 662 1404]] , [[ 662 1409]]
[[ 537 1368]] , [[ 537 1372]]
[[ 730 1470]] , [[ 730 1475]]
[[ 640 1476]] , [[ 640 1477]]
[[ 636 1328]] , [[ 636 1334]]
[[  72 1276]] , [[  72 1285]]
[[  72 1166]] , [[  72 1175]]
[[339 914]] , [[339 918]]
[[380 558]] , [[380 559]]
[[  66 1184]] , [[  66 1207]]
[[  73 1186]] , [[  73 1193]]
[[  68 1260]] , [[  68 1269]]
[[  67 1248]] , [[  67 1253]]
[[ 464 1484]] , [[ 464 1485]]
[[ 340 1500]] , [[ 340 1505]]
[[  74 1184]] , [[  74 1198]]
[[  79 1216]] , [[  79 1229]]
[[  80 1216]] , [[  80 1217]]
[[  68 1132]] , [[  68 1140]]
[[ 664 1297]] , [[ 663 1298]]
[[  75 1194]] , [[  75 1202]]
[[  81 1236]] , [[  81 1240]]
[[  66 1234]] , [[  66 1239]]
[[ 764 1468]] , [[ 764 1473]]
[[  70 1258]] , [[  70 1261]]
[[ 750 1468]] , [[ 750 1473]]
[[  79 1216]] , [[  79 1229]]
[[ 736 1424]] , [[ 736 1435]]
[[ 684 1368]] , [[ 683 1369]]
[[ 796 1429]] , [[ 796 1433]]
[[  66 1233]] , [[  66 1239]]
[[ 628 1298]] , [[ 628 1303]]
[[  65 1238]] , [[  65 1247]]
[[ 514 1309]] , [[ 514 1313]]
[[  81 1242]] , [[  80 1243]]
[[ 674 1368]] , [[ 674 1372]]
[[  71 1152]] , [[  71 1183]]
[[ 522 1482]] , [[ 522 1487]]
[[ 640 1328]] , [[ 640 1335]]
[[ 638 1306]] , [[ 638 1307]]
[[ 464 1322]] , [[ 463 1323]]
[[ 674 1368]] , [[ 674 1372]]
[[ 515 1329]] , [[ 514 1330]]
[[ 508 1332]] , [[ 508 1333]]
[[914 601]] , [[913 602]]
[[ 665 1329]] , [[ 666 1328]]
[[ 578 1326]] , [[ 577 1327]]
[[ 396 1427]] , [[ 396 1431]]
[[ 674 1368]] , [[ 674 1372]]
[[ 734 1469]] , [[ 734 1473]]
[[ 652 1332]] , [[ 651 1333]]
[[ 390 1355]] , [[ 390 1359]]
[[794 730]] , [[794 731]]
[[ 422 1094]] , [[ 422 1099]]
[[344 540]] , [[344 541]]
[[342 542]] , [[342 543]]
[[471 908]] , [[472 907]]
[[ 751 1062]] , [[ 752 1061]]
[[348 566]] , [[349 565]]
[[  0 458]] , [[  0 467]]
[[455 717]] , [[454 718]]
[[370 948]] , [[370 963]]
[[323 574]] , [[324 573]]
[[798 720]] , [[798 721]]
[[   0 1042]] , [[   0 1046]]
[[744 721]] , [[743 722]]
[[ 384 1104]] , [[ 384 1109]]
[[ 384 1104]] , [[ 384 1109]]
[[ 574 1370]] , [[ 574 1371]]
[[ 632 1322]] , [[ 632 1329]]
[[ 300 1340]] , [[ 300 1345]]
[[729 725]] , [[728 726]]
[[471 586]] , [[472 585]]
[[768 568]] , [[767 569]]
[[ 406 1004]] , [[ 405 1005]]
[[356 962]] , [[357 961]]
[[869 896]] , [[870 895]]
[[869 896]] , [[870 895]]
[[647 912]] , [[648 911]]
[[ 401 1008]] , [[ 400 1009]]
[[645 910]] , [[646 909]]
[[264 555]] , [[264 559]]
[[281 574]] , [[282 573]]
[[281 574]] , [[282 573]]
[[279 576]] , [[280 575]]
[[353 978]] , [[354 977]]
[[350 964]] , [[350 970]]
[[190  27]] , [[190  31]]
[[380 722]] , [[380 731]]
[[324 722]] , [[322 724]]
[[232 553]] , [[231 554]]
[[636 734]] , [[636 735]]
[[230 552]] , [[229 553]]
[[457 594]] , [[458 593]]
[[241 582]] , [[242 581]]
[[802 754]] , [[801 755]]
[[526 736]] , [[526 739]]
[[463 598]] , [[464 597]]
[[785 676]] , [[785 679]]
[[358 931]] , [[359 930]]
[[466 599]] , [[467 598]]
[[243 588]] , [[244 587]]
[[465 606]] , [[466 605]]
[[208 267]] , [[208 271]]
[[467 606]] , [[468 605]]
[[128 136]] , [[128 140]]
[[458 740]] , [[458 741]]
[[468 607]] , [[469 606]]
[[449 740]] , [[449 744]]
[[ 620 1076]] , [[ 619 1077]]
[[ 424 1138]] , [[ 424 1145]]
[[ 192 1134]] , [[ 192 1149]]
[[ 192 1134]] , [[ 192 1149]]
[[ 318 1172]] , [[ 318 1179]]
[[ 318 1172]] , [[ 318 1177]]
[[ 270 1170]] , [[ 270 1173]]
[[ 316 1170]] , [[ 316 1175]]
[[ 614 1074]] , [[ 614 1123]]
[[ 192 1050]] , [[ 192 1119]]
[[ 192 1024]] , [[ 192 1031]]
[[394 968]] , [[394 975]]
[[446 838]] , [[446 847]]
[[660 834]] , [[660 835]]
[[144 362]] , [[144 366]]
[[210 490]] , [[210 494]]
[[258 504]] , [[258 509]]
[[210 490]] , [[210 494]]
[[268 518]] , [[268 523]]
[[280 576]] , [[280 577]]
[[280 576]] , [[280 577]]
[[240 548]] , [[240 553]]
[[277 578]] , [[277 579]]
[[265 587]] , [[264 588]]
[[275 580]] , [[275 585]]
[[240 550]] , [[240 554]]
[[183 454]] , [[182 455]]
[[274 581]] , [[274 585]]
[[274 580]] , [[273 581]]
[[138 362]] , [[138 367]]
[[138 360]] , [[138 365]]
[[138 360]] , [[138 365]]
[[309 592]] , [[309 597]]
[[137 360]] , [[137 364]]
[[266 588]] , [[266 593]]
[[182 452]] , [[182 457]]
[[266 588]] , [[266 593]]
[[266 588]] , [[266 595]]
[[364 826]] , [[364 831]]
[[258 588]] , [[258 592]]
[[266 588]] , [[266 595]]
[[246 548]] , [[246 553]]
[[258 588]] , [[258 592]]
[[638 836]] , [[638 841]]
[[344 828]] , [[344 829]]
[[140 362]] , [[140 366]]
[[242 550]] , [[242 554]]
[[140 362]] , [[140 366]]
[[142 362]] , [[142 366]]
[[194 452]] , [[194 453]]
[[260 588]] , [[260 589]]
[[142 362]] , [[142 366]]
[[265 588]] , [[264 589]]
[[181 456]] , [[180 457]]
[[242 498]] , [[242 505]]
[[312 591]] , [[312 593]]
[[260 592]] , [[260 596]]
[[248 594]] , [[248 599]]
[[242 498]] , [[242 503]]
[[306 588]] , [[306 597]]
[[306 588]] , [[306 595]]
[[416 590]] , [[416 596]]
[[182 454]] , [[182 459]]
[[280 584]] , [[280 587]]
[[244 550]] , [[244 555]]
[[182 452]] , [[182 459]]
[[308 588]] , [[308 593]]
[[246 550]] , [[246 554]]
[[144 362]] , [[144 369]]
[[418 591]] , [[417 592]]
[[319 828]] , [[318 829]]
[[319 828]] , [[318 829]]
[[417 591]] , [[416 592]]
[[308 588]] , [[308 593]]
[[182 448]] , [[182 451]]
[[268 587]] , [[267 588]]
[[ 92 831]] , [[ 92 835]]
[[257 590]] , [[256 591]]
[[257 590]] , [[256 591]]
[[264 589]] , [[264 595]]
[[264 589]] , [[264 595]]
[[264 589]] , [[264 595]]
[[389 592]] , [[389 596]]
[[254 590]] , [[254 598]]
[[294 584]] , [[294 589]]
[[252 590]] , [[251 591]]
[[188 454]] , [[188 458]]
[[181 454]] , [[180 455]]
[[176 588]] , [[176 591]]
[[176 588]] , [[176 591]]
[[176 590]] , [[176 591]]
[[257 589]] , [[256 590]]
[[254 589]] , [[253 590]]
[[244 550]] , [[244 555]]
[[142 362]] , [[142 366]]
[[252 588]] , [[252 589]]
[[252 548]] , [[252 549]]
[[208 588]] , [[208 589]]
[[198 588]] , [[198 589]]
[[308 588]] , [[308 591]]
[[238 601]] , [[238 606]]
[[238 601]] , [[238 606]]
[[392 601]] , [[392 605]]
[[158 602]] , [[158 606]]
[[325 601]] , [[325 605]]
[[158 603]] , [[158 607]]
[[236 602]] , [[236 607]]
[[202 603]] , [[202 607]]
[[416 595]] , [[415 596]]
[[416 595]] , [[415 596]]
[[310 588]] , [[310 589]]
[[256 587]] , [[255 588]]
[[396 595]] , [[396 599]]
[[397 600]] , [[398 599]]
[[442 601]] , [[442 605]]
[[312 588]] , [[312 589]]
[[244 550]] , [[243 551]]
[[190 454]] , [[190 458]]
[[254 548]] , [[254 549]]
[[250 550]] , [[250 555]]
[[364 832]] , [[364 833]]
[[414 834]] , [[414 835]]
[[308 592]] , [[308 596]]
[[240 553]] , [[240 557]]
[[248 552]] , [[248 556]]
[[188 456]] , [[188 460]]
[[308 592]] , [[308 597]]
[[352 834]] , [[352 835]]
[[352 834]] , [[352 835]]
[[352 834]] , [[352 835]]
[[387 854]] , [[388 853]]
[[175 588]] , [[175 593]]
[[252 545]] , [[252 549]]
[[256 834]] , [[256 835]]
[[188 456]] , [[188 461]]
[[188 456]] , [[188 461]]
[[252 545]] , [[252 549]]
[[888 636]] , [[888 641]]
[[192 456]] , [[192 460]]
[[167 570]] , [[167 574]]
[[280 584]] , [[280 589]]
[[190 460]] , [[190 464]]
[[356 601]] , [[356 605]]
[[234 490]] , [[234 494]]
[[302 574]] , [[302 575]]
[[392 574]] , [[392 575]]
[[266 580]] , [[266 585]]
[[266 578]] , [[266 579]]
[[426 570]] , [[425 571]]
[[392 580]] , [[392 585]]
[[398 593]] , [[398 597]]
[[312 579]] , [[312 585]]
[[298 590]] , [[298 594]]
[[312 579]] , [[312 585]]
[[312 578]] , [[312 585]]
[[289 568]] , [[288 569]]
[[432 572]] , [[431 573]]
[[310 579]] , [[310 587]]
[[188 446]] , [[188 451]]
[[302 578]] , [[302 583]]
[[188 446]] , [[188 450]]
[[291 576]] , [[291 580]]
[[188 446]] , [[188 450]]
[[194 574]] , [[194 575]]
[[140 582]] , [[140 583]]
[[280 580]] , [[280 583]]
[[288 568]] , [[287 569]]
[[143 356]] , [[143 360]]
[[190 592]] , [[190 596]]
[[431 574]] , [[430 575]]
[[194 574]] , [[194 581]]
[[157 582]] , [[157 587]]
[[170 580]] , [[170 585]]
[[157 582]] , [[157 586]]
[[194 572]] , [[194 577]]
[[194 572]] , [[194 579]]
[[654 592]] , [[654 597]]
[[654 592]] , [[654 597]]
[[142 586]] , [[142 590]]
[[424 577]] , [[423 578]]
[[140 356]] , [[140 360]]
[[298 580]] , [[298 583]]
[[416 580]] , [[416 581]]
[[433 586]] , [[434 585]]
[[433 586]] , [[434 585]]
[[162 582]] , [[162 583]]
[[432 579]] , [[432 581]]
[[432 579]] , [[431 580]]
[[431 586]] , [[432 585]]
[[364 594]] , [[364 599]]
[[858 594]] , [[858 598]]
[[170 584]] , [[170 585]]
[[448 586]] , [[448 587]]
[[ 13 828]] , [[ 11 830]]
[[406 580]] , [[406 582]]
[[178 578]] , [[178 583]]
[[280 576]] , [[280 581]]
[[194 576]] , [[194 577]]
[[406 580]] , [[406 582]]
[[838 594]] , [[838 601]]
[[405 580]] , [[404 581]]
[[456 596]] , [[456 600]]
[[150 580]] , [[150 585]]
[[260 585]] , [[259 586]]
[[432 580]] , [[432 583]]
[[432 580]] , [[432 583]]
[[288 584]] , [[288 587]]
[[414 580]] , [[414 583]]
[[288 584]] , [[288 585]]
[[288 584]] , [[288 585]]
[[380 595]] , [[380 599]]
[[344 594]] , [[344 599]]
[[260 585]] , [[259 586]]
[[218 593]] , [[218 597]]
[[344 593]] , [[344 597]]
[[188 590]] , [[188 595]]
[[146 360]] , [[146 364]]
[[407 588]] , [[407 589]]
[[244 548]] , [[243 549]]
[[170 600]] , [[170 605]]
[[408 596]] , [[407 597]]
[[896 641]] , [[896 645]]
[[160 602]] , [[160 607]]
[[190 604]] , [[190 609]]
[[288 584]] , [[288 589]]
[[406 590]] , [[406 591]]
[[214 589]] , [[214 593]]
[[318 590]] , [[317 591]]
[[438 600]] , [[438 605]]
[[314 588]] , [[313 589]]
[[256 588]] , [[256 589]]
[[208 589]] , [[208 593]]
[[188 590]] , [[188 595]]
[[880 598]] , [[880 603]]
[[298 590]] , [[298 593]]
[[442 588]] , [[442 593]]
[[174 590]] , [[174 595]]
[[174 592]] , [[174 598]]
[[444 601]] , [[444 605]]
[[178 590]] , [[178 591]]
[[307 594]] , [[308 593]]
[[174 590]] , [[174 591]]
[[388 586]] , [[388 591]]
[[178 588]] , [[178 593]]
[[275 582]] , [[273 584]]
[[172 592]] , [[172 597]]
[[442 588]] , [[442 589]]
[[307 596]] , [[308 595]]
[[443 592]] , [[443 593]]
[[333 852]] , [[334 851]]
[[443 592]] , [[443 593]]
[[299 588]] , [[299 592]]
[[302 586]] , [[302 587]]
[[302 586]] , [[302 591]]
[[210 590]] , [[210 595]]
[[299 588]] , [[299 592]]
[[253 604]] , [[252 605]]
[[440 592]] , [[440 596]]
[[318 588]] , [[318 589]]
[[316 590]] , [[316 601]]
[[301 596]] , [[300 597]]
[[282 594]] , [[282 595]]
[[405 593]] , [[406 592]]
[[316 590]] , [[316 593]]
[[194 456]] , [[194 460]]
[[288 580]] , [[288 581]]
[[282 580]] , [[282 581]]
[[250 545]] , [[250 549]]
[[250 545]] , [[250 549]]
[[272 596]] , [[272 601]]
[[274 596]] , [[274 601]]
[[288 578]] , [[288 583]]
[[181 455]] , [[181 459]]
[[181 455]] , [[181 459]]
[[192 452]] , [[192 457]]
[[278 582]] , [[278 583]]
[[278 582]] , [[278 583]]
[[186 454]] , [[186 459]]
[[299 590]] , [[299 595]]
[[378 836]] , [[378 837]]
[[188 454]] , [[188 455]]
[[298 586]] , [[298 590]]
[[312 594]] , [[312 601]]
[[282 592]] , [[282 596]]
[[478 844]] , [[478 849]]
[[368 832]] , [[368 833]]
[[494 842]] , [[494 843]]
[[338 834]] , [[338 839]]
[[426 597]] , [[426 601]]
[[128 838]] , [[128 843]]
[[480 848]] , [[480 853]]
[[ 96 862]] , [[ 96 867]]
[[304 840]] , [[304 847]]
[[494 850]] , [[494 855]]
[[708 849]] , [[707 850]]
[[254 840]] , [[254 841]]
[[412 578]] , [[412 579]]
[[252 834]] , [[252 835]]
[[272 832]] , [[272 836]]
[[435 582]] , [[434 583]]
[[ 64 828]] , [[ 64 833]]
[[388 592]] , [[387 593]]
[[438 584]] , [[438 588]]
[[236 832]] , [[236 841]]
[[ 62 828]] , [[ 62 845]]
[[278 576]] , [[278 577]]
[[293 576]] , [[293 580]]
[[876 590]] , [[876 595]]
[[274 832]] , [[274 833]]
[[287 569]] , [[286 570]]
[[398 580]] , [[398 581]]
[[278 834]] , [[278 835]]
[[890 608]] , [[890 614]]
[[884 624]] , [[884 629]]
[[879 601]] , [[879 605]]
[[408 595]] , [[408 599]]
[[ 35 834]] , [[ 35 835]]
[[878 600]] , [[878 605]]
[[390 596]] , [[390 600]]
[[412 595]] , [[412 599]]
[[ 66 828]] , [[ 66 831]]
[[883 609]] , [[883 613]]
[[394 595]] , [[394 599]]
[[ 76 828]] , [[ 75 829]]
[[446 584]] , [[446 588]]
[[102 828]] , [[102 831]]
[[302 832]] , [[302 833]]
[[486 834]] , [[486 837]]
[[550 840]] , [[550 841]]
[[312 832]] , [[312 839]]
[[ 98 828]] , [[ 98 833]]
[[118 828]] , [[118 829]]
[[339 838]] , [[340 837]]
[[292 834]] , [[292 839]]
[[292 570]] , [[292 575]]
[[326 832]] , [[326 839]]
[[140 830]] , [[140 841]]
[[408 592]] , [[408 596]]
[[634 840]] , [[634 847]]
[[630 834]] , [[630 835]]
[[414 836]] , [[414 837]]
[[334 830]] , [[334 835]]
[[289 572]] , [[289 576]]
[[293 578]] , [[293 582]]
[[293 578]] , [[293 582]]
[[406 594]] , [[406 598]]
[[260 588]] , [[260 589]]
[[414 828]] , [[414 837]]
[[290 570]] , [[290 574]]
[[429 585]] , [[428 586]]
[[194 444]] , [[194 449]]
[[152 362]] , [[152 371]]
[[488 836]] , [[488 839]]
[[642 888]] , [[642 891]]
[[ 400 1006]] , [[ 400 1013]]
[[ 401 1006]] , [[ 400 1007]]
[[468 994]] , [[468 999]]
[[472 994]] , [[472 995]]
[[416 984]] , [[416 989]]
[[ 354 1002]] , [[ 354 1003]]
[[ 432 1000]] , [[ 432 1003]]
[[ 446 1002]] , [[ 446 1007]]
[[416 984]] , [[416 991]]
[[ 432 1000]] , [[ 432 1003]]
[[ 446 1002]] , [[ 446 1007]]
[[ 266 1000]] , [[ 266 1003]]
