[[ 21 506]] , [[ 22 505]]
[[446 966]] , [[446 973]]
[[  0 518]] , [[  0 525]]
[[661 920]] , [[662 919]]
[[323 908]] , [[324 907]]
[[643 930]] , [[644 929]]
[[476 610]] , [[477 609]]
[[587 923]] , [[588 922]]
[[497 744]] , [[496 745]]
[[ 13 490]] , [[ 13 491]]
[[565 924]] , [[566 923]]
[[467 610]] , [[468 609]]
[[631 948]] , [[632 947]]
[[381 998]] , [[ 381 1005]]
[[341 734]] , [[341 738]]
[[446 990]] , [[446 995]]
[[281 589]] , [[282 588]]
[[281 588]] , [[282 587]]
[[312 906]] , [[312 910]]
[[  0 492]] , [[  0 514]]
[[540 738]] , [[540 743]]
[[437 956]] , [[438 955]]
[[560 740]] , [[560 744]]
[[540 738]] , [[539 739]]
[[498 746]] , [[498 750]]
[[528 739]] , [[528 743]]
[[542 738]] , [[541 739]]
[[ 15 493]] , [[ 14 494]]
[[449 948]] , [[450 947]]
[[ 17 488]] , [[ 14 491]]
[[596 922]] , [[597 921]]
[[640 932]] , [[640 936]]
[[ 19 488]] , [[ 19 489]]
[[570 738]] , [[570 739]]
[[440  25]] , [[440  29]]
[[ 15 452]] , [[ 15 457]]
[[ 49 487]] , [[ 48 488]]
[[353 978]] , [[354 977]]
[[ 513 1040]] , [[ 514 1039]]
[[652 605]] , [[653 604]]
[[604 742]] , [[604 749]]
[[710 758]] , [[711 757]]
[[646 744]] , [[646 749]]
[[833 604]] , [[834 603]]
[[720 757]] , [[722 759]]
[[   0 1022]] , [[   0 1057]]
[[  57 1080]] , [[  58 1079]]
[[823 758]] , [[824 757]]
[[719 930]] , [[720 929]]
[[369 565]] , [[368 566]]
[[372 565]] , [[371 566]]
[[709 617]] , [[710 616]]
[[647 606]] , [[648 605]]
[[653 605]] , [[654 604]]
[[ 365 1036]] , [[ 366 1035]]
[[ 365 1036]] , [[ 366 1035]]
[[   0 1022]] , [[   0 1049]]
[[   0 1022]] , [[   0 1039]]
[[  68 1264]] , [[  68 1269]]
[[374 566]] , [[373 567]]
[[681 913]] , [[683 913]]
[[675 916]] , [[676 915]]
[[677 915]] , [[687 915]]
[[677 916]] , [[678 915]]
[[471 918]] , [[472 917]]
[[529 996]] , [[530 995]]
[[  88 1036]] , [[  88 1041]]
[[  27 1094]] , [[  28 1093]]
[[  6 990]] , [[  6 991]]
[[835 756]] , [[836 755]]
[[471 918]] , [[472 917]]
[[847 606]] , [[848 605]]
[[  11 1074]] , [[  12 1073]]
[[835 756]] , [[836 755]]
[[738 978]] , [[739 977]]
[[471 918]] , [[472 917]]
[[  24 1054]] , [[  24 1059]]
[[  16 1060]] , [[  16 1069]]
[[  64 1086]] , [[  64 1091]]
[[653 604]] , [[654 603]]
[[384 564]] , [[384 565]]
[[384 564]] , [[384 565]]
[[  49 1039]] , [[  50 1038]]
[[   0 1078]] , [[   0 1083]]
[[  64 1148]] , [[  64 1165]]
[[  72 1174]] , [[  72 1175]]
[[  71 1158]] , [[  71 1167]]
[[  88 1068]] , [[  88 1073]]
[[  71 1154]] , [[  71 1161]]
[[674 912]] , [[675 911]]
[[  66 1038]] , [[  65 1039]]
[[  73 1084]] , [[  73 1091]]
[[  94 1052]] , [[  94 1057]]
[[373 595]] , [[391 595]]
[[663 917]] , [[664 916]]
[[705 758]] , [[706 757]]
[[ 501 1052]] , [[ 502 1051]]
[[659 918]] , [[660 917]]
[[701 758]] , [[702 757]]
[[839 601]] , [[840 600]]
[[620 744]] , [[620 749]]
[[618 744]] , [[618 749]]
[[636 740]] , [[636 741]]
[[632 740]] , [[632 741]]
[[ 29 480]] , [[ 29 483]]
[[ 18 512]] , [[ 18 517]]
[[528 740]] , [[528 741]]
[[524 740]] , [[524 741]]
[[308 568]] , [[308 569]]
[[  0 494]] , [[  0 513]]
[[512 744]] , [[512 749]]
[[658 970]] , [[659 969]]
[[320 566]] , [[320 567]]
[[381 258]] , [[381 262]]
[[ 49 486]] , [[ 49 491]]
[[ 51 504]] , [[ 52 503]]
[[ 19 526]] , [[ 19 530]]
[[  6 531]] , [[  6 535]]
[[204 266]] , [[204 271]]
[[ 75 486]] , [[ 75 487]]
[[ 38 531]] , [[ 38 535]]
[[ 38 531]] , [[ 38 535]]
[[651 606]] , [[652 605]]
[[720 620]] , [[721 619]]
[[681 914]] , [[682 913]]
[[395 994]] , [[396 993]]
[[569 739]] , [[569 744]]
[[606 740]] , [[606 745]]
[[606 740]] , [[606 746]]
[[606 740]] , [[606 746]]
[[489 918]] , [[490 917]]
[[ 42 530]] , [[ 42 535]]
[[852 608]] , [[853 607]]
[[606 740]] , [[606 746]]
[[630 744]] , [[630 745]]
[[675 916]] , [[676 915]]
[[730 944]] , [[730 953]]
[[725 618]] , [[726 617]]
[[407 594]] , [[408 593]]
[[ 42 531]] , [[ 42 535]]
[[851 608]] , [[852 607]]
[[473 918]] , [[474 917]]
[[606 740]] , [[606 746]]
[[598 746]] , [[596 748]]
[[730 980]] , [[730 989]]
[[599 746]] , [[597 748]]
[[384 564]] , [[384 565]]
[[  17 1056]] , [[  18 1055]]
[[  66 1186]] , [[  66 1207]]
[[  70 1040]] , [[  70 1044]]
[[  76 1218]] , [[  76 1225]]
[[  76 1218]] , [[  76 1225]]
[[  64 1152]] , [[  64 1159]]
[[  23 1098]] , [[  24 1097]]
[[682 912]] , [[683 911]]
[[839 606]] , [[840 605]]
[[400 943]] , [[400 955]]
[[400 943]] , [[400 955]]
[[ 943 1056]] , [[ 944 1055]]
[[ 387 1060]] , [[ 388 1059]]
[[  66 1196]] , [[  66 1211]]
[[  79 1214]] , [[  79 1229]]
[[426 980]] , [[426 984]]
[[384 546]] , [[384 547]]
[[386 545]] , [[385 546]]
[[403 995]] , [[402 996]]
[[  58 1050]] , [[  58 1055]]
[[  17 1094]] , [[  18 1093]]
[[  10 1032]] , [[  10 1035]]
[[753 869]] , [[753 879]]
[[  81 1234]] , [[  81 1240]]
[[  60 1064]] , [[  60 1069]]
[[  81 1234]] , [[  81 1240]]
[[  66 1097]] , [[  66 1105]]
[[  66 1234]] , [[  66 1247]]
[[  66 1198]] , [[  66 1207]]
[[  96 1264]] , [[  96 1265]]
[[  11 1100]] , [[  12 1099]]
[[   9 1055]] , [[   8 1056]]
[[  61 1052]] , [[  60 1053]]
[[  66 1188]] , [[  66 1193]]
[[754 740]] , [[754 741]]
[[  66 1212]] , [[  66 1217]]
[[375 542]] , [[375 543]]
[[ 644 1329]] , [[ 643 1330]]
[[   0 1058]] , [[   0 1143]]
[[747 880]] , [[747 882]]
[[246 955]] , [[246 961]]
[[ 630 1312]] , [[ 629 1313]]
[[   0 1058]] , [[   0 1137]]
[[770 736]] , [[770 737]]
[[ 15 416]] , [[ 15 417]]
[[910 600]] , [[910 619]]
[[   0 1060]] , [[   0 1073]]
[[803 734]] , [[803 735]]
[[840 732]] , [[840 736]]
[[751 876]] , [[751 877]]
[[906 594]] , [[906 595]]
[[904 592]] , [[904 593]]
[[394 991]] , [[393 992]]
[[ 416 1018]] , [[ 416 1025]]
[[357 564]] , [[358 563]]
[[  0 446]] , [[  0 489]]
[[355 564]] , [[356 563]]
[[576 254]] , [[576 259]]
[[366 944]] , [[366 955]]
[[366 958]] , [[366 959]]
[[368 943]] , [[367 944]]
[[370 950]] , [[370 957]]
[[ 398 1000]] , [[ 398 1005]]
[[ 344 1018]] , [[ 344 1023]]
[[ 384 1008]] , [[ 384 1019]]
[[379 720]] , [[378 721]]
[[402 722]] , [[402 727]]
[[370 950]] , [[369 951]]
[[197 277]] , [[197 281]]
[[365 963]] , [[364 964]]
[[334 966]] , [[334 973]]
[[ 21 506]] , [[ 22 505]]
[[446 966]] , [[446 973]]
[[  0 518]] , [[  0 525]]
[[661 920]] , [[662 919]]
[[323 908]] , [[324 907]]
[[643 930]] , [[644 929]]
[[476 610]] , [[477 609]]
[[587 923]] , [[588 922]]
[[497 744]] , [[496 745]]
[[ 13 490]] , [[ 13 491]]
[[565 924]] , [[566 923]]
[[467 610]] , [[468 609]]
[[631 948]] , [[632 947]]
[[381 998]] , [[ 381 1005]]
[[341 734]] , [[341 738]]
[[446 990]] , [[446 995]]
[[281 589]] , [[282 588]]
[[281 588]] , [[282 587]]
[[312 906]] , [[312 910]]
[[  0 492]] , [[  0 514]]
[[540 738]] , [[540 743]]
[[437 956]] , [[438 955]]
[[560 740]] , [[560 744]]
[[540 738]] , [[539 739]]
[[498 746]] , [[498 750]]
[[528 739]] , [[528 743]]
[[542 738]] , [[541 739]]
[[ 15 493]] , [[ 14 494]]
[[449 948]] , [[450 947]]
[[ 17 488]] , [[ 14 491]]
[[596 922]] , [[597 921]]
[[640 932]] , [[640 936]]
[[ 19 488]] , [[ 19 489]]
[[570 738]] , [[570 739]]
[[440  25]] , [[440  29]]
[[ 15 452]] , [[ 15 457]]
[[ 49 487]] , [[ 48 488]]
[[353 978]] , [[354 977]]
[[ 513 1040]] , [[ 514 1039]]
[[652 605]] , [[653 604]]
[[604 742]] , [[604 749]]
[[710 758]] , [[711 757]]
[[646 744]] , [[646 749]]
[[833 604]] , [[834 603]]
[[720 757]] , [[722 759]]
[[   0 1022]] , [[   0 1057]]
[[  57 1080]] , [[  58 1079]]
[[823 758]] , [[824 757]]
[[719 930]] , [[720 929]]
[[369 565]] , [[368 566]]
[[372 565]] , [[371 566]]
[[709 617]] , [[710 616]]
[[647 606]] , [[648 605]]
[[653 605]] , [[654 604]]
[[ 365 1036]] , [[ 366 1035]]
[[ 365 1036]] , [[ 366 1035]]
[[   0 1022]] , [[   0 1049]]
[[   0 1022]] , [[   0 1039]]
[[  68 1264]] , [[  68 1269]]
[[374 566]] , [[373 567]]
[[681 913]] , [[683 913]]
[[675 916]] , [[676 915]]
[[677 915]] , [[687 915]]
[[677 916]] , [[678 915]]
[[471 918]] , [[472 917]]
[[529 996]] , [[530 995]]
[[  88 1036]] , [[  88 1041]]
[[  27 1094]] , [[  28 1093]]
[[  6 990]] , [[  6 991]]
[[835 756]] , [[836 755]]
[[471 918]] , [[472 917]]
[[847 606]] , [[848 605]]
[[  11 1074]] , [[  12 1073]]
[[835 756]] , [[836 755]]
[[738 978]] , [[739 977]]
[[471 918]] , [[472 917]]
[[  24 1054]] , [[  24 1059]]
[[  16 1060]] , [[  16 1069]]
[[  64 1086]] , [[  64 1091]]
[[653 604]] , [[654 603]]
[[384 564]] , [[384 565]]
[[384 564]] , [[384 565]]
[[  49 1039]] , [[  50 1038]]
[[   0 1078]] , [[   0 1083]]
[[  64 1148]] , [[  64 1165]]
[[  72 1174]] , [[  72 1175]]
[[  71 1158]] , [[  71 1167]]
[[  88 1068]] , [[  88 1073]]
[[  71 1154]] , [[  71 1161]]
[[674 912]] , [[675 911]]
[[  66 1038]] , [[  65 1039]]
[[  73 1084]] , [[  73 1091]]
[[  94 1052]] , [[  94 1057]]
[[373 595]] , [[391 595]]
[[663 917]] , [[664 916]]
[[705 758]] , [[706 757]]
[[ 501 1052]] , [[ 502 1051]]
[[659 918]] , [[660 917]]
[[701 758]] , [[702 757]]
[[839 601]] , [[840 600]]
[[620 744]] , [[620 749]]
[[618 744]] , [[618 749]]
[[636 740]] , [[636 741]]
[[632 740]] , [[632 741]]
[[ 29 480]] , [[ 29 483]]
[[ 18 512]] , [[ 18 517]]
[[528 740]] , [[528 741]]
[[524 740]] , [[524 741]]
[[308 568]] , [[308 569]]
[[  0 494]] , [[  0 513]]
[[512 744]] , [[512 749]]
[[658 970]] , [[659 969]]
[[320 566]] , [[320 567]]
[[381 258]] , [[381 262]]
[[ 49 486]] , [[ 49 491]]
[[ 51 504]] , [[ 52 503]]
[[ 19 526]] , [[ 19 530]]
[[  6 531]] , [[  6 535]]
[[204 266]] , [[204 271]]
[[ 75 486]] , [[ 75 487]]
[[ 38 531]] , [[ 38 535]]
[[ 38 531]] , [[ 38 535]]
[[651 606]] , [[652 605]]
[[720 620]] , [[721 619]]
[[681 914]] , [[682 913]]
[[395 994]] , [[396 993]]
[[569 739]] , [[569 744]]
[[606 740]] , [[606 745]]
[[606 740]] , [[606 746]]
[[606 740]] , [[606 746]]
[[489 918]] , [[490 917]]
[[ 42 530]] , [[ 42 535]]
[[852 608]] , [[853 607]]
[[606 740]] , [[606 746]]
[[630 744]] , [[630 745]]
[[675 916]] , [[676 915]]
[[730 944]] , [[730 953]]
[[725 618]] , [[726 617]]
[[407 594]] , [[408 593]]
[[ 42 531]] , [[ 42 535]]
[[851 608]] , [[852 607]]
[[473 918]] , [[474 917]]
[[606 740]] , [[606 746]]
[[598 746]] , [[596 748]]
[[730 980]] , [[730 989]]
[[599 746]] , [[597 748]]
[[384 564]] , [[384 565]]
[[  17 1056]] , [[  18 1055]]
[[  66 1186]] , [[  66 1207]]
[[  70 1040]] , [[  70 1044]]
[[  76 1218]] , [[  76 1225]]
[[  76 1218]] , [[  76 1225]]
[[  64 1152]] , [[  64 1159]]
[[  23 1098]] , [[  24 1097]]
[[682 912]] , [[683 911]]
[[839 606]] , [[840 605]]
[[400 943]] , [[400 955]]
[[400 943]] , [[400 955]]
[[ 943 1056]] , [[ 944 1055]]
[[ 387 1060]] , [[ 388 1059]]
[[  66 1196]] , [[  66 1211]]
[[  79 1214]] , [[  79 1229]]
[[426 980]] , [[426 984]]
[[384 546]] , [[384 547]]
[[386 545]] , [[385 546]]
[[403 995]] , [[402 996]]
[[  58 1050]] , [[  58 1055]]
[[  17 1094]] , [[  18 1093]]
[[  10 1032]] , [[  10 1035]]
[[753 869]] , [[753 879]]
[[  81 1234]] , [[  81 1240]]
[[  60 1064]] , [[  60 1069]]
[[  81 1234]] , [[  81 1240]]
[[  66 1097]] , [[  66 1105]]
[[  66 1234]] , [[  66 1247]]
[[  66 1198]] , [[  66 1207]]
[[  96 1264]] , [[  96 1265]]
[[  11 1100]] , [[  12 1099]]
[[   9 1055]] , [[   8 1056]]
[[  61 1052]] , [[  60 1053]]
[[  66 1188]] , [[  66 1193]]
[[754 740]] , [[754 741]]
[[  66 1212]] , [[  66 1217]]
[[375 542]] , [[375 543]]
[[ 644 1329]] , [[ 643 1330]]
[[   0 1058]] , [[   0 1143]]
[[747 880]] , [[747 882]]
[[246 955]] , [[246 961]]
[[ 630 1312]] , [[ 629 1313]]
[[   0 1058]] , [[   0 1137]]
[[770 736]] , [[770 737]]
[[ 15 416]] , [[ 15 417]]
[[910 600]] , [[910 619]]
[[   0 1060]] , [[   0 1073]]
[[803 734]] , [[803 735]]
[[840 732]] , [[840 736]]
[[751 876]] , [[751 877]]
[[906 594]] , [[906 595]]
[[904 592]] , [[904 593]]
[[394 991]] , [[393 992]]
[[ 416 1018]] , [[ 416 1025]]
[[357 564]] , [[358 563]]
[[  0 446]] , [[  0 489]]
[[355 564]] , [[356 563]]
[[576 254]] , [[576 259]]
[[366 944]] , [[366 955]]
[[366 958]] , [[366 959]]
[[368 943]] , [[367 944]]
[[370 950]] , [[370 957]]
[[ 398 1000]] , [[ 398 1005]]
[[ 344 1018]] , [[ 344 1023]]
[[ 384 1008]] , [[ 384 1019]]
[[379 720]] , [[378 721]]
[[402 722]] , [[402 727]]
[[370 950]] , [[369 951]]
[[197 277]] , [[197 281]]
[[365 963]] , [[364 964]]
[[334 966]] , [[334 973]]
[[ 369 1005]] , [[ 369 1009]]
[[ 278 1014]] , [[ 278 1019]]
[[ 736 1010]] , [[ 736 1016]]
[[ 446 1008]] , [[ 446 1017]]
[[ 444 1008]] , [[ 444 1013]]
[[ 446 1006]] , [[ 446 1015]]
[[ 192 1052]] , [[ 192 1081]]
[[ 420 1006]] , [[ 420 1011]]
[[ 356 1002]] , [[ 356 1003]]
[[394 968]] , [[394 973]]
[[390 894]] , [[390 908]]
[[376 842]] , [[376 847]]
[[140 362]] , [[140 366]]
[[190 454]] , [[190 458]]
[[273 582]] , [[273 583]]
[[273 582]] , [[273 583]]
[[198 580]] , [[198 585]]
[[174 588]] , [[174 589]]
[[196 588]] , [[196 591]]
[[446 594]] , [[446 598]]
[[252 548]] , [[252 553]]
[[198 450]] , [[198 455]]
[[288 568]] , [[287 569]]
[[278 570]] , [[278 575]]
[[192 448]] , [[192 449]]
[[288 574]] , [[287 575]]
[[142 358]] , [[142 362]]
[[192 448]] , [[192 449]]
[[410 597]] , [[409 598]]
[[186 462]] , [[186 467]]
[[188 578]] , [[188 583]]
[[178 580]] , [[178 585]]
[[244 542]] , [[244 547]]
[[202 578]] , [[202 583]]
[[144 360]] , [[144 364]]
[[280 577]] , [[280 581]]
[[144 360]] , [[144 364]]
[[240 548]] , [[240 555]]
[[186 452]] , [[186 454]]
[[186 452]] , [[186 457]]
[[402 584]] , [[401 585]]
[[250 588]] , [[250 590]]
[[242 550]] , [[242 555]]
[[248 544]] , [[248 545]]
[[112 835]] , [[112 847]]
[[380 602]] , [[380 606]]
[[246 536]] , [[246 541]]
[[254 534]] , [[254 535]]
[[406 580]] , [[406 581]]
[[291 581]] , [[292 580]]
[[289 576]] , [[290 575]]
[[291 583]] , [[292 582]]
[[184 442]] , [[184 449]]
[[258 538]] , [[258 543]]
[[275 586]] , [[276 585]]
[[310 832]] , [[310 841]]
[[282 568]] , [[282 572]]
[[372 830]] , [[372 831]]
[[289 568]] , [[288 569]]
[[396 586]] , [[396 590]]
[[290 572]] , [[290 576]]
[[700 118]] , [[700 122]]
[[ 817 1346]] , [[ 818 1345]]
[[796 840]] , [[796 841]]
[[230 828]] , [[230 831]]
[[254 832]] , [[254 833]]
[[364 832]] , [[364 835]]
[[704 848]] , [[704 853]]
[[312 846]] , [[312 851]]
[[644 858]] , [[644 859]]
[[840 840]] , [[839 841]]
[[694 848]] , [[694 853]]
[[312 846]] , [[312 851]]
[[796 842]] , [[796 845]]
