[[ 64 292]] , [[ 64 301]]
[[ 52 288]] , [[ 52 289]]
[[ 50 288]] , [[ 50 289]]
[[512 740]] , [[512 744]]
[[496 744]] , [[496 749]]
[[520 742]] , [[520 746]]
[[496 744]] , [[496 751]]
[[281 590]] , [[282 589]]
[[344 734]] , [[344 738]]
[[  1 492]] , [[  1 493]]
[[632 940]] , [[632 941]]
[[ 17 423]] , [[ 17 428]]
[[540 738]] , [[540 743]]
[[192 268]] , [[192 273]]
[[636 970]] , [[636 977]]
[[852 720]] , [[852 725]]
[[856 712]] , [[856 713]]
[[701 758]] , [[702 757]]
[[703 758]] , [[704 757]]
[[570 740]] , [[570 745]]
[[837 602]] , [[838 601]]
[[645 744]] , [[645 748]]
[[841 603]] , [[842 602]]
[[  0 528]] , [[  0 532]]
[[653 603]] , [[654 604]]
[[368 564]] , [[368 565]]
[[471 918]] , [[472 917]]
[[620 740]] , [[620 744]]
[[823 758]] , [[824 757]]
[[674 915]] , [[675 914]]
[[479 918]] , [[480 917]]
[[664 740]] , [[664 744]]
[[853 605]] , [[854 604]]
[[590 740]] , [[590 744]]
[[676 915]] , [[677 914]]
[[675 915]] , [[676 914]]
[[727 956]] , [[728 955]]
[[727 960]] , [[728 959]]
[[  72 1190]] , [[  72 1199]]
[[521 964]] , [[522 963]]
[[647 606]] , [[648 605]]
[[647 606]] , [[648 605]]
[[647 606]] , [[648 605]]
[[649 606]] , [[650 605]]
[[837 608]] , [[838 607]]
[[471 918]] , [[472 917]]
[[  43 1092]] , [[  44 1091]]
[[735 966]] , [[736 965]]
[[ 740 1044]] , [[ 741 1043]]
[[604 740]] , [[604 744]]
[[655 603]] , [[657 603]]
[[403 594]] , [[404 593]]
[[471 918]] , [[472 917]]
[[403 594]] , [[404 593]]
[[471 918]] , [[472 917]]
[[837 755]] , [[838 754]]
[[  88 1037]] , [[  87 1038]]
[[  4 990]] , [[  4 993]]
[[ 116 1040]] , [[ 116 1047]]
[[ 36 540]] , [[ 36 545]]
[[471 918]] , [[472 917]]
[[682 912]] , [[683 913]]
[[737 978]] , [[738 977]]
[[ 12 998]] , [[  12 1003]]
[[ 12 998]] , [[ 12 999]]
[[  78 1038]] , [[  78 1039]]
[[   0 1006]] , [[   0 1027]]
[[  43 1090]] , [[  44 1089]]
[[   0 1016]] , [[   0 1031]]
[[835 604]] , [[836 603]]
[[  21 1076]] , [[  22 1075]]
[[   0 1026]] , [[   0 1135]]
[[  37 1090]] , [[  38 1089]]
[[468 736]] , [[468 740]]
[[371 596]] , [[372 595]]
[[651 740]] , [[651 741]]
[[703 758]] , [[704 757]]
[[599 738]] , [[599 742]]
[[597 738]] , [[597 742]]
[[  0 538]] , [[  0 543]]
[[849 602]] , [[850 601]]
[[594 738]] , [[594 743]]
[[328 730]] , [[328 731]]
[[481 607]] , [[485 607]]
[[649 608]] , [[650 607]]
[[307 913]] , [[313 913]]
[[659 924]] , [[660 923]]
[[ 82 480]] , [[ 82 482]]
[[ 60 330]] , [[ 60 337]]
[[403 594]] , [[404 593]]
[[638 739]] , [[638 743]]
[[847 608]] , [[848 607]]
[[369 696]] , [[370 695]]
[[ 935 1052]] , [[ 936 1051]]
[[335 986]] , [[336 985]]
[[335 986]] , [[336 985]]
[[929 983]] , [[930 984]]
[[843 608]] , [[844 607]]
[[ 10 529]] , [[ 10 535]]
[[ 42 530]] , [[ 42 535]]
[[460 742]] , [[460 747]]
[[725 618]] , [[726 617]]
[[606 740]] , [[606 745]]
[[606 740]] , [[606 745]]
[[ 70 484]] , [[ 70 491]]
[[606 740]] , [[606 745]]
[[730 969]] , [[730 975]]
[[ 10 530]] , [[ 10 535]]
[[407 594]] , [[408 593]]
[[598 746]] , [[596 748]]
[[716 620]] , [[716 625]]
[[926 986]] , [[927 985]]
[[926 986]] , [[927 985]]
[[   0 1016]] , [[   0 1135]]
[[  35 1062]] , [[  36 1061]]
[[  72 1180]] , [[  72 1188]]
[[  64 1170]] , [[  64 1175]]
[[  23 1098]] , [[  24 1097]]
[[346 864]] , [[346 869]]
[[655 602]] , [[656 601]]
[[  0 540]] , [[  0 545]]
[[737 628]] , [[738 627]]
[[403 584]] , [[404 583]]
[[688 912]] , [[689 912]]
[[400 942]] , [[400 955]]
[[  66 1141]] , [[  66 1153]]
[[  74 1194]] , [[  74 1198]]
[[514 730]] , [[513 731]]
[[398 992]] , [[398 997]]
[[691 912]] , [[692 913]]
[[403 572]] , [[404 571]]
[[  17 1090]] , [[  18 1089]]
[[700 742]] , [[700 743]]
[[700 742]] , [[700 743]]
[[920 610]] , [[920 611]]
[[  71 1176]] , [[  71 1182]]
[[  10 1032]] , [[  10 1035]]
[[  73 1184]] , [[  73 1195]]
[[  28 1052]] , [[  28 1053]]
[[  66 1196]] , [[  66 1209]]
[[  72 1162]] , [[  72 1167]]
[[  81 1236]] , [[  81 1240]]
[[  14 1034]] , [[  14 1039]]
[[   8 1032]] , [[   8 1037]]
[[694 740]] , [[694 744]]
[[  47 1053]] , [[  46 1054]]
[[376 542]] , [[376 543]]
[[  71 1162]] , [[  71 1183]]
[[ 388 1002]] , [[ 388 1006]]
[[ 644 1302]] , [[ 644 1303]]
[[   0 1032]] , [[   0 1043]]
[[690 572]] , [[689 573]]
[[908 604]] , [[908 631]]
[[ 243 1067]] , [[ 243 1071]]
[[910 602]] , [[910 611]]
[[ 765 1060]] , [[ 766 1059]]
[[ 436 1006]] , [[ 436 1013]]
[[842 733]] , [[841 734]]
[[908 596]] , [[908 611]]
[[354 542]] , [[354 543]]
[[839 730]] , [[839 734]]
[[ 400 1014]] , [[ 400 1015]]
[[ 424 1010]] , [[ 424 1014]]
[[366 964]] , [[366 969]]
[[ 410 1000]] , [[ 410 1009]]
[[586 259]] , [[586 263]]
[[578 255]] , [[578 259]]
[[ 76 296]] , [[ 76 300]]
[[ 371 1002]] , [[ 372 1001]]
[[ 400 1000]] , [[ 400 1005]]
[[366 958]] , [[366 965]]
[[ 53 330]] , [[ 53 335]]
[[ 64 292]] , [[ 64 301]]
[[ 52 288]] , [[ 52 289]]
[[ 50 288]] , [[ 50 289]]
[[512 740]] , [[512 744]]
[[496 744]] , [[496 749]]
[[520 742]] , [[520 746]]
[[496 744]] , [[496 751]]
[[281 590]] , [[282 589]]
[[344 734]] , [[344 738]]
[[  1 492]] , [[  1 493]]
[[632 940]] , [[632 941]]
[[ 17 423]] , [[ 17 428]]
[[540 738]] , [[540 743]]
[[192 268]] , [[192 273]]
[[636 970]] , [[636 977]]
[[852 720]] , [[852 725]]
[[856 712]] , [[856 713]]
[[701 758]] , [[702 757]]
[[703 758]] , [[704 757]]
[[570 740]] , [[570 745]]
[[837 602]] , [[838 601]]
[[645 744]] , [[645 748]]
[[841 603]] , [[842 602]]
[[  0 528]] , [[  0 532]]
[[653 603]] , [[654 604]]
[[368 564]] , [[368 565]]
[[471 918]] , [[472 917]]
[[620 740]] , [[620 744]]
[[823 758]] , [[824 757]]
[[674 915]] , [[675 914]]
[[479 918]] , [[480 917]]
[[664 740]] , [[664 744]]
[[853 605]] , [[854 604]]
[[590 740]] , [[590 744]]
[[676 915]] , [[677 914]]
[[675 915]] , [[676 914]]
[[727 956]] , [[728 955]]
[[727 960]] , [[728 959]]
[[  72 1190]] , [[  72 1199]]
[[521 964]] , [[522 963]]
[[647 606]] , [[648 605]]
[[647 606]] , [[648 605]]
[[647 606]] , [[648 605]]
[[649 606]] , [[650 605]]
[[837 608]] , [[838 607]]
[[471 918]] , [[472 917]]
[[  43 1092]] , [[  44 1091]]
[[735 966]] , [[736 965]]
[[ 740 1044]] , [[ 741 1043]]
[[604 740]] , [[604 744]]
[[655 603]] , [[657 603]]
[[403 594]] , [[404 593]]
[[471 918]] , [[472 917]]
[[403 594]] , [[404 593]]
[[471 918]] , [[472 917]]
[[837 755]] , [[838 754]]
[[  88 1037]] , [[  87 1038]]
[[  4 990]] , [[  4 993]]
[[ 116 1040]] , [[ 116 1047]]
[[ 36 540]] , [[ 36 545]]
[[471 918]] , [[472 917]]
[[682 912]] , [[683 913]]
[[737 978]] , [[738 977]]
[[ 12 998]] , [[  12 1003]]
[[ 12 998]] , [[ 12 999]]
[[  78 1038]] , [[  78 1039]]
[[   0 1006]] , [[   0 1027]]
[[  43 1090]] , [[  44 1089]]
[[   0 1016]] , [[   0 1031]]
[[835 604]] , [[836 603]]
[[  21 1076]] , [[  22 1075]]
[[   0 1026]] , [[   0 1135]]
[[  37 1090]] , [[  38 1089]]
[[468 736]] , [[468 740]]
[[371 596]] , [[372 595]]
[[651 740]] , [[651 741]]
[[703 758]] , [[704 757]]
[[599 738]] , [[599 742]]
[[597 738]] , [[597 742]]
[[  0 538]] , [[  0 543]]
[[849 602]] , [[850 601]]
[[594 738]] , [[594 743]]
[[328 730]] , [[328 731]]
[[481 607]] , [[485 607]]
[[649 608]] , [[650 607]]
[[307 913]] , [[313 913]]
[[659 924]] , [[660 923]]
[[ 82 480]] , [[ 82 482]]
[[ 60 330]] , [[ 60 337]]
[[403 594]] , [[404 593]]
[[638 739]] , [[638 743]]
[[847 608]] , [[848 607]]
[[369 696]] , [[370 695]]
[[ 935 1052]] , [[ 936 1051]]
[[335 986]] , [[336 985]]
[[335 986]] , [[336 985]]
[[929 983]] , [[930 984]]
[[843 608]] , [[844 607]]
[[ 10 529]] , [[ 10 535]]
[[ 42 530]] , [[ 42 535]]
[[460 742]] , [[460 747]]
[[725 618]] , [[726 617]]
[[606 740]] , [[606 745]]
[[606 740]] , [[606 745]]
[[ 70 484]] , [[ 70 491]]
[[606 740]] , [[606 745]]
[[730 969]] , [[730 975]]
[[ 10 530]] , [[ 10 535]]
[[407 594]] , [[408 593]]
[[598 746]] , [[596 748]]
[[716 620]] , [[716 625]]
[[926 986]] , [[927 985]]
[[926 986]] , [[927 985]]
[[   0 1016]] , [[   0 1135]]
[[  35 1062]] , [[  36 1061]]
[[  72 1180]] , [[  72 1188]]
[[  64 1170]] , [[  64 1175]]
[[  23 1098]] , [[  24 1097]]
[[346 864]] , [[346 869]]
[[655 602]] , [[656 601]]
[[  0 540]] , [[  0 545]]
[[737 628]] , [[738 627]]
[[403 584]] , [[404 583]]
[[688 912]] , [[689 912]]
[[400 942]] , [[400 955]]
[[  66 1141]] , [[  66 1153]]
[[  74 1194]] , [[  74 1198]]
[[514 730]] , [[513 731]]
[[398 992]] , [[398 997]]
[[691 912]] , [[692 913]]
[[403 572]] , [[404 571]]
[[  17 1090]] , [[  18 1089]]
[[700 742]] , [[700 743]]
[[700 742]] , [[700 743]]
[[920 610]] , [[920 611]]
[[  71 1176]] , [[  71 1182]]
[[  10 1032]] , [[  10 1035]]
[[  73 1184]] , [[  73 1195]]
[[  28 1052]] , [[  28 1053]]
[[  66 1196]] , [[  66 1209]]
[[  72 1162]] , [[  72 1167]]
[[  81 1236]] , [[  81 1240]]
[[  14 1034]] , [[  14 1039]]
[[   8 1032]] , [[   8 1037]]
[[694 740]] , [[694 744]]
[[  47 1053]] , [[  46 1054]]
[[376 542]] , [[376 543]]
[[  71 1162]] , [[  71 1183]]
[[ 388 1002]] , [[ 388 1006]]
[[ 644 1302]] , [[ 644 1303]]
[[   0 1032]] , [[   0 1043]]
[[690 572]] , [[689 573]]
[[908 604]] , [[908 631]]
[[ 243 1067]] , [[ 243 1071]]
[[910 602]] , [[910 611]]
[[ 765 1060]] , [[ 766 1059]]
[[ 436 1006]] , [[ 436 1013]]
[[842 733]] , [[841 734]]
[[908 596]] , [[908 611]]
[[354 542]] , [[354 543]]
[[839 730]] , [[839 734]]
[[ 400 1014]] , [[ 400 1015]]
[[ 424 1010]] , [[ 424 1014]]
[[366 964]] , [[366 969]]
[[ 410 1000]] , [[ 410 1009]]
[[586 259]] , [[586 263]]
[[578 255]] , [[578 259]]
[[ 76 296]] , [[ 76 300]]
[[ 371 1002]] , [[ 372 1001]]
[[ 400 1000]] , [[ 400 1005]]
[[366 958]] , [[366 965]]
[[ 53 330]] , [[ 53 335]]
[[398 996]] , [[ 398 1005]]
[[ 354 1008]] , [[ 354 1009]]
[[ 354 1008]] , [[ 354 1009]]
[[ 702 1004]] , [[ 702 1009]]
[[ 356 1006]] , [[ 356 1007]]
[[482 998]] , [[ 482 1003]]
[[ 422 1006]] , [[ 422 1013]]
[[ 242 1004]] , [[ 242 1005]]
[[394 968]] , [[394 973]]
[[178 904]] , [[178 915]]
[[631 856]] , [[631 860]]
[[416 838]] , [[416 843]]
[[190 454]] , [[190 458]]
[[244 550]] , [[244 555]]
[[205 588]] , [[204 589]]
[[144 360]] , [[144 364]]
[[186 452]] , [[186 455]]
[[186 452]] , [[186 453]]
[[144 360]] , [[144 364]]
[[307 596]] , [[308 595]]
[[240 550]] , [[240 555]]
[[282 578]] , [[282 583]]
[[287 576]] , [[285 578]]
[[187 442]] , [[186 443]]
[[430 595]] , [[430 599]]
[[414 585]] , [[413 586]]
[[856 634]] , [[856 639]]
[[616 840]] , [[616 841]]
[[600 842]] , [[600 847]]
[[600 842]] , [[600 847]]
[[682 842]] , [[682 843]]
[[356 832]] , [[356 835]]
[[600 842]] , [[600 847]]
[[622 842]] , [[622 847]]
[[680 842]] , [[680 843]]
