[[225 270]] , [[226 269]]
[[ 718 1422]] , [[ 718 1433]]
[[ 540 1480]] , [[ 540 1484]]
[[ 733 1470]] , [[ 732 1471]]
[[  84 1446]] , [[  84 1450]]
[[ 669 1424]] , [[ 669 1428]]
[[ 732 1428]] , [[ 732 1435]]
[[  70 1262]] , [[  70 1263]]
[[ 732 1428]] , [[ 732 1435]]
[[ 670 1424]] , [[ 670 1429]]
[[ 702 1540]] , [[ 702 1549]]
[[ 723 1471]] , [[ 723 1475]]
[[ 570 1556]] , [[ 569 1557]]
[[ 556 1550]] , [[ 556 1555]]
[[ 696 1552]] , [[ 696 1563]]
[[ 700 1550]] , [[ 699 1551]]
[[ 748 1565]] , [[ 747 1566]]
[[ 588 1568]] , [[ 588 1575]]
[[ 513 1572]] , [[ 513 1577]]
[[ 702 1550]] , [[ 702 1555]]
[[ 682 1550]] , [[ 682 1559]]
[[ 678 1550]] , [[ 678 1555]]
[[ 779 1808]] , [[ 779 1810]]
[[ 832 1640]] , [[ 832 1645]]
[[ 832 1656]] , [[ 832 1663]]
[[ 650 1569]] , [[ 649 1570]]
[[ 778 1810]] , [[ 778 1815]]
[[ 780 1810]] , [[ 780 1815]]
[[ 780 1810]] , [[ 780 1815]]
[[ 648 1569]] , [[ 647 1570]]
[[ 160 1581]] , [[ 160 1585]]
[[ 730 1470]] , [[ 729 1471]]
[[ 581 1568]] , [[ 581 1572]]
[[ 581 1568]] , [[ 581 1572]]
[[ 708 1564]] , [[ 708 1569]]
[[ 572 1564]] , [[ 572 1569]]
[[ 618 1552]] , [[ 618 1555]]
[[ 608 1554]] , [[ 608 1559]]
[[ 618 1552]] , [[ 618 1557]]
[[ 570 1566]] , [[ 570 1571]]
[[ 776 1568]] , [[ 776 1573]]
[[ 782 1566]] , [[ 782 1567]]
[[ 782 1566]] , [[ 782 1567]]
[[ 462 1494]] , [[ 462 1500]]
[[ 776 1568]] , [[ 776 1573]]
[[ 716 1570]] , [[ 716 1574]]
[[ 540 1570]] , [[ 540 1577]]
[[ 610 1568]] , [[ 610 1573]]
[[ 610 1568]] , [[ 610 1569]]
[[ 556 1564]] , [[ 556 1565]]
[[ 572 1558]] , [[ 572 1561]]
[[ 790 1562]] , [[ 790 1567]]
[[ 594 1564]] , [[ 594 1569]]
[[ 742 1568]] , [[ 742 1573]]
[[ 742 1568]] , [[ 742 1573]]
[[ 594 1564]] , [[ 594 1569]]
[[ 576 1558]] , [[ 576 1559]]
[[ 594 1564]] , [[ 594 1569]]
[[ 576 1558]] , [[ 576 1559]]
[[ 714 1552]] , [[ 714 1557]]
[[ 714 1552]] , [[ 714 1557]]
[[ 714 1552]] , [[ 714 1557]]
[[ 714 1552]] , [[ 714 1557]]
[[ 638 1474]] , [[ 638 1479]]
[[ 712 1552]] , [[ 712 1553]]
[[ 790 1562]] , [[ 790 1567]]
[[ 556 1564]] , [[ 556 1569]]
[[ 546 1568]] , [[ 546 1575]]
[[ 556 1564]] , [[ 556 1567]]
[[ 740 1566]] , [[ 740 1567]]
[[ 620 1478]] , [[ 620 1482]]
[[ 700 1470]] , [[ 700 1471]]
[[ 622 1478]] , [[ 622 1482]]
[[ 733 1469]] , [[ 733 1473]]
[[ 732 1469]] , [[ 732 1470]]
[[ 727 1471]] , [[ 727 1475]]
[[ 348 1488]] , [[ 348 1492]]
[[ 599 1553]] , [[ 599 1557]]
[[ 599 1553]] , [[ 599 1557]]
[[ 438 1482]] , [[ 437 1483]]
[[ 736 1568]] , [[ 736 1573]]
[[ 736 1568]] , [[ 736 1573]]
[[ 590 1566]] , [[ 590 1571]]
[[ 540 1564]] , [[ 540 1569]]
[[ 588 1564]] , [[ 588 1565]]
[[ 568 1568]] , [[ 568 1575]]
[[ 588 1564]] , [[ 588 1565]]
[[ 529 1564]] , [[ 529 1568]]
[[ 590 1564]] , [[ 590 1569]]
[[ 568 1568]] , [[ 568 1575]]
[[ 552 1568]] , [[ 552 1571]]
[[ 788 1562]] , [[ 788 1567]]
[[ 776 1550]] , [[ 776 1555]]
[[ 548 1564]] , [[ 548 1569]]
[[ 664 1560]] , [[ 664 1567]]
[[ 788 1562]] , [[ 788 1567]]
[[ 852 1566]] , [[ 852 1571]]
[[ 852 1566]] , [[ 852 1571]]
[[ 550 1568]] , [[ 550 1571]]
[[ 784 1564]] , [[ 784 1569]]
[[ 546 1564]] , [[ 546 1569]]
[[ 546 1550]] , [[ 546 1555]]
[[ 528 1564]] , [[ 528 1566]]
[[ 531 1572]] , [[ 532 1571]]
[[ 686 1552]] , [[ 686 1557]]
[[ 564 1550]] , [[ 564 1555]]
[[ 564 1550]] , [[ 564 1555]]
[[ 688 1552]] , [[ 688 1557]]
[[ 718 1568]] , [[ 718 1573]]
[[ 568 1484]] , [[ 568 1488]]
[[ 533 1566]] , [[ 532 1567]]
[[ 746 1568]] , [[ 746 1569]]
[[ 586 1554]] , [[ 586 1559]]
[[ 724 1430]] , [[ 724 1435]]
[[ 774 1568]] , [[ 774 1569]]
[[ 561 1548]] , [[ 560 1549]]
[[ 688 1552]] , [[ 688 1557]]
[[ 548 1547]] , [[ 548 1551]]
[[ 548 1547]] , [[ 548 1551]]
[[ 560 1482]] , [[ 560 1487]]
[[ 560 1482]] , [[ 560 1487]]
[[ 543 1476]] , [[ 543 1481]]
[[ 545 1562]] , [[ 546 1561]]
[[ 702 1550]] , [[ 702 1552]]
[[ 782 1564]] , [[ 782 1565]]
[[ 696 1536]] , [[ 696 1545]]
[[ 544 1566]] , [[ 544 1573]]
[[ 544 1566]] , [[ 544 1573]]
[[ 632 1568]] , [[ 632 1573]]
[[ 556 1572]] , [[ 556 1573]]
[[ 746 1568]] , [[ 746 1573]]
[[ 631 1568]] , [[ 631 1573]]
[[ 631 1568]] , [[ 631 1573]]
[[ 572 1568]] , [[ 572 1573]]
[[ 558 1572]] , [[ 558 1573]]
[[ 720 1568]] , [[ 720 1572]]
[[ 746 1568]] , [[ 746 1569]]
[[ 774 1566]] , [[ 774 1567]]
[[ 746 1568]] , [[ 746 1574]]
[[ 839 1568]] , [[ 839 1572]]
[[ 746 1568]] , [[ 746 1574]]
[[ 825 1566]] , [[ 825 1570]]
[[ 706 1548]] , [[ 706 1549]]
[[ 514 1478]] , [[ 514 1483]]
[[ 824 1566]] , [[ 824 1571]]
[[ 556 1572]] , [[ 555 1573]]
[[ 702 1548]] , [[ 702 1559]]
[[ 766 1568]] , [[ 766 1573]]
[[ 650 1568]] , [[ 650 1574]]
[[ 572 1568]] , [[ 572 1573]]
[[ 844 1568]] , [[ 844 1572]]
[[ 842 1568]] , [[ 842 1573]]
[[ 475 1576]] , [[ 475 1580]]
[[ 714 1562]] , [[ 714 1567]]
[[ 714 1562]] , [[ 714 1567]]
[[ 750 1468]] , [[ 750 1472]]
[[ 792 1564]] , [[ 792 1569]]
[[ 782 1568]] , [[ 782 1573]]
[[ 522 1800]] , [[ 522 1807]]
[[ 585 1807]] , [[ 584 1808]]
[[ 577 1806]] , [[ 577 1808]]
[[ 784 1820]] , [[ 784 1825]]
[[  72 1820]] , [[  72 1825]]
[[ 498 1577]] , [[ 498 1581]]
[[ 510 1576]] , [[ 510 1581]]
[[  50 1820]] , [[  50 1825]]
[[ 474 1577]] , [[ 474 1581]]
[[ 758 1794]] , [[ 758 1799]]
[[ 474 1577]] , [[ 474 1581]]
[[ 748 1798]] , [[ 748 1802]]
[[  64 1818]] , [[  64 1822]]
[[  64 1818]] , [[  64 1823]]
[[ 746 1804]] , [[ 746 1808]]
[[  62 1814]] , [[  62 1821]]
[[  62 1812]] , [[  62 1821]]
[[ 572 1568]] , [[ 572 1573]]
[[ 333 1579]] , [[ 333 1583]]
[[ 527 1574]] , [[ 526 1575]]
[[ 784 1800]] , [[ 784 1807]]
[[ 750 1802]] , [[ 750 1803]]
[[ 728 1814]] , [[ 728 1820]]
[[ 728 1814]] , [[ 728 1818]]
[[ 454 1808]] , [[ 454 1812]]
[[ 790 1794]] , [[ 790 1801]]
[[ 320 1578]] , [[ 320 1583]]
[[  17 1814]] , [[  16 1815]]
[[ 330 1579]] , [[ 330 1583]]
[[ 725 1801]] , [[ 725 1805]]
[[  27 1813]] , [[  26 1814]]
[[  46 1817]] , [[  46 1821]]
[[ 534 1816]] , [[ 534 1821]]
[[ 458 1804]] , [[ 457 1805]]
[[  46 1817]] , [[  46 1821]]
[[ 554 1766]] , [[ 554 1771]]
[[ 516 1760]] , [[ 516 1769]]
[[ 712 1772]] , [[ 712 1777]]
[[   4 1819]] , [[   4 1823]]
[[ 720 1644]] , [[ 720 1649]]
[[ 572 1728]] , [[ 572 1737]]
[[ 600 1748]] , [[ 600 1753]]
[[ 560 1786]] , [[ 560 1791]]
[[ 560 1786]] , [[ 560 1791]]
[[ 720 1642]] , [[ 720 1643]]
[[ 510 1575]] , [[ 510 1576]]
[[ 526 1575]] , [[ 526 1579]]
[[ 526 1575]] , [[ 526 1579]]
[[ 556 1788]] , [[ 556 1792]]
[[ 753 1808]] , [[ 753 1813]]
[[ 768 1810]] , [[ 768 1815]]
[[ 830 1814]] , [[ 830 1820]]
[[ 770 1818]] , [[ 770 1823]]
[[   4 1818]] , [[   4 1821]]
[[   4 1818]] , [[   4 1821]]
[[ 470 1577]] , [[ 470 1581]]
[[ 514 1814]] , [[ 514 1819]]
[[ 522 1742]] , [[ 520 1744]]
[[ 530 1720]] , [[ 530 1724]]
[[ 508 1575]] , [[ 508 1576]]
[[ 513 1574]] , [[ 512 1575]]
[[ 513 1574]] , [[ 512 1575]]
[[ 548 1764]] , [[ 548 1769]]
[[ 504 1576]] , [[ 504 1581]]
[[ 505 1575]] , [[ 505 1576]]
[[ 513 1574]] , [[ 512 1575]]
[[ 472 1577]] , [[ 472 1581]]
[[ 510 1576]] , [[ 510 1581]]
[[ 590 1566]] , [[ 590 1571]]
[[ 426 1577]] , [[ 426 1581]]
[[ 510 1576]] , [[ 510 1581]]
[[ 768 1568]] , [[ 768 1574]]
[[ 513 1574]] , [[ 512 1575]]
[[ 524 1575]] , [[ 524 1579]]
[[ 766 1570]] , [[ 766 1574]]
[[ 784 1568]] , [[ 784 1573]]
[[ 513 1574]] , [[ 512 1575]]
[[ 513 1574]] , [[ 512 1575]]
[[ 560 1572]] , [[ 560 1578]]
[[ 712 1568]] , [[ 712 1574]]
[[ 776 1570]] , [[ 776 1574]]
[[ 776 1570]] , [[ 776 1574]]
[[ 698 1568]] , [[ 698 1573]]
[[ 609 1552]] , [[ 608 1553]]
[[ 784 1564]] , [[ 784 1565]]
[[ 786 1564]] , [[ 786 1565]]
[[ 698 1562]] , [[ 698 1567]]
[[ 600 1556]] , [[ 600 1561]]
[[ 666 1339]] , [[ 666 1343]]
[[ 632 1476]] , [[ 632 1481]]
[[ 632 1476]] , [[ 632 1481]]
[[ 848 1568]] , [[ 848 1573]]
[[  76 1454]] , [[  76 1458]]
[[ 240 1370]] , [[ 240 1374]]
[[ 684 1376]] , [[ 684 1380]]
[[ 689 1560]] , [[ 689 1567]]
[[ 240 1370]] , [[ 240 1374]]
[[ 780 1568]] , [[ 780 1573]]
[[ 702 1548]] , [[ 702 1553]]
[[ 702 1548]] , [[ 702 1553]]
[[ 658 1566]] , [[ 658 1571]]
[[ 702 1556]] , [[ 702 1561]]
[[ 702 1548]] , [[ 702 1553]]
[[ 744 1470]] , [[ 744 1475]]
[[ 780 1568]] , [[ 780 1573]]
[[ 656 1562]] , [[ 656 1567]]
[[ 706 1547]] , [[ 706 1551]]
[[ 706 1547]] , [[ 706 1551]]
[[ 828 1566]] , [[ 828 1571]]
[[ 852 1568]] , [[ 852 1573]]
[[ 571 1572]] , [[ 571 1576]]
[[ 558 1572]] , [[ 558 1573]]
[[ 562 1554]] , [[ 562 1561]]
[[ 700 1568]] , [[ 700 1573]]
[[ 669 1564]] , [[ 669 1568]]
[[ 566 1570]] , [[ 566 1571]]
[[ 751 1572]] , [[ 751 1576]]
[[ 750 1572]] , [[ 750 1576]]
[[ 784 1568]] , [[ 784 1572]]
[[ 240 1370]] , [[ 240 1374]]
[[ 240 1370]] , [[ 240 1374]]
[[ 672 1368]] , [[ 672 1373]]
[[ 704 1472]] , [[ 704 1477]]
[[ 740 1468]] , [[ 740 1473]]
[[ 740 1468]] , [[ 740 1473]]
[[ 706 1471]] , [[ 706 1477]]
[[ 736 1468]] , [[ 735 1469]]
[[ 720 1472]] , [[ 719 1473]]
[[ 668 1563]] , [[ 668 1567]]
[[ 720 1472]] , [[ 719 1473]]
[[ 624 1566]] , [[ 624 1567]]
[[ 810 1557]] , [[ 809 1558]]
[[ 544 1568]] , [[ 544 1573]]
[[ 768 1570]] , [[ 768 1574]]
[[ 800 1560]] , [[ 800 1565]]
[[ 512 1474]] , [[ 512 1475]]
[[ 800 1560]] , [[ 800 1566]]
[[ 536 1568]] , [[ 536 1575]]
[[ 566 1570]] , [[ 566 1576]]
[[ 536 1568]] , [[ 536 1575]]
[[ 800 1560]] , [[ 800 1565]]
[[ 697 1368]] , [[ 696 1369]]
[[ 800 1560]] , [[ 800 1565]]
[[ 612 1546]] , [[ 612 1551]]
[[ 706 1472]] , [[ 706 1477]]
[[ 706 1472]] , [[ 706 1477]]
[[ 696 1472]] , [[ 696 1477]]
[[ 674 1422]] , [[ 674 1431]]
[[ 576 1562]] , [[ 576 1567]]
[[ 732 1470]] , [[ 732 1475]]
[[ 740 1470]] , [[ 740 1475]]
[[ 578 1562]] , [[ 578 1567]]
[[ 538 1572]] , [[ 538 1577]]
[[ 656 1370]] , [[ 656 1375]]
[[ 656 1370]] , [[ 656 1375]]
[[ 671 1338]] , [[ 670 1339]]
[[ 671 1338]] , [[ 670 1339]]
[[ 370 1086]] , [[ 370 1090]]
[[170 570]] , [[170 571]]
[[ 788 1566]] , [[ 788 1571]]
[[ 564 1570]] , [[ 564 1571]]
[[ 784 1788]] , [[ 784 1793]]
[[ 784 1788]] , [[ 784 1793]]
[[ 824 1816]] , [[ 824 1820]]
[[ 810 1806]] , [[ 810 1809]]
[[ 564 1570]] , [[ 564 1575]]
[[ 780 1634]] , [[ 780 1639]]
[[ 710 1432]] , [[ 710 1436]]
[[   1 1040]] , [[   0 1041]]
[[176 570]] , [[176 574]]
[[  69 1277]] , [[  69 1281]]
[[  69 1277]] , [[  69 1281]]
[[ 742 1468]] , [[ 742 1472]]
[[  96 1581]] , [[  96 1585]]
[[ 536 1560]] , [[ 536 1565]]
[[ 530 1560]] , [[ 530 1565]]
[[ 752 1572]] , [[ 752 1576]]
[[   6 1048]] , [[   6 1053]]
[[ 496 1576]] , [[ 496 1581]]
[[  68 1246]] , [[  68 1253]]
[[ 530 1736]] , [[ 530 1740]]
[[ 544 1568]] , [[ 544 1573]]
[[ 552 1568]] , [[ 552 1573]]
[[ 542 1568]] , [[ 542 1573]]
[[ 752 1570]] , [[ 752 1576]]
[[ 752 1570]] , [[ 752 1576]]
[[ 752 1570]] , [[ 752 1576]]
[[ 868 1806]] , [[ 868 1813]]
[[ 812 1634]] , [[ 812 1639]]
[[ 750 1572]] , [[ 750 1576]]
[[ 600 1562]] , [[ 600 1566]]
[[ 458 1484]] , [[ 458 1489]]
[[ 524 1575]] , [[ 524 1579]]
[[ 556 1474]] , [[ 556 1485]]
[[ 546 1560]] , [[ 546 1567]]
[[ 750 1570]] , [[ 750 1574]]
[[ 576 1560]] , [[ 576 1565]]
[[ 694 1560]] , [[ 694 1561]]
[[ 646 1572]] , [[ 646 1576]]
[[ 340 1577]] , [[ 340 1578]]
[[ 334 1579]] , [[ 334 1583]]
[[ 753 1805]] , [[ 753 1809]]
[[  40 1820]] , [[  40 1825]]
[[ 608 1562]] , [[ 608 1569]]
[[   6 1582]] , [[   6 1587]]
[[ 646 1662]] , [[ 646 1667]]
[[ 752 1780]] , [[ 752 1785]]
[[ 746 1568]] , [[ 746 1573]]
[[ 568 1568]] , [[ 568 1573]]
[[ 734 1568]] , [[ 734 1572]]
[[ 554 1758]] , [[ 554 1767]]
[[ 734 1568]] , [[ 734 1572]]
[[ 540 1570]] , [[ 540 1575]]
[[ 734 1568]] , [[ 734 1572]]
[[ 734 1568]] , [[ 734 1572]]
[[ 768 1568]] , [[ 768 1573]]
[[ 556 1568]] , [[ 556 1573]]
[[ 554 1481]] , [[ 554 1487]]
[[ 748 1568]] , [[ 748 1575]]
[[ 748 1570]] , [[ 748 1575]]
[[ 510 1576]] , [[ 510 1580]]
[[ 768 1568]] , [[ 768 1572]]
[[ 570 1568]] , [[ 570 1573]]
[[ 570 1568]] , [[ 570 1573]]
[[ 748 1570]] , [[ 748 1575]]
[[ 766 1568]] , [[ 766 1572]]
[[ 770 1786]] , [[ 770 1791]]
[[ 800 1810]] , [[ 800 1815]]
[[  14 1820]] , [[  14 1825]]
[[ 834 1564]] , [[ 834 1570]]
[[ 748 1568]] , [[ 748 1575]]
[[ 748 1568]] , [[ 748 1575]]
[[ 796 1552]] , [[ 796 1557]]
[[ 446 1483]] , [[ 446 1488]]
[[ 446 1482]] , [[ 446 1488]]
[[ 446 1482]] , [[ 446 1487]]
[[ 734 1468]] , [[ 733 1469]]
[[ 732 1469]] , [[ 731 1470]]
[[ 702 1558]] , [[ 702 1563]]
[[ 640 1476]] , [[ 640 1481]]
[[ 684 1552]] , [[ 684 1557]]
[[ 768 1804]] , [[ 768 1821]]
[[ 592 1560]] , [[ 592 1567]]
[[ 592 1560]] , [[ 592 1567]]
[[ 614 1548]] , [[ 614 1553]]
[[ 846 1560]] , [[ 846 1561]]
[[ 664 1560]] , [[ 664 1569]]
[[ 486 1572]] , [[ 486 1577]]
[[ 727 1570]] , [[ 727 1574]]
[[ 834 1562]] , [[ 834 1563]]
[[ 750 1568]] , [[ 750 1569]]
[[ 462 1577]] , [[ 462 1581]]
[[ 312 1579]] , [[ 312 1583]]
[[  64 1814]] , [[  64 1821]]
[[ 772 1818]] , [[ 772 1823]]
[[ 564 1810]] , [[ 564 1819]]
[[ 772 1814]] , [[ 772 1823]]
[[  48 1816]] , [[  48 1825]]
[[  60 1582]] , [[  60 1586]]
[[ 406 1578]] , [[ 406 1582]]
[[ 406 1578]] , [[ 406 1582]]
[[ 460 1577]] , [[ 460 1581]]
[[ 460 1577]] , [[ 460 1581]]
[[ 848 1566]] , [[ 848 1572]]
[[ 696 1744]] , [[ 696 1748]]
[[ 782 1634]] , [[ 782 1639]]
[[ 780 1634]] , [[ 780 1635]]
[[ 546 1724]] , [[ 546 1729]]
[[ 548 1760]] , [[ 548 1765]]
[[ 570 1784]] , [[ 570 1793]]
[[ 594 1778]] , [[ 594 1790]]
[[ 780 1634]] , [[ 780 1639]]
[[ 780 1634]] , [[ 780 1639]]
[[  38 1809]] , [[  37 1810]]
[[ 780 1634]] , [[ 780 1639]]
[[  44 1820]] , [[  44 1825]]
[[ 652 1816]] , [[ 652 1822]]
[[ 554 1816]] , [[ 554 1821]]
[[ 554 1782]] , [[ 554 1787]]
[[ 564 1800]] , [[ 564 1805]]
[[ 402 1802]] , [[ 402 1807]]
[[ 705 1786]] , [[ 704 1787]]
[[  36 1814]] , [[  36 1823]]
[[ 776 1568]] , [[ 776 1572]]
[[ 664 1565]] , [[ 663 1566]]
[[ 665 1566]] , [[ 665 1571]]
[[   8 1814]] , [[   8 1823]]
[[  48 1815]] , [[  48 1823]]
[[ 798 1816]] , [[ 798 1817]]
[[ 674 1816]] , [[ 674 1823]]
[[ 701 1811]] , [[ 701 1815]]
[[ 672 1816]] , [[ 672 1823]]
[[ 700 1812]] , [[ 700 1817]]
[[ 852 1811]] , [[ 852 1815]]
[[ 852 1808]] , [[ 852 1815]]
[[ 688 1648]] , [[ 688 1659]]
[[ 752 1798]] , [[ 752 1809]]
[[ 912 1579]] , [[ 912 1583]]
[[  26 1814]] , [[  26 1815]]
[[ 824 1816]] , [[ 824 1820]]
[[  26 1814]] , [[  26 1815]]
[[ 579 1752]] , [[ 579 1756]]
[[  26 1814]] , [[  26 1821]]
[[ 912 1578]] , [[ 912 1582]]
[[ 239 1824]] , [[ 238 1825]]
[[  56 1820]] , [[  56 1825]]
[[ 487 1822]] , [[ 487 1827]]
[[  44 1818]] , [[  44 1819]]
[[ 800 1820]] , [[ 800 1825]]
[[ 824 1816]] , [[ 824 1820]]
[[  32 1820]] , [[  32 1825]]
[[ 884 1816]] , [[ 884 1821]]
[[ 884 1816]] , [[ 884 1821]]
[[ 794 1808]] , [[ 794 1809]]
[[ 788 1816]] , [[ 788 1821]]
[[ 600 1812]] , [[ 600 1816]]
[[ 568 1800]] , [[ 568 1805]]
[[ 608 1780]] , [[ 608 1785]]
[[ 744 1794]] , [[ 744 1806]]
[[ 440 1804]] , [[ 440 1809]]
[[ 520 1752]] , [[ 520 1761]]
[[ 415 1577]] , [[ 415 1581]]
[[ 523 1574]] , [[ 522 1575]]
[[ 738 1778]] , [[ 738 1782]]
[[ 546 1804]] , [[ 546 1809]]
[[  34 1818]] , [[  34 1824]]
[[   0 1816]] , [[   0 1825]]
[[ 488 1822]] , [[ 488 1828]]
[[   8 1814]] , [[   8 1815]]
[[ 890 1808]] , [[ 890 1813]]
[[  32 1814]] , [[  32 1824]]
[[ 732 1782]] , [[ 732 1787]]
[[ 752 1806]] , [[ 752 1815]]
[[ 776 1810]] , [[ 776 1815]]
[[  30 1812]] , [[  30 1825]]
[[ 516 1816]] , [[ 516 1821]]
[[ 268 1579]] , [[ 268 1583]]
[[ 659 1782]] , [[ 658 1783]]
[[ 556 1564]] , [[ 556 1569]]
[[ 524 1573]] , [[ 524 1577]]
[[ 748 1570]] , [[ 748 1575]]
[[ 448 1762]] , [[ 448 1769]]
[[ 560 1792]] , [[ 560 1796]]
[[ 654 1776]] , [[ 654 1781]]
[[ 456 1808]] , [[ 456 1813]]
[[ 650 1788]] , [[ 650 1793]]
[[ 652 1776]] , [[ 652 1777]]
[[ 652 1776]] , [[ 652 1781]]
[[ 800 1800]] , [[ 800 1809]]
[[ 448 1758]] , [[ 448 1765]]
[[ 544 1732]] , [[ 544 1739]]
[[ 577 1757]] , [[ 577 1761]]
[[ 880 1810]] , [[ 880 1817]]
[[ 508 1576]] , [[ 508 1580]]
[[ 740 1570]] , [[ 740 1574]]
[[ 563 1570]] , [[ 562 1571]]
[[ 563 1570]] , [[ 562 1571]]
[[ 714 1550]] , [[ 714 1561]]
[[ 816 1804]] , [[ 816 1809]]
[[ 508 1576]] , [[ 508 1581]]
[[ 508 1576]] , [[ 508 1581]]
[[ 746 1808]] , [[ 746 1813]]
[[ 505 1750]] , [[ 505 1757]]
[[ 554 1724]] , [[ 554 1728]]
[[ 780 1568]] , [[ 780 1572]]
[[ 878 1570]] , [[ 878 1574]]
[[ 508 1576]] , [[ 508 1581]]
[[ 877 1570]] , [[ 877 1574]]
[[ 564 1570]] , [[ 564 1571]]
[[ 604 1557]] , [[ 604 1561]]
[[ 510 1576]] , [[ 509 1577]]
[[ 754 1570]] , [[ 754 1574]]
[[ 564 1770]] , [[ 564 1775]]
[[ 508 1576]] , [[ 508 1580]]
[[ 734 1810]] , [[ 734 1815]]
[[ 734 1810]] , [[ 734 1815]]
[[ 508 1576]] , [[ 508 1581]]
[[  28 1813]] , [[  28 1817]]
[[ 490 1706]] , [[ 490 1711]]
[[ 528 1812]] , [[ 528 1817]]
[[ 628 1548]] , [[ 628 1553]]
[[ 768 1568]] , [[ 768 1573]]
[[ 720 1568]] , [[ 720 1574]]
[[ 716 1564]] , [[ 716 1569]]
[[ 564 1572]] , [[ 564 1577]]
[[ 522 1796]] , [[ 522 1800]]
[[  72 1581]] , [[  72 1585]]
[[ 508 1576]] , [[ 508 1580]]
[[  12 1581]] , [[  12 1585]]
[[ 776 1570]] , [[ 776 1574]]
[[ 564 1570]] , [[ 564 1571]]
[[ 812 1560]] , [[ 812 1567]]
[[ 812 1560]] , [[ 812 1567]]
[[ 744 1782]] , [[ 744 1787]]
[[ 554 1782]] , [[ 554 1787]]
[[ 150 1581]] , [[ 150 1585]]
[[ 554 1810]] , [[ 554 1817]]
[[ 624 1474]] , [[ 624 1479]]
[[ 718 1422]] , [[ 718 1433]]
[[ 540 1480]] , [[ 540 1484]]
[[ 733 1470]] , [[ 732 1471]]
[[  84 1446]] , [[  84 1450]]
[[ 669 1424]] , [[ 669 1428]]
[[ 732 1428]] , [[ 732 1435]]
[[  70 1262]] , [[  70 1263]]
[[ 732 1428]] , [[ 732 1435]]
[[ 670 1424]] , [[ 670 1429]]
[[ 702 1540]] , [[ 702 1549]]
[[ 723 1471]] , [[ 723 1475]]
[[ 570 1556]] , [[ 569 1557]]
[[ 556 1550]] , [[ 556 1555]]
[[ 696 1552]] , [[ 696 1563]]
[[ 700 1550]] , [[ 699 1551]]
[[ 748 1565]] , [[ 747 1566]]
[[ 588 1568]] , [[ 588 1575]]
[[ 513 1572]] , [[ 513 1577]]
[[ 702 1550]] , [[ 702 1555]]
[[ 682 1550]] , [[ 682 1559]]
[[ 678 1550]] , [[ 678 1555]]
[[ 779 1808]] , [[ 779 1810]]
[[ 832 1640]] , [[ 832 1645]]
[[ 832 1656]] , [[ 832 1663]]
[[ 650 1569]] , [[ 649 1570]]
[[ 778 1810]] , [[ 778 1815]]
[[ 780 1810]] , [[ 780 1815]]
[[ 780 1810]] , [[ 780 1815]]
[[ 648 1569]] , [[ 647 1570]]
[[ 160 1581]] , [[ 160 1585]]
[[ 730 1470]] , [[ 729 1471]]
[[ 581 1568]] , [[ 581 1572]]
[[ 581 1568]] , [[ 581 1572]]
[[ 708 1564]] , [[ 708 1569]]
[[ 572 1564]] , [[ 572 1569]]
[[ 618 1552]] , [[ 618 1555]]
[[ 608 1554]] , [[ 608 1559]]
[[ 618 1552]] , [[ 618 1557]]
[[ 570 1566]] , [[ 570 1571]]
[[ 776 1568]] , [[ 776 1573]]
[[ 782 1566]] , [[ 782 1567]]
[[ 782 1566]] , [[ 782 1567]]
[[ 462 1494]] , [[ 462 1500]]
[[ 776 1568]] , [[ 776 1573]]
[[ 716 1570]] , [[ 716 1574]]
[[ 540 1570]] , [[ 540 1577]]
[[ 610 1568]] , [[ 610 1573]]
[[ 610 1568]] , [[ 610 1569]]
[[ 556 1564]] , [[ 556 1565]]
[[ 572 1558]] , [[ 572 1561]]
[[ 790 1562]] , [[ 790 1567]]
[[ 594 1564]] , [[ 594 1569]]
[[ 742 1568]] , [[ 742 1573]]
[[ 742 1568]] , [[ 742 1573]]
[[ 594 1564]] , [[ 594 1569]]
[[ 576 1558]] , [[ 576 1559]]
[[ 594 1564]] , [[ 594 1569]]
[[ 576 1558]] , [[ 576 1559]]
[[ 714 1552]] , [[ 714 1557]]
[[ 714 1552]] , [[ 714 1557]]
[[ 714 1552]] , [[ 714 1557]]
[[ 714 1552]] , [[ 714 1557]]
[[ 638 1474]] , [[ 638 1479]]
[[ 712 1552]] , [[ 712 1553]]
[[ 790 1562]] , [[ 790 1567]]
[[ 556 1564]] , [[ 556 1569]]
[[ 546 1568]] , [[ 546 1575]]
[[ 556 1564]] , [[ 556 1567]]
[[ 740 1566]] , [[ 740 1567]]
[[ 620 1478]] , [[ 620 1482]]
[[ 700 1470]] , [[ 700 1471]]
[[ 622 1478]] , [[ 622 1482]]
[[ 733 1469]] , [[ 733 1473]]
[[ 732 1469]] , [[ 732 1470]]
[[ 727 1471]] , [[ 727 1475]]
[[ 348 1488]] , [[ 348 1492]]
[[ 599 1553]] , [[ 599 1557]]
[[ 599 1553]] , [[ 599 1557]]
[[ 438 1482]] , [[ 437 1483]]
[[ 736 1568]] , [[ 736 1573]]
[[ 736 1568]] , [[ 736 1573]]
[[ 590 1566]] , [[ 590 1571]]
[[ 540 1564]] , [[ 540 1569]]
[[ 588 1564]] , [[ 588 1565]]
[[ 568 1568]] , [[ 568 1575]]
[[ 588 1564]] , [[ 588 1565]]
[[ 529 1564]] , [[ 529 1568]]
[[ 590 1564]] , [[ 590 1569]]
[[ 568 1568]] , [[ 568 1575]]
[[ 552 1568]] , [[ 552 1571]]
[[ 788 1562]] , [[ 788 1567]]
[[ 776 1550]] , [[ 776 1555]]
[[ 548 1564]] , [[ 548 1569]]
[[ 664 1560]] , [[ 664 1567]]
[[ 788 1562]] , [[ 788 1567]]
[[ 852 1566]] , [[ 852 1571]]
[[ 852 1566]] , [[ 852 1571]]
[[ 550 1568]] , [[ 550 1571]]
[[ 784 1564]] , [[ 784 1569]]
[[ 546 1564]] , [[ 546 1569]]
[[ 546 1550]] , [[ 546 1555]]
[[ 528 1564]] , [[ 528 1566]]
[[ 531 1572]] , [[ 532 1571]]
[[ 686 1552]] , [[ 686 1557]]
[[ 564 1550]] , [[ 564 1555]]
[[ 564 1550]] , [[ 564 1555]]
[[ 688 1552]] , [[ 688 1557]]
[[ 718 1568]] , [[ 718 1573]]
[[ 568 1484]] , [[ 568 1488]]
[[ 533 1566]] , [[ 532 1567]]
[[ 746 1568]] , [[ 746 1569]]
[[ 586 1554]] , [[ 586 1559]]
[[ 724 1430]] , [[ 724 1435]]
[[ 774 1568]] , [[ 774 1569]]
[[ 561 1548]] , [[ 560 1549]]
[[ 688 1552]] , [[ 688 1557]]
[[ 548 1547]] , [[ 548 1551]]
[[ 548 1547]] , [[ 548 1551]]
[[ 560 1482]] , [[ 560 1487]]
[[ 560 1482]] , [[ 560 1487]]
[[ 543 1476]] , [[ 543 1481]]
[[ 545 1562]] , [[ 546 1561]]
[[ 702 1550]] , [[ 702 1552]]
[[ 782 1564]] , [[ 782 1565]]
[[ 696 1536]] , [[ 696 1545]]
[[ 544 1566]] , [[ 544 1573]]
[[ 544 1566]] , [[ 544 1573]]
[[ 632 1568]] , [[ 632 1573]]
[[ 556 1572]] , [[ 556 1573]]
[[ 746 1568]] , [[ 746 1573]]
[[ 631 1568]] , [[ 631 1573]]
[[ 631 1568]] , [[ 631 1573]]
[[ 572 1568]] , [[ 572 1573]]
[[ 558 1572]] , [[ 558 1573]]
[[ 720 1568]] , [[ 720 1572]]
[[ 746 1568]] , [[ 746 1569]]
[[ 774 1566]] , [[ 774 1567]]
[[ 746 1568]] , [[ 746 1574]]
[[ 839 1568]] , [[ 839 1572]]
[[ 746 1568]] , [[ 746 1574]]
[[ 825 1566]] , [[ 825 1570]]
[[ 706 1548]] , [[ 706 1549]]
[[ 514 1478]] , [[ 514 1483]]
[[ 824 1566]] , [[ 824 1571]]
[[ 556 1572]] , [[ 555 1573]]
[[ 702 1548]] , [[ 702 1559]]
[[ 766 1568]] , [[ 766 1573]]
[[ 650 1568]] , [[ 650 1574]]
[[ 572 1568]] , [[ 572 1573]]
[[ 844 1568]] , [[ 844 1572]]
[[ 842 1568]] , [[ 842 1573]]
[[ 475 1576]] , [[ 475 1580]]
[[ 714 1562]] , [[ 714 1567]]
[[ 714 1562]] , [[ 714 1567]]
[[ 750 1468]] , [[ 750 1472]]
[[ 792 1564]] , [[ 792 1569]]
[[ 782 1568]] , [[ 782 1573]]
[[ 522 1800]] , [[ 522 1807]]
[[ 585 1807]] , [[ 584 1808]]
[[ 577 1806]] , [[ 577 1808]]
[[ 784 1820]] , [[ 784 1825]]
[[  72 1820]] , [[  72 1825]]
[[ 498 1577]] , [[ 498 1581]]
[[ 510 1576]] , [[ 510 1581]]
[[  50 1820]] , [[  50 1825]]
[[ 474 1577]] , [[ 474 1581]]
[[ 758 1794]] , [[ 758 1799]]
[[ 474 1577]] , [[ 474 1581]]
[[ 748 1798]] , [[ 748 1802]]
[[  64 1818]] , [[  64 1822]]
[[  64 1818]] , [[  64 1823]]
[[ 746 1804]] , [[ 746 1808]]
[[  62 1814]] , [[  62 1821]]
[[  62 1812]] , [[  62 1821]]
[[ 572 1568]] , [[ 572 1573]]
[[ 333 1579]] , [[ 333 1583]]
[[ 527 1574]] , [[ 526 1575]]
[[ 784 1800]] , [[ 784 1807]]
[[ 750 1802]] , [[ 750 1803]]
[[ 728 1814]] , [[ 728 1820]]
[[ 728 1814]] , [[ 728 1818]]
[[ 454 1808]] , [[ 454 1812]]
[[ 790 1794]] , [[ 790 1801]]
[[ 320 1578]] , [[ 320 1583]]
[[  17 1814]] , [[  16 1815]]
[[ 330 1579]] , [[ 330 1583]]
[[ 725 1801]] , [[ 725 1805]]
[[  27 1813]] , [[  26 1814]]
[[  46 1817]] , [[  46 1821]]
[[ 534 1816]] , [[ 534 1821]]
[[ 458 1804]] , [[ 457 1805]]
[[  46 1817]] , [[  46 1821]]
[[ 554 1766]] , [[ 554 1771]]
[[ 516 1760]] , [[ 516 1769]]
[[ 712 1772]] , [[ 712 1777]]
[[   4 1819]] , [[   4 1823]]
[[ 720 1644]] , [[ 720 1649]]
[[ 572 1728]] , [[ 572 1737]]
[[ 600 1748]] , [[ 600 1753]]
[[ 560 1786]] , [[ 560 1791]]
[[ 560 1786]] , [[ 560 1791]]
[[ 720 1642]] , [[ 720 1643]]
[[ 510 1575]] , [[ 510 1576]]
[[ 526 1575]] , [[ 526 1579]]
[[ 526 1575]] , [[ 526 1579]]
[[ 556 1788]] , [[ 556 1792]]
[[ 753 1808]] , [[ 753 1813]]
[[ 768 1810]] , [[ 768 1815]]
[[ 830 1814]] , [[ 830 1820]]
[[ 770 1818]] , [[ 770 1823]]
[[   4 1818]] , [[   4 1821]]
[[   4 1818]] , [[   4 1821]]
[[ 470 1577]] , [[ 470 1581]]
[[ 514 1814]] , [[ 514 1819]]
[[ 522 1742]] , [[ 520 1744]]
[[ 530 1720]] , [[ 530 1724]]
[[ 508 1575]] , [[ 508 1576]]
[[ 513 1574]] , [[ 512 1575]]
[[ 513 1574]] , [[ 512 1575]]
[[ 548 1764]] , [[ 548 1769]]
[[ 504 1576]] , [[ 504 1581]]
[[ 505 1575]] , [[ 505 1576]]
[[ 513 1574]] , [[ 512 1575]]
[[ 472 1577]] , [[ 472 1581]]
[[ 510 1576]] , [[ 510 1581]]
[[ 590 1566]] , [[ 590 1571]]
[[ 426 1577]] , [[ 426 1581]]
[[ 510 1576]] , [[ 510 1581]]
[[ 768 1568]] , [[ 768 1574]]
[[ 513 1574]] , [[ 512 1575]]
[[ 524 1575]] , [[ 524 1579]]
[[ 766 1570]] , [[ 766 1574]]
[[ 784 1568]] , [[ 784 1573]]
[[ 513 1574]] , [[ 512 1575]]
[[ 513 1574]] , [[ 512 1575]]
[[ 560 1572]] , [[ 560 1578]]
[[ 712 1568]] , [[ 712 1574]]
[[ 776 1570]] , [[ 776 1574]]
[[ 776 1570]] , [[ 776 1574]]
[[ 698 1568]] , [[ 698 1573]]
[[ 609 1552]] , [[ 608 1553]]
[[ 784 1564]] , [[ 784 1565]]
[[ 786 1564]] , [[ 786 1565]]
[[ 698 1562]] , [[ 698 1567]]
[[ 600 1556]] , [[ 600 1561]]
[[ 666 1339]] , [[ 666 1343]]
[[ 632 1476]] , [[ 632 1481]]
[[ 632 1476]] , [[ 632 1481]]
[[ 848 1568]] , [[ 848 1573]]
[[  76 1454]] , [[  76 1458]]
[[ 240 1370]] , [[ 240 1374]]
[[ 684 1376]] , [[ 684 1380]]
[[ 689 1560]] , [[ 689 1567]]
[[ 240 1370]] , [[ 240 1374]]
[[ 780 1568]] , [[ 780 1573]]
[[ 702 1548]] , [[ 702 1553]]
[[ 702 1548]] , [[ 702 1553]]
[[ 658 1566]] , [[ 658 1571]]
[[ 702 1556]] , [[ 702 1561]]
[[ 702 1548]] , [[ 702 1553]]
[[ 744 1470]] , [[ 744 1475]]
[[ 780 1568]] , [[ 780 1573]]
[[ 656 1562]] , [[ 656 1567]]
[[ 706 1547]] , [[ 706 1551]]
[[ 706 1547]] , [[ 706 1551]]
[[ 828 1566]] , [[ 828 1571]]
[[ 852 1568]] , [[ 852 1573]]
[[ 571 1572]] , [[ 571 1576]]
[[ 558 1572]] , [[ 558 1573]]
[[ 562 1554]] , [[ 562 1561]]
[[ 700 1568]] , [[ 700 1573]]
[[ 669 1564]] , [[ 669 1568]]
[[ 566 1570]] , [[ 566 1571]]
[[ 751 1572]] , [[ 751 1576]]
[[ 750 1572]] , [[ 750 1576]]
[[ 784 1568]] , [[ 784 1572]]
[[ 240 1370]] , [[ 240 1374]]
[[ 240 1370]] , [[ 240 1374]]
[[ 672 1368]] , [[ 672 1373]]
[[ 704 1472]] , [[ 704 1477]]
[[ 740 1468]] , [[ 740 1473]]
[[ 740 1468]] , [[ 740 1473]]
[[ 706 1471]] , [[ 706 1477]]
[[ 736 1468]] , [[ 735 1469]]
[[ 720 1472]] , [[ 719 1473]]
[[ 668 1563]] , [[ 668 1567]]
[[ 720 1472]] , [[ 719 1473]]
[[ 624 1566]] , [[ 624 1567]]
[[ 810 1557]] , [[ 809 1558]]
[[ 544 1568]] , [[ 544 1573]]
[[ 768 1570]] , [[ 768 1574]]
[[ 800 1560]] , [[ 800 1565]]
[[ 512 1474]] , [[ 512 1475]]
[[ 800 1560]] , [[ 800 1566]]
[[ 536 1568]] , [[ 536 1575]]
[[ 566 1570]] , [[ 566 1576]]
[[ 536 1568]] , [[ 536 1575]]
[[ 800 1560]] , [[ 800 1565]]
[[ 697 1368]] , [[ 696 1369]]
[[ 800 1560]] , [[ 800 1565]]
[[ 612 1546]] , [[ 612 1551]]
[[ 706 1472]] , [[ 706 1477]]
[[ 706 1472]] , [[ 706 1477]]
[[ 696 1472]] , [[ 696 1477]]
[[ 674 1422]] , [[ 674 1431]]
[[ 576 1562]] , [[ 576 1567]]
[[ 732 1470]] , [[ 732 1475]]
[[ 740 1470]] , [[ 740 1475]]
[[ 578 1562]] , [[ 578 1567]]
[[ 538 1572]] , [[ 538 1577]]
[[ 656 1370]] , [[ 656 1375]]
[[ 656 1370]] , [[ 656 1375]]
[[ 671 1338]] , [[ 670 1339]]
[[ 671 1338]] , [[ 670 1339]]
[[ 370 1086]] , [[ 370 1090]]
[[170 570]] , [[170 571]]
[[ 788 1566]] , [[ 788 1571]]
[[ 564 1570]] , [[ 564 1571]]
[[ 784 1788]] , [[ 784 1793]]
[[ 784 1788]] , [[ 784 1793]]
[[ 824 1816]] , [[ 824 1820]]
[[ 810 1806]] , [[ 810 1809]]
[[ 564 1570]] , [[ 564 1575]]
[[ 780 1634]] , [[ 780 1639]]
[[ 710 1432]] , [[ 710 1436]]
[[   1 1040]] , [[   0 1041]]
[[176 570]] , [[176 574]]
[[  69 1277]] , [[  69 1281]]
[[  69 1277]] , [[  69 1281]]
[[ 742 1468]] , [[ 742 1472]]
[[  96 1581]] , [[  96 1585]]
[[ 536 1560]] , [[ 536 1565]]
[[ 530 1560]] , [[ 530 1565]]
[[ 752 1572]] , [[ 752 1576]]
[[   6 1048]] , [[   6 1053]]
[[ 496 1576]] , [[ 496 1581]]
[[  68 1246]] , [[  68 1253]]
[[ 530 1736]] , [[ 530 1740]]
[[ 544 1568]] , [[ 544 1573]]
[[ 552 1568]] , [[ 552 1573]]
[[ 542 1568]] , [[ 542 1573]]
[[ 752 1570]] , [[ 752 1576]]
[[ 752 1570]] , [[ 752 1576]]
[[ 752 1570]] , [[ 752 1576]]
[[ 868 1806]] , [[ 868 1813]]
[[ 812 1634]] , [[ 812 1639]]
[[ 750 1572]] , [[ 750 1576]]
[[ 600 1562]] , [[ 600 1566]]
[[ 458 1484]] , [[ 458 1489]]
[[ 524 1575]] , [[ 524 1579]]
[[ 556 1474]] , [[ 556 1485]]
[[ 546 1560]] , [[ 546 1567]]
[[ 750 1570]] , [[ 750 1574]]
[[ 576 1560]] , [[ 576 1565]]
[[ 694 1560]] , [[ 694 1561]]
[[ 646 1572]] , [[ 646 1576]]
[[ 340 1577]] , [[ 340 1578]]
[[ 334 1579]] , [[ 334 1583]]
[[ 753 1805]] , [[ 753 1809]]
[[  40 1820]] , [[  40 1825]]
[[ 608 1562]] , [[ 608 1569]]
[[   6 1582]] , [[   6 1587]]
[[ 646 1662]] , [[ 646 1667]]
[[ 752 1780]] , [[ 752 1785]]
[[ 746 1568]] , [[ 746 1573]]
[[ 568 1568]] , [[ 568 1573]]
[[ 734 1568]] , [[ 734 1572]]
[[ 554 1758]] , [[ 554 1767]]
[[ 734 1568]] , [[ 734 1572]]
[[ 540 1570]] , [[ 540 1575]]
[[ 734 1568]] , [[ 734 1572]]
[[ 734 1568]] , [[ 734 1572]]
[[ 768 1568]] , [[ 768 1573]]
[[ 556 1568]] , [[ 556 1573]]
[[ 554 1481]] , [[ 554 1487]]
[[ 748 1568]] , [[ 748 1575]]
[[ 748 1570]] , [[ 748 1575]]
[[ 510 1576]] , [[ 510 1580]]
[[ 768 1568]] , [[ 768 1572]]
[[ 570 1568]] , [[ 570 1573]]
[[ 570 1568]] , [[ 570 1573]]
[[ 748 1570]] , [[ 748 1575]]
[[ 766 1568]] , [[ 766 1572]]
[[ 770 1786]] , [[ 770 1791]]
[[ 800 1810]] , [[ 800 1815]]
[[  14 1820]] , [[  14 1825]]
[[ 834 1564]] , [[ 834 1570]]
[[ 748 1568]] , [[ 748 1575]]
[[ 748 1568]] , [[ 748 1575]]
[[ 796 1552]] , [[ 796 1557]]
[[ 446 1483]] , [[ 446 1488]]
[[ 446 1482]] , [[ 446 1488]]
[[ 446 1482]] , [[ 446 1487]]
[[ 734 1468]] , [[ 733 1469]]
[[ 732 1469]] , [[ 731 1470]]
[[ 702 1558]] , [[ 702 1563]]
[[ 640 1476]] , [[ 640 1481]]
[[ 684 1552]] , [[ 684 1557]]
[[ 768 1804]] , [[ 768 1821]]
[[ 592 1560]] , [[ 592 1567]]
[[ 592 1560]] , [[ 592 1567]]
[[ 614 1548]] , [[ 614 1553]]
[[ 846 1560]] , [[ 846 1561]]
[[ 664 1560]] , [[ 664 1569]]
[[ 486 1572]] , [[ 486 1577]]
[[ 727 1570]] , [[ 727 1574]]
[[ 834 1562]] , [[ 834 1563]]
[[ 750 1568]] , [[ 750 1569]]
[[ 462 1577]] , [[ 462 1581]]
[[ 312 1579]] , [[ 312 1583]]
[[  64 1814]] , [[  64 1821]]
[[ 772 1818]] , [[ 772 1823]]
[[ 564 1810]] , [[ 564 1819]]
[[ 772 1814]] , [[ 772 1823]]
[[  48 1816]] , [[  48 1825]]
[[  60 1582]] , [[  60 1586]]
[[ 406 1578]] , [[ 406 1582]]
[[ 406 1578]] , [[ 406 1582]]
[[ 460 1577]] , [[ 460 1581]]
[[ 460 1577]] , [[ 460 1581]]
[[ 848 1566]] , [[ 848 1572]]
[[ 696 1744]] , [[ 696 1748]]
[[ 782 1634]] , [[ 782 1639]]
[[ 780 1634]] , [[ 780 1635]]
[[ 546 1724]] , [[ 546 1729]]
[[ 548 1760]] , [[ 548 1765]]
[[ 570 1784]] , [[ 570 1793]]
[[ 594 1778]] , [[ 594 1790]]
[[ 780 1634]] , [[ 780 1639]]
[[ 780 1634]] , [[ 780 1639]]
[[  38 1809]] , [[  37 1810]]
[[ 780 1634]] , [[ 780 1639]]
[[  44 1820]] , [[  44 1825]]
[[ 652 1816]] , [[ 652 1822]]
[[ 554 1816]] , [[ 554 1821]]
[[ 554 1782]] , [[ 554 1787]]
[[ 564 1800]] , [[ 564 1805]]
[[ 402 1802]] , [[ 402 1807]]
[[ 705 1786]] , [[ 704 1787]]
[[  36 1814]] , [[  36 1823]]
[[ 776 1568]] , [[ 776 1572]]
[[ 664 1565]] , [[ 663 1566]]
[[ 665 1566]] , [[ 665 1571]]
[[   8 1814]] , [[   8 1823]]
[[  48 1815]] , [[  48 1823]]
[[ 798 1816]] , [[ 798 1817]]
[[ 674 1816]] , [[ 674 1823]]
[[ 701 1811]] , [[ 701 1815]]
[[ 672 1816]] , [[ 672 1823]]
[[ 700 1812]] , [[ 700 1817]]
[[ 852 1811]] , [[ 852 1815]]
[[ 852 1808]] , [[ 852 1815]]
[[ 688 1648]] , [[ 688 1659]]
[[ 752 1798]] , [[ 752 1809]]
[[ 912 1579]] , [[ 912 1583]]
[[  26 1814]] , [[  26 1815]]
[[ 824 1816]] , [[ 824 1820]]
[[  26 1814]] , [[  26 1815]]
[[ 579 1752]] , [[ 579 1756]]
[[  26 1814]] , [[  26 1821]]
[[ 912 1578]] , [[ 912 1582]]
[[ 239 1824]] , [[ 238 1825]]
[[  56 1820]] , [[  56 1825]]
[[ 487 1822]] , [[ 487 1827]]
[[  44 1818]] , [[  44 1819]]
[[ 800 1820]] , [[ 800 1825]]
[[ 824 1816]] , [[ 824 1820]]
[[  32 1820]] , [[  32 1825]]
[[ 884 1816]] , [[ 884 1821]]
[[ 884 1816]] , [[ 884 1821]]
[[ 794 1808]] , [[ 794 1809]]
[[ 788 1816]] , [[ 788 1821]]
[[ 600 1812]] , [[ 600 1816]]
[[ 568 1800]] , [[ 568 1805]]
[[ 608 1780]] , [[ 608 1785]]
[[ 744 1794]] , [[ 744 1806]]
[[ 440 1804]] , [[ 440 1809]]
[[ 520 1752]] , [[ 520 1761]]
[[ 415 1577]] , [[ 415 1581]]
[[ 523 1574]] , [[ 522 1575]]
[[ 738 1778]] , [[ 738 1782]]
[[ 546 1804]] , [[ 546 1809]]
[[  34 1818]] , [[  34 1824]]
[[   0 1816]] , [[   0 1825]]
[[ 488 1822]] , [[ 488 1828]]
[[   8 1814]] , [[   8 1815]]
[[ 890 1808]] , [[ 890 1813]]
[[  32 1814]] , [[  32 1824]]
[[ 732 1782]] , [[ 732 1787]]
[[ 752 1806]] , [[ 752 1815]]
[[ 776 1810]] , [[ 776 1815]]
[[  30 1812]] , [[  30 1825]]
[[ 516 1816]] , [[ 516 1821]]
[[ 268 1579]] , [[ 268 1583]]
[[ 659 1782]] , [[ 658 1783]]
[[ 556 1564]] , [[ 556 1569]]
[[ 524 1573]] , [[ 524 1577]]
[[ 748 1570]] , [[ 748 1575]]
[[ 448 1762]] , [[ 448 1769]]
[[ 560 1792]] , [[ 560 1796]]
[[ 654 1776]] , [[ 654 1781]]
[[ 456 1808]] , [[ 456 1813]]
[[ 650 1788]] , [[ 650 1793]]
[[ 652 1776]] , [[ 652 1777]]
[[ 652 1776]] , [[ 652 1781]]
[[ 800 1800]] , [[ 800 1809]]
[[ 448 1758]] , [[ 448 1765]]
[[ 544 1732]] , [[ 544 1739]]
[[ 577 1757]] , [[ 577 1761]]
[[ 880 1810]] , [[ 880 1817]]
[[ 508 1576]] , [[ 508 1580]]
[[ 740 1570]] , [[ 740 1574]]
[[ 563 1570]] , [[ 562 1571]]
[[ 563 1570]] , [[ 562 1571]]
[[ 714 1550]] , [[ 714 1561]]
[[ 816 1804]] , [[ 816 1809]]
[[ 508 1576]] , [[ 508 1581]]
[[ 508 1576]] , [[ 508 1581]]
[[ 746 1808]] , [[ 746 1813]]
[[ 505 1750]] , [[ 505 1757]]
[[ 554 1724]] , [[ 554 1728]]
[[ 780 1568]] , [[ 780 1572]]
[[ 878 1570]] , [[ 878 1574]]
[[ 508 1576]] , [[ 508 1581]]
[[ 877 1570]] , [[ 877 1574]]
[[ 564 1570]] , [[ 564 1571]]
[[ 604 1557]] , [[ 604 1561]]
[[ 510 1576]] , [[ 509 1577]]
[[ 754 1570]] , [[ 754 1574]]
[[ 564 1770]] , [[ 564 1775]]
[[ 508 1576]] , [[ 508 1580]]
[[ 734 1810]] , [[ 734 1815]]
[[ 734 1810]] , [[ 734 1815]]
[[ 508 1576]] , [[ 508 1581]]
[[  28 1813]] , [[  28 1817]]
[[ 490 1706]] , [[ 490 1711]]
[[ 528 1812]] , [[ 528 1817]]
[[ 628 1548]] , [[ 628 1553]]
[[ 768 1568]] , [[ 768 1573]]
[[ 720 1568]] , [[ 720 1574]]
[[ 716 1564]] , [[ 716 1569]]
[[ 564 1572]] , [[ 564 1577]]
[[ 522 1796]] , [[ 522 1800]]
[[  72 1581]] , [[  72 1585]]
[[ 508 1576]] , [[ 508 1580]]
[[  12 1581]] , [[  12 1585]]
[[ 776 1570]] , [[ 776 1574]]
[[ 564 1570]] , [[ 564 1571]]
[[ 812 1560]] , [[ 812 1567]]
[[ 812 1560]] , [[ 812 1567]]
[[ 744 1782]] , [[ 744 1787]]
[[ 554 1782]] , [[ 554 1787]]
[[ 150 1581]] , [[ 150 1585]]
[[ 554 1810]] , [[ 554 1817]]
[[ 624 1474]] , [[ 624 1479]]
[[ 370 1346]] , [[ 370 1347]]
[[ 310 1352]] , [[ 310 1359]]
[[ 310 1352]] , [[ 310 1353]]
[[ 472 1352]] , [[ 472 1357]]
[[ 490 1350]] , [[ 490 1355]]
[[ 490 1350]] , [[ 490 1355]]
[[ 326 1348]] , [[ 326 1349]]
[[ 404 1348]] , [[ 404 1354]]
[[ 404 1348]] , [[ 404 1354]]
[[ 404 1344]] , [[ 404 1354]]
[[ 304 1344]] , [[ 304 1345]]
[[ 535 1338]] , [[ 535 1339]]
[[ 414 1302]] , [[ 413 1303]]
[[ 613 1296]] , [[ 612 1297]]
[[ 338 1167]] , [[ 337 1168]]
[[ 343 1166]] , [[ 342 1167]]
[[ 328 1166]] , [[ 327 1167]]
[[ 613 1296]] , [[ 612 1297]]
[[ 606 1296]] , [[ 606 1297]]
[[ 336 1166]] , [[ 335 1167]]
[[ 336 1166]] , [[ 335 1167]]
[[ 332 1166]] , [[ 331 1167]]
[[ 621 1074]] , [[ 621 1075]]
[[ 621 1074]] , [[ 621 1075]]
[[ 621 1074]] , [[ 621 1075]]
[[ 621 1074]] , [[ 621 1075]]
[[ 621 1074]] , [[ 621 1075]]
[[ 412 1074]] , [[ 412 1075]]
[[ 412 1074]] , [[ 412 1075]]
[[ 621 1074]] , [[ 620 1075]]
[[ 315 1166]] , [[ 314 1167]]
[[ 312 1166]] , [[ 311 1167]]
[[ 344 1164]] , [[ 343 1165]]
[[ 616 1076]] , [[ 616 1077]]
[[ 621 1076]] , [[ 620 1077]]
[[ 342 1168]] , [[ 342 1169]]
[[ 344 1167]] , [[ 343 1168]]
[[ 328 1166]] , [[ 327 1167]]
[[ 621 1074]] , [[ 620 1075]]
[[ 334 1164]] , [[ 333 1165]]
[[ 614 1074]] , [[ 614 1075]]
[[ 614 1076]] , [[ 614 1077]]
[[ 621 1076]] , [[ 621 1077]]
[[ 343 1166]] , [[ 342 1167]]
[[ 614 1078]] , [[ 614 1079]]
[[ 614 1078]] , [[ 614 1079]]
[[ 340 1166]] , [[ 339 1167]]
[[ 614 1078]] , [[ 614 1079]]
[[ 614 1078]] , [[ 614 1079]]
[[ 614 1078]] , [[ 614 1079]]
[[ 343 1166]] , [[ 342 1167]]
[[ 344 1166]] , [[ 343 1167]]
[[ 344 1166]] , [[ 342 1168]]
[[ 750 1198]] , [[ 750 1202]]
[[ 621 1076]] , [[ 619 1078]]
[[ 282 1168]] , [[ 281 1169]]
[[ 278 1168]] , [[ 276 1170]]
[[ 619 1074]] , [[ 619 1075]]
[[ 619 1074]] , [[ 619 1075]]
[[ 337 1166]] , [[ 336 1167]]
[[ 612 1076]] , [[ 612 1077]]
[[ 345 1167]] , [[ 344 1168]]
[[ 344 1167]] , [[ 343 1168]]
[[ 408 1076]] , [[ 408 1083]]
[[ 408 1076]] , [[ 408 1082]]
[[ 600 1298]] , [[ 600 1299]]
[[ 608 1076]] , [[ 608 1077]]
[[ 337 1166]] , [[ 336 1167]]
[[ 337 1166]] , [[ 336 1167]]
[[ 598 1298]] , [[ 598 1299]]
[[ 336 1166]] , [[ 335 1167]]
[[ 592 1298]] , [[ 592 1299]]
[[ 401 1306]] , [[ 401 1313]]
[[ 400 1306]] , [[ 400 1307]]
[[ 399 1306]] , [[ 399 1307]]
[[ 330 1337]] , [[ 329 1338]]
[[ 521 1336]] , [[ 519 1338]]
[[ 520 1336]] , [[ 519 1337]]
[[ 520 1336]] , [[ 519 1337]]
[[ 312 1336]] , [[ 311 1337]]
[[ 312 1336]] , [[ 311 1337]]
[[ 520 1336]] , [[ 519 1337]]
[[ 397 1308]] , [[ 397 1312]]
[[ 589 1299]] , [[ 588 1300]]
[[ 580 1300]] , [[ 580 1301]]
[[ 400 1140]] , [[ 400 1147]]
[[ 398 1148]] , [[ 398 1153]]
[[ 398 1148]] , [[ 398 1149]]
[[ 517 1346]] , [[ 518 1345]]
[[ 515 1346]] , [[ 516 1345]]
[[ 292 1338]] , [[ 291 1339]]
[[ 297 1338]] , [[ 296 1339]]
[[ 754 1318]] , [[ 754 1322]]
[[ 291 1346]] , [[ 292 1345]]
[[ 755 1326]] , [[ 755 1336]]
[[ 564 1302]] , [[ 564 1303]]
[[ 560 1304]] , [[ 560 1307]]
[[ 560 1304]] , [[ 560 1305]]
[[ 746 1256]] , [[ 746 1260]]
[[ 558 1304]] , [[ 558 1311]]
[[ 744 1248]] , [[ 744 1255]]
[[ 746 1264]] , [[ 746 1265]]
[[ 745 1262]] , [[ 745 1263]]
[[ 561 1300]] , [[ 560 1301]]
[[ 558 1301]] , [[ 558 1305]]
[[ 344 1308]] , [[ 344 1309]]
[[ 343 1342]] , [[ 344 1341]]
[[ 345 1358]] , [[ 346 1357]]
[[ 553 1310]] , [[ 553 1321]]
[[ 404 1178]] , [[ 403 1179]]
[[ 345 1326]] , [[ 346 1325]]
[[ 728 1232]] , [[ 727 1233]]
[[ 736 1183]] , [[ 736 1191]]
[[ 438 1179]] , [[ 437 1180]]
[[ 438 1179]] , [[ 437 1180]]
[[ 552 1078]] , [[ 550 1080]]
[[ 546 1216]] , [[ 546 1225]]
[[ 721 1275]] , [[ 721 1279]]
[[ 396 1180]] , [[ 395 1181]]
[[ 187 1174]] , [[ 185 1176]]
[[ 713 1348]] , [[ 714 1347]]
[[ 711 1292]] , [[ 709 1294]]
[[ 542 1164]] , [[ 542 1169]]
[[ 542 1152]] , [[ 542 1159]]
[[ 397 1180]] , [[ 395 1182]]
[[ 398 1180]] , [[ 397 1181]]
[[ 541 1081]] , [[ 541 1089]]
[[ 704 1294]] , [[ 704 1299]]
[[ 706 1294]] , [[ 706 1295]]
[[ 706 1294]] , [[ 706 1295]]
[[ 398 1180]] , [[ 397 1181]]
[[ 398 1180]] , [[ 397 1181]]
[[ 398 1180]] , [[ 397 1181]]
[[ 398 1180]] , [[ 397 1181]]
[[ 398 1180]] , [[ 397 1181]]
[[ 398 1180]] , [[ 397 1181]]
[[ 398 1180]] , [[ 397 1181]]
[[ 398 1180]] , [[ 397 1181]]
[[ 398 1180]] , [[ 397 1181]]
[[ 394 1180]] , [[ 394 1183]]
[[ 402 1179]] , [[ 401 1180]]
[[ 394 1180]] , [[ 394 1183]]
[[ 549 1078]] , [[ 547 1080]]
[[ 549 1078]] , [[ 548 1079]]
[[ 398 1181]] , [[ 397 1182]]
[[ 544 1078]] , [[ 544 1115]]
[[ 740 1084]] , [[ 740 1091]]
[[ 742 1102]] , [[ 742 1113]]
[[ 746 1100]] , [[ 746 1103]]
[[ 746 1118]] , [[ 746 1119]]
[[ 470 1180]] , [[ 469 1181]]
[[ 408 1180]] , [[ 407 1181]]
[[ 752 1116]] , [[ 752 1119]]
[[ 408 1180]] , [[ 407 1181]]
[[ 748 1180]] , [[ 748 1187]]
[[ 752 1148]] , [[ 752 1153]]
[[ 408 1180]] , [[ 407 1181]]
[[ 742 1260]] , [[ 742 1281]]
[[ 744 1246]] , [[ 744 1253]]
[[ 566 1302]] , [[ 566 1307]]
[[ 566 1302]] , [[ 566 1321]]
[[ 742 1338]] , [[ 742 1347]]
[[ 567 1302]] , [[ 567 1303]]
[[ 370 1216]] , [[ 370 1235]]
[[ 370 1216]] , [[ 370 1235]]
[[ 566 1302]] , [[ 566 1308]]
[[ 327 1346]] , [[ 328 1345]]
[[ 325 1346]] , [[ 326 1345]]
[[ 325 1346]] , [[ 326 1345]]
[[ 746 1265]] , [[ 746 1269]]
[[ 327 1346]] , [[ 328 1345]]
[[ 325 1346]] , [[ 326 1345]]
[[ 355 1336]] , [[ 356 1335]]
[[ 568 1302]] , [[ 566 1304]]
[[ 569 1302]] , [[ 566 1305]]
[[ 404 1176]] , [[ 404 1177]]
[[ 756 1265]] , [[ 756 1279]]
[[ 758 1262]] , [[ 758 1271]]
[[ 581 1300]] , [[ 579 1302]]
[[ 767 1326]] , [[ 767 1344]]
[[ 405 1148]] , [[ 405 1149]]
[[ 404 1136]] , [[ 404 1141]]
[[ 404 1128]] , [[ 404 1149]]
[[ 590 1300]] , [[ 590 1301]]
[[ 331 1167]] , [[ 330 1168]]
[[ 602 1078]] , [[ 602 1079]]
[[ 604 1078]] , [[ 604 1081]]
[[ 408 1080]] , [[ 408 1082]]
[[ 188 1084]] , [[ 188 1099]]
[[ 604 1300]] , [[ 604 1301]]
[[ 606 1300]] , [[ 606 1301]]
[[ 604 1300]] , [[ 604 1301]]
[[ 286 1168]] , [[ 285 1169]]
[[ 606 1300]] , [[ 606 1301]]
[[ 606 1300]] , [[ 606 1301]]
[[ 336 1167]] , [[ 335 1168]]
[[ 610 1300]] , [[ 610 1301]]
[[ 610 1300]] , [[ 610 1301]]
[[ 288 1168]] , [[ 287 1169]]
[[ 288 1168]] , [[ 288 1169]]
[[ 288 1168]] , [[ 288 1169]]
[[ 292 1168]] , [[ 291 1169]]
[[ 292 1168]] , [[ 291 1169]]
[[ 620 1300]] , [[ 619 1301]]
[[ 621 1300]] , [[ 620 1301]]
[[ 620 1300]] , [[ 620 1301]]
[[ 424 1304]] , [[ 424 1305]]
[[ 429 1305]] , [[ 428 1306]]
[[ 625 1301]] , [[ 624 1302]]
[[ 627 1301]] , [[ 626 1302]]
[[ 433 1305]] , [[ 432 1306]]
[[ 435 1305]] , [[ 434 1306]]
[[ 420 1306]] , [[ 420 1309]]
[[ 629 1300]] , [[ 627 1302]]
[[ 220 1276]] , [[ 220 1297]]
[[ 220 1276]] , [[ 220 1297]]
[[ 624 1300]] , [[ 624 1301]]
[[ 624 1300]] , [[ 624 1301]]
[[ 222 1276]] , [[ 222 1279]]
[[ 296 1168]] , [[ 295 1169]]
[[ 294 1168]] , [[ 293 1169]]
[[ 296 1168]] , [[ 295 1169]]
[[ 223 1206]] , [[ 224 1205]]
[[ 222 1123]] , [[ 222 1127]]
[[ 224 1118]] , [[ 224 1121]]
[[ 225 1122]] , [[ 225 1123]]
[[ 294 1168]] , [[ 294 1169]]
[[ 228 1124]] , [[ 228 1134]]
[[ 230 1124]] , [[ 230 1135]]
[[ 230 1124]] , [[ 230 1151]]
[[ 232 1119]] , [[ 232 1121]]
[[ 300 1168]] , [[ 300 1169]]
[[ 234 1124]] , [[ 234 1126]]
[[ 234 1126]] , [[ 234 1133]]
[[ 234 1126]] , [[ 234 1133]]
[[ 236 1131]] , [[ 236 1132]]
[[ 238 1122]] , [[ 238 1128]]
[[ 238 1120]] , [[ 238 1131]]
[[ 245 1255]] , [[ 245 1259]]
[[ 306 1168]] , [[ 306 1169]]
[[ 306 1168]] , [[ 306 1169]]
[[ 306 1168]] , [[ 304 1170]]
[[ 246 1248]] , [[ 246 1260]]
[[ 246 1247]] , [[ 246 1261]]
[[ 308 1168]] , [[ 307 1169]]
[[ 308 1168]] , [[ 308 1169]]
[[ 246 1092]] , [[ 246 1095]]
[[ 308 1168]] , [[ 307 1169]]
[[ 246 1090]] , [[ 246 1093]]
[[ 246 1090]] , [[ 246 1093]]
[[ 244 1088]] , [[ 244 1107]]
[[ 244 1088]] , [[ 244 1103]]
[[ 244 1088]] , [[ 244 1103]]
[[ 244 1088]] , [[ 244 1103]]
[[ 244 1088]] , [[ 244 1103]]
[[ 245 1088]] , [[ 245 1089]]
[[ 244 1090]] , [[ 244 1101]]
[[ 245 1090]] , [[ 245 1091]]
[[ 245 1090]] , [[ 245 1091]]
[[ 244 1092]] , [[ 244 1097]]
[[ 244 1092]] , [[ 244 1095]]
[[ 244 1092]] , [[ 244 1099]]
[[ 244 1092]] , [[ 244 1099]]
[[ 244 1090]] , [[ 244 1099]]
[[ 244 1090]] , [[ 244 1099]]
[[ 244 1090]] , [[ 244 1099]]
[[ 244 1090]] , [[ 244 1099]]
[[ 244 1090]] , [[ 244 1091]]
[[ 244 1090]] , [[ 244 1091]]
[[ 244 1090]] , [[ 244 1091]]
[[ 245 1090]] , [[ 245 1091]]
[[ 244 1092]] , [[ 244 1099]]
[[ 244 1094]] , [[ 244 1099]]
[[ 244 1096]] , [[ 244 1097]]
[[ 310 1172]] , [[ 309 1173]]
[[ 310 1172]] , [[ 309 1173]]
[[ 310 1172]] , [[ 309 1173]]
[[ 244 1263]] , [[ 244 1265]]
[[ 244 1263]] , [[ 244 1265]]
[[ 244 1248]] , [[ 244 1249]]
[[ 244 1248]] , [[ 244 1249]]
[[ 241 1264]] , [[ 241 1268]]
[[ 240 1248]] , [[ 240 1253]]
[[ 234 1096]] , [[ 234 1097]]
[[ 230 1098]] , [[ 230 1099]]
[[ 220 1158]] , [[ 220 1163]]
[[ 220 1098]] , [[ 220 1105]]
[[ 218 1100]] , [[ 218 1107]]
[[ 217 1094]] , [[ 217 1095]]
[[ 213 1111]] , [[ 213 1120]]
[[ 214 1096]] , [[ 214 1101]]
[[ 212 1113]] , [[ 212 1130]]
[[ 212 1112]] , [[ 212 1119]]
[[ 212 1112]] , [[ 212 1117]]
[[ 212 1104]] , [[ 212 1113]]
[[ 208 1132]] , [[ 208 1137]]
[[ 208 1106]] , [[ 208 1111]]
[[ 210 1313]] , [[ 210 1317]]
[[ 615 1289]] , [[ 614 1290]]
[[ 318 1163]] , [[ 317 1164]]
[[ 320 1163]] , [[ 319 1164]]
[[ 187 1086]] , [[ 187 1091]]
[[ 180 1086]] , [[ 180 1087]]
[[ 598 1070]] , [[ 598 1071]]
[[ 394 1084]] , [[ 394 1111]]
[[ 583 1292]] , [[ 582 1293]]
[[ 570 1292]] , [[ 570 1293]]
[[ 750 1272]] , [[ 750 1275]]
[[ 749 1260]] , [[ 749 1264]]
[[ 744 1260]] , [[ 744 1266]]
[[ 742 1260]] , [[ 741 1261]]
[[ 390 1170]] , [[ 390 1193]]
[[ 392 1170]] , [[ 392 1173]]
[[ 552 1070]] , [[ 552 1071]]
[[ 738 1136]] , [[ 738 1140]]
[[ 392 1172]] , [[ 392 1173]]
[[ 547 1072]] , [[ 545 1074]]
[[ 734 1072]] , [[ 734 1083]]
[[ 542 1074]] , [[ 542 1083]]
[[ 540 1074]] , [[ 540 1086]]
[[ 392 1172]] , [[ 392 1173]]
[[ 392 1172]] , [[ 392 1175]]
[[ 392 1172]] , [[ 392 1175]]
[[ 312 1070]] , [[ 312 1107]]
[[ 315 1069]] , [[ 314 1070]]
[[ 311 1070]] , [[ 310 1071]]
[[ 309 1070]] , [[ 307 1072]]
[[ 309 1070]] , [[ 308 1071]]
[[ 706 1070]] , [[ 706 1073]]
[[ 507 1148]] , [[ 507 1149]]
[[ 506 1118]] , [[ 506 1123]]
[[ 300 1072]] , [[ 300 1073]]
[[ 299 1072]] , [[ 299 1073]]
[[ 218 1176]] , [[ 218 1181]]
[[ 295 1072]] , [[ 295 1073]]
[[ 290 1074]] , [[ 290 1075]]
[[ 494 1070]] , [[ 494 1071]]
[[ 282 1074]] , [[ 282 1075]]
[[ 689 1068]] , [[ 688 1069]]
[[ 685 1068]] , [[ 685 1069]]
[[ 672 1070]] , [[ 672 1073]]
[[ 668 1070]] , [[ 668 1073]]
[[ 666 1070]] , [[ 666 1071]]
[[ 662 1070]] , [[ 662 1073]]
[[ 658 1072]] , [[ 658 1077]]
[[ 656 1072]] , [[ 656 1073]]
[[ 652 1074]] , [[ 652 1075]]
[[ 650 1074]] , [[ 650 1075]]
[[ 650 1074]] , [[ 650 1075]]
[[ 648 1074]] , [[ 648 1075]]
[[ 648 1074]] , [[ 648 1075]]
[[ 654 1074]] , [[ 654 1075]]
[[ 646 1074]] , [[ 646 1075]]
[[ 244 1084]] , [[ 244 1109]]
[[ 244 1084]] , [[ 244 1111]]
[[ 244 1084]] , [[ 244 1111]]
[[ 246 1082]] , [[ 246 1083]]
[[ 246 1082]] , [[ 246 1083]]
[[ 246 1082]] , [[ 246 1083]]
[[ 246 1082]] , [[ 246 1083]]
[[ 246 1082]] , [[ 246 1085]]
[[ 246 1082]] , [[ 246 1083]]
[[ 244 1084]] , [[ 244 1095]]
[[ 651 1075]] , [[ 650 1076]]
[[ 644 1075]] , [[ 643 1076]]
[[ 244 1082]] , [[ 244 1083]]
[[ 243 1082]] , [[ 241 1084]]
[[ 242 1082]] , [[ 242 1083]]
[[ 242 1082]] , [[ 242 1083]]
[[ 240 1084]] , [[ 240 1117]]
[[ 240 1084]] , [[ 240 1117]]
[[ 240 1084]] , [[ 240 1090]]
[[ 618 1296]] , [[ 618 1297]]
[[ 649 1074]] , [[ 648 1075]]
[[ 651 1075]] , [[ 650 1076]]
[[ 651 1074]] , [[ 650 1075]]
[[ 651 1074]] , [[ 650 1075]]
[[ 246 1084]] , [[ 246 1085]]
[[ 653 1074]] , [[ 651 1076]]
[[ 248 1082]] , [[ 248 1088]]
[[ 250 1082]] , [[ 250 1088]]
[[ 252 1082]] , [[ 252 1088]]
[[ 256 1084]] , [[ 256 1091]]
[[ 658 1085]] , [[ 658 1087]]
[[ 658 1090]] , [[ 658 1091]]
[[ 261 1096]] , [[ 259 1098]]
[[ 263 1098]] , [[ 263 1099]]
[[ 265 1098]] , [[ 265 1099]]
[[ 146 1181]] , [[ 145 1182]]
[[ 273 1096]] , [[ 273 1097]]
[[ 275 1094]] , [[ 275 1095]]
[[ 277 1093]] , [[ 276 1094]]
[[ 676 1084]] , [[ 676 1087]]
[[ 678 1080]] , [[ 678 1083]]
[[ 680 1078]] , [[ 680 1081]]
[[ 691 1077]] , [[ 690 1078]]
[[ 684 1078]] , [[ 684 1081]]
[[ 686 1078]] , [[ 686 1083]]
[[ 690 1078]] , [[ 690 1083]]
[[ 507 1080]] , [[ 507 1082]]
[[ 502 1080]] , [[ 502 1089]]
[[ 504 1080]] , [[ 504 1131]]
[[ 508 1078]] , [[ 508 1089]]
[[ 510 1080]] , [[ 510 1133]]
[[ 514 1082]] , [[ 514 1083]]
[[ 314 1082]] , [[ 314 1083]]
[[ 317 1080]] , [[ 316 1081]]
[[ 321 1080]] , [[ 321 1081]]
[[ 318 1080]] , [[ 318 1081]]
[[ 320 1080]] , [[ 320 1083]]
[[ 322 1080]] , [[ 322 1087]]
[[ 414 1180]] , [[ 413 1181]]
[[ 335 1079]] , [[ 334 1080]]
[[ 554 1082]] , [[ 553 1083]]
[[ 558 1082]] , [[ 558 1083]]
[[ 408 1180]] , [[ 408 1181]]
[[ 750 1180]] , [[ 750 1185]]
[[ 744 1236]] , [[ 744 1237]]
[[ 745 1236]] , [[ 745 1237]]
[[ 747 1271]] , [[ 747 1272]]
[[ 745 1248]] , [[ 745 1254]]
[[ 748 1268]] , [[ 748 1277]]
[[ 753 1271]] , [[ 752 1272]]
[[ 406 1178]] , [[ 406 1185]]
[[ 406 1178]] , [[ 406 1185]]
[[ 411 1177]] , [[ 410 1178]]
[[ 410 1176]] , [[ 410 1177]]
[[ 766 1267]] , [[ 764 1269]]
[[ 584 1302]] , [[ 583 1303]]
[[ 406 1160]] , [[ 406 1165]]
[[ 770 1336]] , [[ 771 1335]]
[[ 328 1003]] , [[ 327 1004]]
[[ 594 1080]] , [[ 594 1131]]
[[ 238 1002]] , [[ 238 1007]]
[[ 176 1014]] , [[ 176 1019]]
[[ 602 1082]] , [[ 602 1085]]
[[ 232 1000]] , [[ 232 1001]]
[[ 238 1000]] , [[ 237 1001]]
[[ 610 1083]] , [[ 609 1084]]
[[ 612 1084]] , [[ 612 1085]]
[[ 414 1080]] , [[ 414 1081]]
[[ 614 1082]] , [[ 614 1085]]
[[ 616 1081]] , [[ 616 1083]]
[[ 200 1088]] , [[ 200 1089]]
[[ 197 1090]] , [[ 197 1095]]
[[ 200 1098]] , [[ 200 1099]]
[[ 299 1167]] , [[ 298 1168]]
[[ 294 1168]] , [[ 293 1169]]
[[ 298 1168]] , [[ 297 1169]]
[[ 617 1303]] , [[ 616 1304]]
[[ 294 1168]] , [[ 293 1169]]
[[ 292 1168]] , [[ 291 1169]]
[[ 343 1167]] , [[ 342 1168]]
[[ 347 1167]] , [[ 346 1168]]
[[ 293 1168]] , [[ 292 1169]]
[[ 344 1167]] , [[ 343 1168]]
[[ 343 1167]] , [[ 342 1168]]
[[ 342 1167]] , [[ 341 1168]]
[[ 343 1166]] , [[ 341 1168]]
[[ 343 1166]] , [[ 341 1168]]
[[ 343 1166]] , [[ 341 1168]]
[[ 318 1166]] , [[ 317 1167]]
[[ 318 1166]] , [[ 317 1167]]
[[ 318 1166]] , [[ 317 1167]]
[[ 318 1166]] , [[ 317 1167]]
[[ 318 1166]] , [[ 317 1167]]
[[ 318 1166]] , [[ 317 1167]]
[[ 318 1166]] , [[ 317 1167]]
[[ 302 1166]] , [[ 302 1167]]
[[ 302 1166]] , [[ 302 1167]]
[[ 302 1166]] , [[ 302 1167]]
[[ 302 1166]] , [[ 302 1167]]
[[ 302 1166]] , [[ 302 1167]]
[[ 316 1166]] , [[ 315 1167]]
[[ 316 1166]] , [[ 315 1167]]
[[ 612 1300]] , [[ 612 1301]]
[[ 620 1300]] , [[ 620 1301]]
[[ 620 1300]] , [[ 620 1301]]
[[ 620 1300]] , [[ 620 1301]]
[[ 612 1302]] , [[ 612 1303]]
[[ 455 1346]] , [[ 456 1345]]
[[ 612 1306]] , [[ 612 1307]]
[[ 457 1350]] , [[ 458 1349]]
[[ 455 1350]] , [[ 456 1349]]
[[ 608 1308]] , [[ 608 1313]]
[[ 455 1350]] , [[ 456 1349]]
[[ 330 1168]] , [[ 329 1169]]
[[ 614 1298]] , [[ 614 1299]]
[[ 608 1296]] , [[ 608 1301]]
[[ 608 1296]] , [[ 608 1297]]
[[ 606 1298]] , [[ 606 1299]]
[[ 602 1300]] , [[ 602 1301]]
[[ 298 1170]] , [[ 297 1171]]
[[ 324 1173]] , [[ 323 1174]]
[[ 290 1174]] , [[ 289 1175]]
[[ 594 1308]] , [[ 594 1309]]
[[ 326 1172]] , [[ 325 1173]]
[[ 588 1305]] , [[ 587 1306]]
[[ 391 1334]] , [[ 391 1343]]
[[ 323 1342]] , [[ 324 1341]]
[[ 323 1340]] , [[ 324 1339]]
[[ 743 1324]] , [[ 743 1329]]
[[ 739 1328]] , [[ 739 1332]]
[[ 553 1304]] , [[ 553 1328]]
[[ 722 1296]] , [[ 722 1297]]
[[ 344 1322]] , [[ 344 1327]]
[[ 330 1322]] , [[ 330 1327]]
[[ 311 1346]] , [[ 312 1345]]
[[ 696 1296]] , [[ 696 1297]]
[[ 192 1344]] , [[ 191 1345]]
[[ 327 1350]] , [[ 328 1349]]
[[ 292 1312]] , [[ 292 1317]]
[[ 170 1171]] , [[ 169 1172]]
[[ 489 1294]] , [[ 488 1295]]
[[ 660 1288]] , [[ 660 1289]]
[[ 170 1165]] , [[ 169 1166]]
[[ 481 1293]] , [[ 480 1294]]
[[ 164 1167]] , [[ 163 1168]]
[[ 654 1290]] , [[ 654 1291]]
[[ 478 1294]] , [[ 477 1295]]
[[ 303 1338]] , [[ 304 1337]]
[[ 652 1288]] , [[ 652 1289]]
[[ 650 1288]] , [[ 650 1289]]
[[ 468 1294]] , [[ 468 1295]]
[[ 309 1338]] , [[ 310 1337]]
[[ 646 1290]] , [[ 646 1291]]
[[ 646 1290]] , [[ 646 1291]]
[[ 646 1290]] , [[ 646 1291]]
[[ 130 1168]] , [[ 129 1169]]
[[ 464 1295]] , [[ 463 1296]]
[[ 648 1291]] , [[ 647 1292]]
[[ 146 1168]] , [[ 145 1169]]
[[ 144 1168]] , [[ 143 1169]]
[[ 146 1168]] , [[ 145 1169]]
[[ 142 1168]] , [[ 141 1169]]
[[ 648 1290]] , [[ 648 1291]]
[[ 652 1289]] , [[ 651 1290]]
[[ 140 1166]] , [[ 140 1167]]
[[ 144 1166]] , [[ 143 1167]]
[[ 154 1166]] , [[ 153 1167]]
[[ 149 1166]] , [[ 148 1167]]
[[ 488 1293]] , [[ 487 1294]]
[[ 674 1288]] , [[ 674 1289]]
[[ 198 1166]] , [[ 197 1167]]
[[ 513 1295]] , [[ 512 1296]]
[[ 696 1288]] , [[ 695 1289]]
[[ 523 1152]] , [[ 523 1155]]
[[ 522 1292]] , [[ 522 1293]]
[[ 530 1238]] , [[ 530 1251]]
[[ 716 1290]] , [[ 716 1291]]
[[ 438 1171]] , [[ 437 1172]]
[[ 347 1334]] , [[ 348 1333]]
[[ 321 1338]] , [[ 322 1337]]
[[ 321 1338]] , [[ 322 1337]]
[[ 323 1338]] , [[ 324 1337]]
[[ 570 1294]] , [[ 570 1299]]
[[ 766 1326]] , [[ 766 1332]]
[[ 768 1310]] , [[ 768 1319]]
[[ 310 1166]] , [[ 309 1167]]
[[ 408 1132]] , [[ 408 1155]]
[[ 410 1104]] , [[ 410 1115]]
[[ 348 1170]] , [[ 347 1171]]
[[ 415 1318]] , [[ 416 1317]]
[[ 350 1170]] , [[ 349 1171]]
[[ 619 1299]] , [[ 618 1300]]
[[ 622 1296]] , [[ 620 1298]]
[[ 310 1164]] , [[ 309 1165]]
[[ 306 1162]] , [[ 305 1163]]
[[ 209 1136]] , [[ 209 1151]]
[[ 632 1072]] , [[ 632 1073]]
[[ 634 1073]] , [[ 634 1075]]
[[ 636 1074]] , [[ 636 1079]]
[[ 640 1076]] , [[ 640 1079]]
[[ 314 1170]] , [[ 313 1171]]
[[ 638 1080]] , [[ 638 1081]]
[[ 638 1080]] , [[ 638 1081]]
[[ 636 1080]] , [[ 636 1083]]
[[ 636 1080]] , [[ 636 1081]]
[[ 433 1344]] , [[ 434 1343]]
[[ 402 1338]] , [[ 402 1343]]
[[ 310 1342]] , [[ 310 1343]]
[[ 302 1346]] , [[ 302 1347]]
[[ 258 1346]] , [[ 258 1359]]
[[ 246 1344]] , [[ 246 1345]]
[[ 448 1346]] , [[ 448 1351]]
[[ 300 1348]] , [[ 300 1351]]
[[ 403 1346]] , [[ 403 1352]]
[[ 403 1348]] , [[ 403 1352]]
[[ 672 1346]] , [[ 672 1347]]
[[ 260 1348]] , [[ 260 1349]]
[[ 260 1348]] , [[ 260 1349]]
[[ 448 1348]] , [[ 448 1349]]
