[[498 746]] , [[498 750]]
[[ 19 488]] , [[ 19 489]]
[[845 603]] , [[846 602]]
[[843 603]] , [[844 602]]
[[ 24 498]] , [[ 24 503]]
[[ 18 438]] , [[ 18 442]]
[[456 736]] , [[456 741]]
[[ 71 483]] , [[ 70 484]]
[[ 72 486]] , [[ 72 487]]
[[671 915]] , [[672 914]]
[[841 604]] , [[842 603]]
[[ 77 486]] , [[ 75 488]]
[[ 26 542]] , [[ 26 548]]
[[618 742]] , [[618 746]]
[[647 606]] , [[648 605]]
[[ 78 486]] , [[ 78 487]]
[[ 80 484]] , [[ 80 485]]
[[107 313]] , [[107 317]]
[[592 740]] , [[592 746]]
[[591 740]] , [[591 744]]
[[653 605]] , [[654 604]]
[[653 605]] , [[654 604]]
[[372 566]] , [[372 567]]
[[841 606]] , [[842 605]]
[[ 74 484]] , [[ 74 489]]
[[ 77 482]] , [[ 77 483]]
[[ 31 534]] , [[ 30 535]]
[[494 738]] , [[494 745]]
[[  6 535]] , [[  6 536]]
[[633 740]] , [[633 744]]
[[677 916]] , [[678 915]]
[[653 604]] , [[654 603]]
[[839 606]] , [[840 605]]
[[ 63 502]] , [[ 63 503]]
[[ 12 526]] , [[ 12 531]]
[[ 63 502]] , [[ 60 505]]
[[403 594]] , [[404 593]]
[[  0 526]] , [[  0 531]]
[[403 594]] , [[404 593]]
[[ 21 526]] , [[ 20 527]]
[[471 918]] , [[472 917]]
[[682 913]] , [[687 913]]
[[ 939 1056]] , [[ 940 1055]]
[[ 96 306]] , [[ 96 311]]
[[604 740]] , [[604 744]]
[[604 740]] , [[604 744]]
[[653 604]] , [[654 603]]
[[680 911]] , [[681 910]]
[[532 942]] , [[533 941]]
[[383 564]] , [[381 566]]
[[378 564]] , [[376 566]]
[[678 913]] , [[685 913]]
[[714 968]] , [[714 971]]
[[ 69 476]] , [[ 69 477]]
[[480 918]] , [[481 917]]
[[475 918]] , [[476 917]]
[[709 758]] , [[710 757]]
[[ 58 478]] , [[ 58 479]]
[[  0 521]] , [[  0 525]]
[[  4 538]] , [[  4 543]]
[[436 738]] , [[436 742]]
[[  0 538]] , [[  0 543]]
[[ 44 481]] , [[ 43 482]]
[[164 186]] , [[164 191]]
[[ 60 330]] , [[ 60 336]]
[[ 30 523]] , [[ 29 524]]
[[405 594]] , [[406 593]]
[[569 739]] , [[569 744]]
[[843 608]] , [[844 607]]
[[405 594]] , [[406 593]]
[[405 594]] , [[406 593]]
[[841 609]] , [[842 608]]
[[ 76 492]] , [[ 76 493]]
[[ 10 529]] , [[ 10 535]]
[[635 742]] , [[635 743]]
[[ 11 529]] , [[ 11 533]]
[[ 69 487]] , [[ 69 491]]
[[841 608]] , [[842 607]]
[[545 614]] , [[546 613]]
[[926 986]] , [[927 985]]
[[837 608]] , [[838 607]]
[[  11 1092]] , [[  12 1091]]
[[920 985]] , [[920 999]]
[[682 914]] , [[683 913]]
[[479 918]] , [[480 917]]
[[  9 422]] , [[  9 426]]
[[ 62 472]] , [[ 62 473]]
[[ 16 515]] , [[ 16 519]]
[[520 730]] , [[520 731]]
[[756 742]] , [[754 744]]
[[752 875]] , [[752 879]]
[[757 742]] , [[757 746]]
[[ 50 450]] , [[ 50 451]]
[[690 912]] , [[691 911]]
[[405 570]] , [[406 569]]
[[ 397 1016]] , [[ 396 1017]]
[[410 992]] , [[410 995]]
[[  63 1050]] , [[  62 1051]]
[[694 578]] , [[693 579]]
[[  70 1118]] , [[  70 1119]]
[[694 578]] , [[694 579]]
[[  71 1153]] , [[  71 1157]]
[[  62 1051]] , [[  61 1052]]
[[  68 1120]] , [[  68 1127]]
[[382 542]] , [[382 543]]
[[ 943 1056]] , [[ 944 1055]]
[[ 392 1014]] , [[ 392 1019]]
[[672 576]] , [[672 577]]
[[393 564]] , [[394 563]]
[[  27 1064]] , [[  28 1063]]
[[505 724]] , [[504 725]]
[[  77 1212]] , [[  77 1217]]
[[686 574]] , [[685 575]]
[[410 980]] , [[410 983]]
[[ 390 1006]] , [[ 390 1011]]
[[784 737]] , [[783 738]]
[[ 395 1004]] , [[ 396 1003]]
[[ 395 1004]] , [[ 396 1003]]
[[416 974]] , [[416 979]]
[[364 540]] , [[364 541]]
[[ 436 1016]] , [[ 436 1020]]
[[430 982]] , [[430 993]]
[[ 387 1014]] , [[ 387 1019]]
[[371 563]] , [[372 562]]
[[408 956]] , [[408 961]]
[[494 714]] , [[493 715]]
[[362 563]] , [[366 563]]
[[498 746]] , [[498 750]]
[[ 19 488]] , [[ 19 489]]
[[845 603]] , [[846 602]]
[[843 603]] , [[844 602]]
[[ 24 498]] , [[ 24 503]]
[[ 18 438]] , [[ 18 442]]
[[456 736]] , [[456 741]]
[[ 71 483]] , [[ 70 484]]
[[ 72 486]] , [[ 72 487]]
[[671 915]] , [[672 914]]
[[841 604]] , [[842 603]]
[[ 77 486]] , [[ 75 488]]
[[ 26 542]] , [[ 26 548]]
[[618 742]] , [[618 746]]
[[647 606]] , [[648 605]]
[[ 78 486]] , [[ 78 487]]
[[ 80 484]] , [[ 80 485]]
[[107 313]] , [[107 317]]
[[592 740]] , [[592 746]]
[[591 740]] , [[591 744]]
[[653 605]] , [[654 604]]
[[653 605]] , [[654 604]]
[[372 566]] , [[372 567]]
[[841 606]] , [[842 605]]
[[ 74 484]] , [[ 74 489]]
[[ 77 482]] , [[ 77 483]]
[[ 31 534]] , [[ 30 535]]
[[494 738]] , [[494 745]]
[[  6 535]] , [[  6 536]]
[[633 740]] , [[633 744]]
[[677 916]] , [[678 915]]
[[653 604]] , [[654 603]]
[[839 606]] , [[840 605]]
[[ 63 502]] , [[ 63 503]]
[[ 12 526]] , [[ 12 531]]
[[ 63 502]] , [[ 60 505]]
[[403 594]] , [[404 593]]
[[  0 526]] , [[  0 531]]
[[403 594]] , [[404 593]]
[[ 21 526]] , [[ 20 527]]
[[471 918]] , [[472 917]]
[[682 913]] , [[687 913]]
[[ 939 1056]] , [[ 940 1055]]
[[ 96 306]] , [[ 96 311]]
[[604 740]] , [[604 744]]
[[604 740]] , [[604 744]]
[[653 604]] , [[654 603]]
[[680 911]] , [[681 910]]
[[532 942]] , [[533 941]]
[[383 564]] , [[381 566]]
[[378 564]] , [[376 566]]
[[678 913]] , [[685 913]]
[[714 968]] , [[714 971]]
[[ 69 476]] , [[ 69 477]]
[[480 918]] , [[481 917]]
[[475 918]] , [[476 917]]
[[709 758]] , [[710 757]]
[[ 58 478]] , [[ 58 479]]
[[  0 521]] , [[  0 525]]
[[  4 538]] , [[  4 543]]
[[436 738]] , [[436 742]]
[[  0 538]] , [[  0 543]]
[[ 44 481]] , [[ 43 482]]
[[164 186]] , [[164 191]]
[[ 60 330]] , [[ 60 336]]
[[ 30 523]] , [[ 29 524]]
[[405 594]] , [[406 593]]
[[569 739]] , [[569 744]]
[[843 608]] , [[844 607]]
[[405 594]] , [[406 593]]
[[405 594]] , [[406 593]]
[[841 609]] , [[842 608]]
[[ 76 492]] , [[ 76 493]]
[[ 10 529]] , [[ 10 535]]
[[635 742]] , [[635 743]]
[[ 11 529]] , [[ 11 533]]
[[ 69 487]] , [[ 69 491]]
[[841 608]] , [[842 607]]
[[545 614]] , [[546 613]]
[[926 986]] , [[927 985]]
[[837 608]] , [[838 607]]
[[  11 1092]] , [[  12 1091]]
[[920 985]] , [[920 999]]
[[682 914]] , [[683 913]]
[[479 918]] , [[480 917]]
[[  9 422]] , [[  9 426]]
[[ 62 472]] , [[ 62 473]]
[[ 16 515]] , [[ 16 519]]
[[520 730]] , [[520 731]]
[[756 742]] , [[754 744]]
[[752 875]] , [[752 879]]
[[757 742]] , [[757 746]]
[[ 50 450]] , [[ 50 451]]
[[690 912]] , [[691 911]]
[[405 570]] , [[406 569]]
[[ 397 1016]] , [[ 396 1017]]
[[410 992]] , [[410 995]]
[[  63 1050]] , [[  62 1051]]
[[694 578]] , [[693 579]]
[[  70 1118]] , [[  70 1119]]
[[694 578]] , [[694 579]]
[[  71 1153]] , [[  71 1157]]
[[  62 1051]] , [[  61 1052]]
[[  68 1120]] , [[  68 1127]]
[[382 542]] , [[382 543]]
[[ 943 1056]] , [[ 944 1055]]
[[ 392 1014]] , [[ 392 1019]]
[[672 576]] , [[672 577]]
[[393 564]] , [[394 563]]
[[  27 1064]] , [[  28 1063]]
[[505 724]] , [[504 725]]
[[  77 1212]] , [[  77 1217]]
[[686 574]] , [[685 575]]
[[410 980]] , [[410 983]]
[[ 390 1006]] , [[ 390 1011]]
[[784 737]] , [[783 738]]
[[ 395 1004]] , [[ 396 1003]]
[[ 395 1004]] , [[ 396 1003]]
[[416 974]] , [[416 979]]
[[364 540]] , [[364 541]]
[[ 436 1016]] , [[ 436 1020]]
[[430 982]] , [[430 993]]
[[ 387 1014]] , [[ 387 1019]]
[[371 563]] , [[372 562]]
[[408 956]] , [[408 961]]
[[494 714]] , [[493 715]]
[[362 563]] , [[366 563]]
[[390 898]] , [[390 900]]
[[186 970]] , [[186 993]]
[[186 970]] , [[186 993]]
[[184 930]] , [[184 937]]
[[186 970]] , [[186 991]]
[[188 946]] , [[188 967]]
[[483 996]] , [[482 997]]
[[188 946]] , [[188 957]]
[[178 888]] , [[178 895]]
[[656 838]] , [[656 847]]
[[426 834]] , [[426 837]]
[[356 832]] , [[356 835]]
