[[ 97 270]] , [[ 98 269]]
[[ 700 1368]] , [[ 699 1369]]
[[ 704 1430]] , [[ 704 1434]]
[[  84 1446]] , [[  84 1450]]
[[ 726 1428]] , [[ 726 1433]]
[[   0 1086]] , [[   0 1129]]
[[ 668 1424]] , [[ 668 1428]]
[[   0 1070]] , [[   0 1107]]
[[ 683 1428]] , [[ 683 1432]]
[[ 656 1372]] , [[ 656 1377]]
[[ 706 1471]] , [[ 705 1472]]
[[ 704 1471]] , [[ 703 1472]]
[[ 556 1550]] , [[ 556 1555]]
[[ 706 1472]] , [[ 706 1477]]
[[ 556 1550]] , [[ 556 1555]]
[[ 556 1550]] , [[ 556 1555]]
[[ 828 1560]] , [[ 828 1567]]
[[ 748 1565]] , [[ 748 1575]]
[[ 762 1570]] , [[ 762 1574]]
[[ 678 1550]] , [[ 678 1555]]
[[ 558 1482]] , [[ 558 1486]]
[[ 558 1482]] , [[ 558 1486]]
[[ 832 1656]] , [[ 832 1657]]
[[ 600 1562]] , [[ 600 1567]]
[[ 832 1640]] , [[ 832 1645]]
[[ 594 1564]] , [[ 594 1569]]
[[ 826 1656]] , [[ 826 1657]]
[[ 798 1806]] , [[ 798 1813]]
[[ 648 1569]] , [[ 647 1570]]
[[ 780 1568]] , [[ 780 1573]]
[[ 647 1569]] , [[ 646 1570]]
[[ 732 1430]] , [[ 732 1435]]
[[ 840 1558]] , [[ 840 1559]]
[[ 708 1564]] , [[ 708 1569]]
[[ 840 1558]] , [[ 840 1559]]
[[ 840 1558]] , [[ 840 1559]]
[[ 672 1486]] , [[ 672 1491]]
[[ 618 1552]] , [[ 618 1555]]
[[ 672 1486]] , [[ 672 1491]]
[[ 460 1486]] , [[ 460 1491]]
[[ 764 1568]] , [[ 764 1573]]
[[ 460 1486]] , [[ 460 1491]]
[[ 556 1564]] , [[ 556 1569]]
[[ 460 1486]] , [[ 460 1491]]
[[ 550 1564]] , [[ 550 1565]]
[[ 778 1568]] , [[ 778 1572]]
[[ 778 1568]] , [[ 778 1572]]
[[ 546 1566]] , [[ 546 1567]]
[[ 700 1564]] , [[ 700 1569]]
[[ 572 1558]] , [[ 572 1561]]
[[ 712 1552]] , [[ 712 1553]]
[[ 572 1558]] , [[ 572 1561]]
[[ 546 1564]] , [[ 546 1565]]
[[ 710 1566]] , [[ 710 1571]]
[[ 714 1568]] , [[ 714 1573]]
[[ 552 1564]] , [[ 552 1567]]
[[ 712 1552]] , [[ 712 1553]]
[[ 552 1564]] , [[ 552 1567]]
[[ 714 1552]] , [[ 714 1557]]
[[ 546 1552]] , [[ 546 1557]]
[[ 546 1552]] , [[ 546 1557]]
[[ 546 1550]] , [[ 546 1557]]
[[ 546 1552]] , [[ 546 1557]]
[[ 712 1473]] , [[ 712 1477]]
[[ 610 1544]] , [[ 610 1545]]
[[ 570 1560]] , [[ 570 1567]]
[[ 790 1562]] , [[ 790 1567]]
[[ 556 1560]] , [[ 556 1567]]
[[ 712 1473]] , [[ 712 1477]]
[[ 616 1480]] , [[ 616 1484]]
[[ 710 1472]] , [[ 710 1477]]
[[ 740 1430]] , [[ 740 1435]]
[[ 710 1473]] , [[ 710 1477]]
[[ 638 1395]] , [[ 638 1399]]
[[ 656 1338]] , [[ 656 1342]]
[[ 734 1469]] , [[ 734 1473]]
[[ 437 1482]] , [[ 436 1483]]
[[ 676 1530]] , [[ 676 1535]]
[[ 676 1530]] , [[ 676 1535]]
[[ 710 1473]] , [[ 710 1477]]
[[ 584 1568]] , [[ 584 1572]]
[[ 590 1564]] , [[ 590 1569]]
[[ 530 1564]] , [[ 530 1568]]
[[ 676 1530]] , [[ 676 1535]]
[[ 540 1564]] , [[ 540 1569]]
[[ 552 1568]] , [[ 552 1571]]
[[ 548 1564]] , [[ 548 1569]]
[[ 776 1550]] , [[ 776 1555]]
[[ 548 1564]] , [[ 548 1569]]
[[ 552 1568]] , [[ 552 1571]]
[[ 529 1564]] , [[ 529 1568]]
[[ 776 1550]] , [[ 776 1555]]
[[ 548 1548]] , [[ 548 1553]]
[[ 788 1562]] , [[ 788 1567]]
[[ 550 1548]] , [[ 550 1549]]
[[ 664 1562]] , [[ 664 1567]]
[[ 844 1566]] , [[ 844 1572]]
[[ 844 1566]] , [[ 844 1572]]
[[ 836 1564]] , [[ 836 1565]]
[[ 546 1564]] , [[ 546 1569]]
[[ 556 1548]] , [[ 556 1553]]
[[ 347 1488]] , [[ 347 1492]]
[[ 686 1552]] , [[ 686 1557]]
[[ 656 1562]] , [[ 656 1567]]
[[ 558 1549]] , [[ 558 1557]]
[[ 514 1480]] , [[ 514 1488]]
[[ 552 1550]] , [[ 552 1555]]
[[ 571 1527]] , [[ 571 1531]]
[[ 535 1567]] , [[ 534 1568]]
[[ 560 1482]] , [[ 560 1487]]
[[ 686 1554]] , [[ 686 1559]]
[[ 582 1554]] , [[ 582 1561]]
[[ 560 1548]] , [[ 560 1553]]
[[ 704 1368]] , [[ 704 1373]]
[[ 528 1568]] , [[ 528 1570]]
[[ 548 1547]] , [[ 548 1551]]
[[ 564 1548]] , [[ 563 1549]]
[[ 520 1484]] , [[ 520 1488]]
[[ 570 1480]] , [[ 570 1486]]
[[ 510 1480]] , [[ 510 1487]]
[[ 510 1480]] , [[ 510 1487]]
[[ 670 1420]] , [[ 670 1426]]
[[ 702 1550]] , [[ 702 1561]]
[[ 556 1550]] , [[ 556 1557]]
[[ 593 1560]] , [[ 592 1561]]
[[ 558 1479]] , [[ 558 1483]]
[[ 801 1564]] , [[ 801 1568]]
[[ 768 1564]] , [[ 768 1565]]
[[ 801 1564]] , [[ 801 1568]]
[[ 746 1568]] , [[ 746 1573]]
[[ 631 1568]] , [[ 631 1573]]
[[ 572 1568]] , [[ 572 1573]]
[[ 572 1568]] , [[ 572 1573]]
[[ 746 1565]] , [[ 746 1574]]
[[ 718 1568]] , [[ 718 1572]]
[[ 572 1568]] , [[ 572 1573]]
[[ 572 1568]] , [[ 572 1573]]
[[ 730 1550]] , [[ 730 1555]]
[[ 829 1566]] , [[ 829 1570]]
[[ 762 1568]] , [[ 762 1573]]
[[ 570 1568]] , [[ 570 1573]]
[[ 816 1564]] , [[ 816 1568]]
[[ 528 1476]] , [[ 527 1477]]
[[ 528 1476]] , [[ 527 1477]]
[[ 704 1550]] , [[ 704 1551]]
[[ 766 1568]] , [[ 766 1573]]
[[ 528 1476]] , [[ 528 1481]]
[[ 736 1568]] , [[ 736 1573]]
[[ 702 1548]] , [[ 702 1559]]
[[ 704 1550]] , [[ 704 1551]]
[[ 572 1568]] , [[ 572 1573]]
[[ 878 1567]] , [[ 878 1571]]
[[ 510 1575]] , [[ 510 1581]]
[[ 638 1478]] , [[ 638 1484]]
[[ 638 1478]] , [[ 638 1484]]
[[  70 1464]] , [[  70 1469]]
[[ 638 1478]] , [[ 638 1484]]
[[ 790 1564]] , [[ 790 1569]]
[[ 556 1574]] , [[ 556 1578]]
[[ 577 1806]] , [[ 577 1808]]
[[ 746 1776]] , [[ 746 1781]]
[[  60 1820]] , [[  60 1821]]
[[  60 1820]] , [[  60 1825]]
[[ 474 1577]] , [[ 474 1581]]
[[ 475 1576]] , [[ 474 1577]]
[[ 512 1576]] , [[ 512 1580]]
[[ 512 1576]] , [[ 512 1580]]
[[ 474 1577]] , [[ 474 1581]]
[[ 512 1576]] , [[ 512 1580]]
[[ 732 1796]] , [[ 732 1807]]
[[ 745 1804]] , [[ 745 1813]]
[[ 746 1804]] , [[ 746 1808]]
[[ 784 1800]] , [[ 784 1807]]
[[ 707 1798]] , [[ 707 1802]]
[[ 408 1808]] , [[ 408 1811]]
[[ 548 1568]] , [[ 548 1573]]
[[ 527 1574]] , [[ 526 1575]]
[[ 548 1568]] , [[ 548 1573]]
[[ 508 1796]] , [[ 508 1801]]
[[ 788 1798]] , [[ 788 1799]]
[[  64 1814]] , [[  64 1821]]
[[  64 1814]] , [[  64 1821]]
[[ 717 1787]] , [[ 717 1791]]
[[ 290 1579]] , [[ 290 1583]]
[[ 330 1577]] , [[ 329 1578]]
[[ 790 1794]] , [[ 790 1801]]
[[ 291 1579]] , [[ 291 1583]]
[[ 291 1579]] , [[ 291 1583]]
[[ 725 1801]] , [[ 725 1805]]
[[  18 1817]] , [[  18 1821]]
[[ 458 1804]] , [[ 458 1809]]
[[ 720 1800]] , [[ 720 1804]]
[[ 752 1812]] , [[ 752 1816]]
[[ 570 1736]] , [[ 570 1743]]
[[ 570 1736]] , [[ 570 1745]]
[[ 570 1736]] , [[ 570 1745]]
[[ 520 1802]] , [[ 520 1809]]
[[ 776 1636]] , [[ 776 1641]]
[[ 720 1644]] , [[ 720 1649]]
[[ 570 1726]] , [[ 570 1737]]
[[ 712 1772]] , [[ 712 1777]]
[[ 720 1642]] , [[ 720 1643]]
[[ 790 1634]] , [[ 790 1639]]
[[ 552 1572]] , [[ 552 1577]]
[[ 510 1575]] , [[ 510 1576]]
[[ 510 1575]] , [[ 510 1581]]
[[ 529 1756]] , [[ 528 1757]]
[[ 556 1802]] , [[ 556 1807]]
[[ 556 1788]] , [[ 556 1793]]
[[ 768 1810]] , [[ 768 1815]]
[[   9 1818]] , [[   8 1819]]
[[ 828 1814]] , [[ 828 1819]]
[[ 828 1814]] , [[ 828 1819]]
[[ 528 1575]] , [[ 528 1579]]
[[ 748 1812]] , [[ 748 1817]]
[[ 530 1720]] , [[ 530 1724]]
[[ 513 1574]] , [[ 512 1575]]
[[ 848 1568]] , [[ 848 1573]]
[[ 768 1568]] , [[ 768 1573]]
[[ 768 1568]] , [[ 768 1573]]
[[ 505 1575]] , [[ 505 1576]]
[[ 770 1568]] , [[ 770 1573]]
[[ 770 1568]] , [[ 770 1573]]
[[ 770 1568]] , [[ 770 1573]]
[[ 524 1575]] , [[ 524 1579]]
[[ 766 1568]] , [[ 766 1573]]
[[ 800 1562]] , [[ 800 1567]]
[[ 510 1576]] , [[ 510 1581]]
[[ 768 1568]] , [[ 768 1574]]
[[ 714 1568]] , [[ 714 1573]]
[[ 768 1568]] , [[ 768 1574]]
[[ 513 1574]] , [[ 512 1575]]
[[ 730 1570]] , [[ 730 1574]]
[[ 768 1568]] , [[ 768 1573]]
[[ 766 1568]] , [[ 766 1573]]
[[ 698 1568]] , [[ 698 1573]]
[[ 784 1568]] , [[ 784 1573]]
[[ 698 1568]] , [[ 698 1573]]
[[ 730 1570]] , [[ 730 1575]]
[[ 732 1568]] , [[ 732 1569]]
[[ 594 1568]] , [[ 594 1577]]
[[ 698 1430]] , [[ 698 1434]]
[[ 698 1562]] , [[ 698 1567]]
[[ 698 1562]] , [[ 698 1567]]
[[ 600 1556]] , [[ 600 1561]]
[[ 628 1552]] , [[ 628 1557]]
[[  56 1292]] , [[  56 1293]]
[[ 718 1474]] , [[ 718 1479]]
[[ 724 1471]] , [[ 723 1472]]
[[ 778 1568]] , [[ 778 1574]]
[[ 684 1376]] , [[ 684 1380]]
[[ 666 1339]] , [[ 666 1343]]
[[ 654 1370]] , [[ 654 1377]]
[[ 700 1556]] , [[ 700 1559]]
[[ 666 1339]] , [[ 665 1340]]
[[ 702 1556]] , [[ 702 1561]]
[[ 428 1514]] , [[ 428 1518]]
[[ 720 1472]] , [[ 719 1473]]
[[ 702 1556]] , [[ 702 1561]]
[[ 702 1548]] , [[ 702 1553]]
[[ 724 1471]] , [[ 723 1472]]
[[ 240 1370]] , [[ 240 1374]]
[[ 428 1514]] , [[ 428 1518]]
[[ 588 1562]] , [[ 588 1567]]
[[ 428 1514]] , [[ 428 1518]]
[[ 428 1514]] , [[ 428 1518]]
[[ 624 1565]] , [[ 624 1569]]
[[ 780 1568]] , [[ 780 1573]]
[[ 558 1572]] , [[ 558 1573]]
[[ 700 1568]] , [[ 700 1573]]
[[ 428 1514]] , [[ 428 1518]]
[[ 660 1561]] , [[ 660 1567]]
[[ 540 1564]] , [[ 540 1569]]
[[ 620 1564]] , [[ 620 1569]]
[[ 619 1572]] , [[ 619 1576]]
[[ 619 1572]] , [[ 619 1576]]
[[ 656 1568]] , [[ 656 1572]]
[[ 670 1368]] , [[ 670 1373]]
[[ 670 1368]] , [[ 670 1373]]
[[ 270 1346]] , [[ 270 1350]]
[[ 732 1469]] , [[ 732 1473]]
[[ 240 1370]] , [[ 240 1374]]
[[ 240 1370]] , [[ 240 1374]]
[[ 732 1469]] , [[ 731 1470]]
[[ 672 1368]] , [[ 672 1374]]
[[ 706 1472]] , [[ 706 1477]]
[[ 720 1472]] , [[ 719 1473]]
[[ 706 1471]] , [[ 706 1477]]
[[ 682 1556]] , [[ 682 1559]]
[[ 682 1556]] , [[ 682 1559]]
[[ 810 1557]] , [[ 809 1558]]
[[ 628 1568]] , [[ 626 1570]]
[[ 514 1474]] , [[ 514 1475]]
[[ 702 1470]] , [[ 702 1474]]
[[ 513 1474]] , [[ 513 1475]]
[[ 800 1560]] , [[ 800 1565]]
[[ 536 1568]] , [[ 536 1575]]
[[ 800 1560]] , [[ 800 1565]]
[[ 740 1468]] , [[ 740 1473]]
[[ 665 1338]] , [[ 664 1339]]
[[ 740 1468]] , [[ 740 1473]]
[[ 720 1472]] , [[ 719 1473]]
[[ 696 1470]] , [[ 696 1477]]
[[ 698 1470]] , [[ 698 1471]]
[[ 667 1422]] , [[ 667 1426]]
[[ 667 1422]] , [[ 667 1426]]
[[ 667 1422]] , [[ 667 1426]]
[[ 656 1370]] , [[ 655 1371]]
[[ 656 1370]] , [[ 656 1375]]
[[ 706 1471]] , [[ 706 1475]]
[[ 701 1568]] , [[ 701 1572]]
[[ 671 1338]] , [[ 670 1339]]
[[ 671 1338]] , [[ 670 1339]]
[[ 690 1328]] , [[ 690 1333]]
[[168 572]] , [[168 573]]
[[170 570]] , [[170 571]]
[[ 355 1084]] , [[ 356 1083]]
[[ 716 1432]] , [[ 716 1436]]
[[ 716 1432]] , [[ 716 1437]]
[[ 780 1638]] , [[ 780 1641]]
[[ 782 1634]] , [[ 782 1638]]
[[ 810 1806]] , [[ 810 1809]]
[[ 760 1792]] , [[ 760 1797]]
[[ 714 1432]] , [[ 714 1437]]
[[ 234 1579]] , [[ 234 1583]]
[[ 668 1339]] , [[ 668 1343]]
[[174 572]] , [[174 573]]
[[371 952]] , [[372 951]]
[[  84 1258]] , [[  84 1263]]
[[  84 1258]] , [[  84 1263]]
[[ 710 1432]] , [[ 710 1436]]
[[ 736 1568]] , [[ 736 1573]]
[[ 552 1475]] , [[ 552 1476]]
[[ 356 1492]] , [[ 356 1496]]
[[ 554 1570]] , [[ 554 1577]]
[[  36 1042]] , [[  36 1047]]
[[ 752 1572]] , [[ 752 1576]]
[[   6 1048]] , [[   6 1053]]
[[ 554 1568]] , [[ 554 1577]]
[[ 746 1432]] , [[ 746 1436]]
[[ 544 1568]] , [[ 544 1572]]
[[ 700 1542]] , [[ 700 1549]]
[[ 524 1568]] , [[ 524 1569]]
[[ 520 1568]] , [[ 520 1572]]
[[ 520 1568]] , [[ 520 1572]]
[[ 812 1634]] , [[ 812 1639]]
[[ 782 1634]] , [[ 782 1639]]
[[ 522 1570]] , [[ 522 1579]]
[[ 700 1526]] , [[ 700 1531]]
[[ 557 1474]] , [[ 556 1475]]
[[ 540 1564]] , [[ 540 1568]]
[[ 526 1474]] , [[ 525 1475]]
[[ 556 1475]] , [[ 556 1485]]
[[ 546 1560]] , [[ 546 1567]]
[[ 544 1556]] , [[ 544 1565]]
[[ 544 1560]] , [[ 544 1567]]
[[ 748 1570]] , [[ 748 1574]]
[[ 644 1574]] , [[ 644 1578]]
[[ 512 1577]] , [[ 512 1581]]
[[ 752 1798]] , [[ 752 1802]]
[[  26 1820]] , [[  26 1825]]
[[ 652 1540]] , [[ 652 1547]]
[[ 631 1572]] , [[ 631 1576]]
[[   6 1582]] , [[   6 1587]]
[[ 746 1568]] , [[ 746 1573]]
[[ 734 1568]] , [[ 734 1572]]
[[ 556 1568]] , [[ 556 1573]]
[[ 570 1568]] , [[ 570 1573]]
[[ 764 1570]] , [[ 764 1574]]
[[ 570 1568]] , [[ 570 1573]]
[[ 768 1568]] , [[ 768 1573]]
[[ 570 1568]] , [[ 570 1573]]
[[ 570 1568]] , [[ 570 1573]]
[[ 570 1568]] , [[ 570 1573]]
[[ 555 1483]] , [[ 555 1487]]
[[ 656 1474]] , [[ 656 1481]]
[[ 570 1568]] , [[ 570 1573]]
[[ 570 1568]] , [[ 570 1573]]
[[ 764 1568]] , [[ 764 1569]]
[[ 570 1568]] , [[ 570 1573]]
[[ 538 1568]] , [[ 538 1579]]
[[ 538 1568]] , [[ 538 1579]]
[[ 766 1568]] , [[ 766 1572]]
[[ 748 1568]] , [[ 748 1575]]
[[ 512 1576]] , [[ 512 1581]]
[[ 770 1786]] , [[ 770 1791]]
[[ 867 1570]] , [[ 867 1574]]
[[ 810 1556]] , [[ 810 1561]]
[[ 796 1552]] , [[ 796 1557]]
[[ 796 1552]] , [[ 796 1557]]
[[ 719 1473]] , [[ 718 1474]]
[[ 426 1482]] , [[ 425 1483]]
[[ 425 1482]] , [[ 424 1483]]
[[ 554 1474]] , [[ 554 1479]]
[[ 748 1370]] , [[ 748 1375]]
[[ 688 1430]] , [[ 688 1434]]
[[ 640 1476]] , [[ 640 1481]]
[[ 544 1472]] , [[ 543 1473]]
[[ 450 1484]] , [[ 450 1488]]
[[ 600 1704]] , [[ 600 1711]]
[[ 702 1556]] , [[ 702 1569]]
[[ 702 1556]] , [[ 702 1557]]
[[ 460 1484]] , [[ 460 1489]]
[[ 702 1556]] , [[ 702 1569]]
[[ 702 1556]] , [[ 702 1567]]
[[ 846 1560]] , [[ 846 1561]]
[[ 550 1562]] , [[ 550 1567]]
[[ 594 1560]] , [[ 594 1567]]
[[ 560 1568]] , [[ 560 1577]]
[[ 730 1570]] , [[ 730 1574]]
[[ 408 1578]] , [[ 408 1582]]
[[ 312 1579]] , [[ 312 1583]]
[[ 552 1816]] , [[ 552 1817]]
[[ 772 1808]] , [[ 772 1821]]
[[ 564 1808]] , [[ 564 1817]]
[[ 528 1728]] , [[ 528 1735]]
[[ 312 1579]] , [[ 312 1583]]
[[ 464 1577]] , [[ 464 1581]]
[[ 467 1577]] , [[ 467 1581]]
[[ 656 1484]] , [[ 656 1489]]
[[ 754 1570]] , [[ 754 1575]]
[[ 446 1484]] , [[ 446 1488]]
[[ 543 1720]] , [[ 543 1724]]
[[ 146 1582]] , [[ 146 1586]]
[[ 774 1568]] , [[ 774 1573]]
[[ 782 1634]] , [[ 782 1639]]
[[ 546 1736]] , [[ 546 1742]]
[[ 594 1778]] , [[ 594 1790]]
[[ 752 1768]] , [[ 752 1775]]
[[ 748 1568]] , [[ 748 1569]]
[[ 745 1570]] , [[ 745 1574]]
[[ 596 1780]] , [[ 596 1789]]
[[ 744 1570]] , [[ 744 1574]]
[[ 672 1817]] , [[ 672 1823]]
[[ 560 1816]] , [[ 560 1821]]
[[   6 1814]] , [[   6 1819]]
[[ 500 1748]] , [[ 500 1753]]
[[ 510 1794]] , [[ 510 1799]]
[[ 705 1797]] , [[ 705 1801]]
[[ 496 1748]] , [[ 496 1753]]
[[ 616 1810]] , [[ 616 1815]]
[[ 614 1566]] , [[ 614 1567]]
[[ 620 1564]] , [[ 620 1565]]
[[ 620 1564]] , [[ 620 1565]]
[[ 616 1566]] , [[ 616 1569]]
[[ 622 1782]] , [[ 622 1791]]
[[ 752 1816]] , [[ 752 1822]]
[[ 616 1808]] , [[ 616 1809]]
[[ 860 1808]] , [[ 860 1809]]
[[  25 1815]] , [[  24 1816]]
[[ 861 1808]] , [[ 861 1809]]
[[ 746 1786]] , [[ 746 1793]]
[[ 513 1754]] , [[ 513 1760]]
[[ 920 1594]] , [[ 920 1598]]
[[ 512 1754]] , [[ 512 1759]]
[[ 400 1578]] , [[ 400 1582]]
[[ 741 1798]] , [[ 741 1804]]
[[ 586 1748]] , [[ 586 1755]]
[[ 732 1772]] , [[ 732 1777]]
[[ 586 1748]] , [[ 586 1755]]
[[ 488 1810]] , [[ 488 1817]]
[[ 890 1568]] , [[ 890 1575]]
[[ 491 1822]] , [[ 490 1823]]
[[ 742 1817]] , [[ 742 1821]]
[[  54 1818]] , [[  54 1819]]
[[ 824 1816]] , [[ 824 1820]]
[[  44 1818]] , [[  44 1819]]
[[ 678 1813]] , [[ 678 1817]]
[[ 884 1816]] , [[ 884 1821]]
[[ 874 1808]] , [[ 874 1821]]
[[ 874 1808]] , [[ 874 1821]]
[[ 568 1784]] , [[ 568 1785]]
[[ 532 1816]] , [[ 532 1821]]
[[ 776 1806]] , [[ 776 1809]]
[[ 744 1794]] , [[ 744 1806]]
[[ 782 1634]] , [[ 782 1635]]
[[ 608 1786]] , [[ 608 1791]]
[[ 746 1792]] , [[ 746 1795]]
[[ 582 1748]] , [[ 582 1753]]
[[ 523 1574]] , [[ 522 1575]]
[[ 562 1572]] , [[ 562 1576]]
[[ 482 1776]] , [[ 482 1783]]
[[ 746 1782]] , [[ 746 1789]]
[[  12 1812]] , [[  12 1815]]
[[ 554 1784]] , [[ 554 1789]]
[[  12 1822]] , [[  12 1826]]
[[ 747 1782]] , [[ 747 1789]]
[[ 808 1794]] , [[ 808 1799]]
[[ 760 1802]] , [[ 760 1805]]
[[ 594 1782]] , [[ 594 1789]]
[[ 808 1794]] , [[ 808 1799]]
[[ 752 1806]] , [[ 752 1809]]
[[  48 1811]] , [[  48 1817]]
[[  32 1812]] , [[  32 1825]]
[[ 524 1570]] , [[ 524 1575]]
[[ 524 1570]] , [[ 524 1575]]
[[ 570 1554]] , [[ 570 1559]]
[[ 776 1564]] , [[ 776 1569]]
[[ 776 1564]] , [[ 776 1569]]
[[ 506 1734]] , [[ 506 1738]]
[[ 776 1784]] , [[ 776 1789]]
[[ 448 1762]] , [[ 448 1769]]
[[ 792 1790]] , [[ 792 1793]]
[[ 654 1776]] , [[ 654 1779]]
[[ 448 1762]] , [[ 448 1769]]
[[ 626 1744]] , [[ 626 1753]]
[[ 652 1776]] , [[ 652 1777]]
[[ 528 1728]] , [[ 528 1733]]
[[ 554 1728]] , [[ 554 1733]]
[[ 519 1573]] , [[ 518 1574]]
[[ 650 1776]] , [[ 650 1783]]
[[ 741 1570]] , [[ 741 1574]]
[[ 586 1570]] , [[ 586 1571]]
[[ 748 1468]] , [[ 748 1473]]
[[ 702 1550]] , [[ 702 1555]]
[[ 728 1484]] , [[ 728 1489]]
[[ 508 1576]] , [[ 508 1581]]
[[ 581 1572]] , [[ 581 1576]]
[[ 581 1572]] , [[ 581 1576]]
[[ 732 1806]] , [[ 732 1811]]
[[ 508 1576]] , [[ 508 1581]]
[[ 508 1576]] , [[ 508 1581]]
[[ 578 1564]] , [[ 578 1565]]
[[ 704 1568]] , [[ 704 1574]]
[[ 580 1572]] , [[ 580 1576]]
[[ 564 1570]] , [[ 564 1571]]
[[ 604 1558]] , [[ 604 1565]]
[[ 545 1548]] , [[ 545 1553]]
[[ 564 1572]] , [[ 564 1577]]
[[ 710 1564]] , [[ 710 1569]]
[[ 508 1576]] , [[ 508 1580]]
[[ 776 1568]] , [[ 776 1573]]
[[ 508 1576]] , [[ 508 1580]]
[[ 508 1576]] , [[ 508 1580]]
[[ 564 1572]] , [[ 564 1577]]
[[ 730 1810]] , [[ 730 1815]]
[[ 508 1576]] , [[ 508 1581]]
[[ 754 1808]] , [[ 754 1809]]
[[ 760 1468]] , [[ 760 1472]]
[[ 720 1476]] , [[ 720 1481]]
[[ 704 1568]] , [[ 704 1573]]
[[ 814 1558]] , [[ 814 1567]]
[[ 768 1568]] , [[ 768 1573]]
[[  14 1582]] , [[  14 1586]]
[[  12 1581]] , [[  12 1585]]
[[ 782 1568]] , [[ 782 1572]]
[[ 508 1576]] , [[ 508 1580]]
[[ 564 1570]] , [[ 564 1571]]
[[ 704 1568]] , [[ 704 1574]]
[[ 624 1474]] , [[ 624 1480]]
[[ 622 1474]] , [[ 622 1480]]
[[ 554 1782]] , [[ 554 1787]]
[[ 152 1581]] , [[ 152 1585]]
[[ 508 1577]] , [[ 508 1581]]
[[ 150 1581]] , [[ 150 1585]]
[[ 760 1468]] , [[ 760 1472]]
[[ 700 1368]] , [[ 699 1369]]
[[ 704 1430]] , [[ 704 1434]]
[[  84 1446]] , [[  84 1450]]
[[ 726 1428]] , [[ 726 1433]]
[[   0 1086]] , [[   0 1129]]
[[ 668 1424]] , [[ 668 1428]]
[[   0 1070]] , [[   0 1107]]
[[ 683 1428]] , [[ 683 1432]]
[[ 656 1372]] , [[ 656 1377]]
[[ 706 1471]] , [[ 705 1472]]
[[ 704 1471]] , [[ 703 1472]]
[[ 556 1550]] , [[ 556 1555]]
[[ 706 1472]] , [[ 706 1477]]
[[ 556 1550]] , [[ 556 1555]]
[[ 556 1550]] , [[ 556 1555]]
[[ 828 1560]] , [[ 828 1567]]
[[ 748 1565]] , [[ 748 1575]]
[[ 762 1570]] , [[ 762 1574]]
[[ 678 1550]] , [[ 678 1555]]
[[ 558 1482]] , [[ 558 1486]]
[[ 558 1482]] , [[ 558 1486]]
[[ 832 1656]] , [[ 832 1657]]
[[ 600 1562]] , [[ 600 1567]]
[[ 832 1640]] , [[ 832 1645]]
[[ 594 1564]] , [[ 594 1569]]
[[ 826 1656]] , [[ 826 1657]]
[[ 798 1806]] , [[ 798 1813]]
[[ 648 1569]] , [[ 647 1570]]
[[ 780 1568]] , [[ 780 1573]]
[[ 647 1569]] , [[ 646 1570]]
[[ 732 1430]] , [[ 732 1435]]
[[ 840 1558]] , [[ 840 1559]]
[[ 708 1564]] , [[ 708 1569]]
[[ 840 1558]] , [[ 840 1559]]
[[ 840 1558]] , [[ 840 1559]]
[[ 672 1486]] , [[ 672 1491]]
[[ 618 1552]] , [[ 618 1555]]
[[ 672 1486]] , [[ 672 1491]]
[[ 460 1486]] , [[ 460 1491]]
[[ 764 1568]] , [[ 764 1573]]
[[ 460 1486]] , [[ 460 1491]]
[[ 556 1564]] , [[ 556 1569]]
[[ 460 1486]] , [[ 460 1491]]
[[ 550 1564]] , [[ 550 1565]]
[[ 778 1568]] , [[ 778 1572]]
[[ 778 1568]] , [[ 778 1572]]
[[ 546 1566]] , [[ 546 1567]]
[[ 700 1564]] , [[ 700 1569]]
[[ 572 1558]] , [[ 572 1561]]
[[ 712 1552]] , [[ 712 1553]]
[[ 572 1558]] , [[ 572 1561]]
[[ 546 1564]] , [[ 546 1565]]
[[ 710 1566]] , [[ 710 1571]]
[[ 714 1568]] , [[ 714 1573]]
[[ 552 1564]] , [[ 552 1567]]
[[ 712 1552]] , [[ 712 1553]]
[[ 552 1564]] , [[ 552 1567]]
[[ 714 1552]] , [[ 714 1557]]
[[ 546 1552]] , [[ 546 1557]]
[[ 546 1552]] , [[ 546 1557]]
[[ 546 1550]] , [[ 546 1557]]
[[ 546 1552]] , [[ 546 1557]]
[[ 712 1473]] , [[ 712 1477]]
[[ 610 1544]] , [[ 610 1545]]
[[ 570 1560]] , [[ 570 1567]]
[[ 790 1562]] , [[ 790 1567]]
[[ 556 1560]] , [[ 556 1567]]
[[ 712 1473]] , [[ 712 1477]]
[[ 616 1480]] , [[ 616 1484]]
[[ 710 1472]] , [[ 710 1477]]
[[ 740 1430]] , [[ 740 1435]]
[[ 710 1473]] , [[ 710 1477]]
[[ 638 1395]] , [[ 638 1399]]
[[ 656 1338]] , [[ 656 1342]]
[[ 734 1469]] , [[ 734 1473]]
[[ 437 1482]] , [[ 436 1483]]
[[ 676 1530]] , [[ 676 1535]]
[[ 676 1530]] , [[ 676 1535]]
[[ 710 1473]] , [[ 710 1477]]
[[ 584 1568]] , [[ 584 1572]]
[[ 590 1564]] , [[ 590 1569]]
[[ 530 1564]] , [[ 530 1568]]
[[ 676 1530]] , [[ 676 1535]]
[[ 540 1564]] , [[ 540 1569]]
[[ 552 1568]] , [[ 552 1571]]
[[ 548 1564]] , [[ 548 1569]]
[[ 776 1550]] , [[ 776 1555]]
[[ 548 1564]] , [[ 548 1569]]
[[ 552 1568]] , [[ 552 1571]]
[[ 529 1564]] , [[ 529 1568]]
[[ 776 1550]] , [[ 776 1555]]
[[ 548 1548]] , [[ 548 1553]]
[[ 788 1562]] , [[ 788 1567]]
[[ 550 1548]] , [[ 550 1549]]
[[ 664 1562]] , [[ 664 1567]]
[[ 844 1566]] , [[ 844 1572]]
[[ 844 1566]] , [[ 844 1572]]
[[ 836 1564]] , [[ 836 1565]]
[[ 546 1564]] , [[ 546 1569]]
[[ 556 1548]] , [[ 556 1553]]
[[ 347 1488]] , [[ 347 1492]]
[[ 686 1552]] , [[ 686 1557]]
[[ 656 1562]] , [[ 656 1567]]
[[ 558 1549]] , [[ 558 1557]]
[[ 514 1480]] , [[ 514 1488]]
[[ 552 1550]] , [[ 552 1555]]
[[ 571 1527]] , [[ 571 1531]]
[[ 535 1567]] , [[ 534 1568]]
[[ 560 1482]] , [[ 560 1487]]
[[ 686 1554]] , [[ 686 1559]]
[[ 582 1554]] , [[ 582 1561]]
[[ 560 1548]] , [[ 560 1553]]
[[ 704 1368]] , [[ 704 1373]]
[[ 528 1568]] , [[ 528 1570]]
[[ 548 1547]] , [[ 548 1551]]
[[ 564 1548]] , [[ 563 1549]]
[[ 520 1484]] , [[ 520 1488]]
[[ 570 1480]] , [[ 570 1486]]
[[ 510 1480]] , [[ 510 1487]]
[[ 510 1480]] , [[ 510 1487]]
[[ 670 1420]] , [[ 670 1426]]
[[ 702 1550]] , [[ 702 1561]]
[[ 556 1550]] , [[ 556 1557]]
[[ 593 1560]] , [[ 592 1561]]
[[ 558 1479]] , [[ 558 1483]]
[[ 801 1564]] , [[ 801 1568]]
[[ 768 1564]] , [[ 768 1565]]
[[ 801 1564]] , [[ 801 1568]]
[[ 746 1568]] , [[ 746 1573]]
[[ 631 1568]] , [[ 631 1573]]
[[ 572 1568]] , [[ 572 1573]]
[[ 572 1568]] , [[ 572 1573]]
[[ 746 1565]] , [[ 746 1574]]
[[ 718 1568]] , [[ 718 1572]]
[[ 572 1568]] , [[ 572 1573]]
[[ 572 1568]] , [[ 572 1573]]
[[ 730 1550]] , [[ 730 1555]]
[[ 829 1566]] , [[ 829 1570]]
[[ 762 1568]] , [[ 762 1573]]
[[ 570 1568]] , [[ 570 1573]]
[[ 816 1564]] , [[ 816 1568]]
[[ 528 1476]] , [[ 527 1477]]
[[ 528 1476]] , [[ 527 1477]]
[[ 704 1550]] , [[ 704 1551]]
[[ 766 1568]] , [[ 766 1573]]
[[ 528 1476]] , [[ 528 1481]]
[[ 736 1568]] , [[ 736 1573]]
[[ 702 1548]] , [[ 702 1559]]
[[ 704 1550]] , [[ 704 1551]]
[[ 572 1568]] , [[ 572 1573]]
[[ 878 1567]] , [[ 878 1571]]
[[ 510 1575]] , [[ 510 1581]]
[[ 638 1478]] , [[ 638 1484]]
[[ 638 1478]] , [[ 638 1484]]
[[  70 1464]] , [[  70 1469]]
[[ 638 1478]] , [[ 638 1484]]
[[ 790 1564]] , [[ 790 1569]]
[[ 556 1574]] , [[ 556 1578]]
[[ 577 1806]] , [[ 577 1808]]
[[ 746 1776]] , [[ 746 1781]]
[[  60 1820]] , [[  60 1821]]
[[  60 1820]] , [[  60 1825]]
[[ 474 1577]] , [[ 474 1581]]
[[ 475 1576]] , [[ 474 1577]]
[[ 512 1576]] , [[ 512 1580]]
[[ 512 1576]] , [[ 512 1580]]
[[ 474 1577]] , [[ 474 1581]]
[[ 512 1576]] , [[ 512 1580]]
[[ 732 1796]] , [[ 732 1807]]
[[ 745 1804]] , [[ 745 1813]]
[[ 746 1804]] , [[ 746 1808]]
[[ 784 1800]] , [[ 784 1807]]
[[ 707 1798]] , [[ 707 1802]]
[[ 408 1808]] , [[ 408 1811]]
[[ 548 1568]] , [[ 548 1573]]
[[ 527 1574]] , [[ 526 1575]]
[[ 548 1568]] , [[ 548 1573]]
[[ 508 1796]] , [[ 508 1801]]
[[ 788 1798]] , [[ 788 1799]]
[[  64 1814]] , [[  64 1821]]
[[  64 1814]] , [[  64 1821]]
[[ 717 1787]] , [[ 717 1791]]
[[ 290 1579]] , [[ 290 1583]]
[[ 330 1577]] , [[ 329 1578]]
[[ 790 1794]] , [[ 790 1801]]
[[ 291 1579]] , [[ 291 1583]]
[[ 291 1579]] , [[ 291 1583]]
[[ 725 1801]] , [[ 725 1805]]
[[  18 1817]] , [[  18 1821]]
[[ 458 1804]] , [[ 458 1809]]
[[ 720 1800]] , [[ 720 1804]]
[[ 752 1812]] , [[ 752 1816]]
[[ 570 1736]] , [[ 570 1743]]
[[ 570 1736]] , [[ 570 1745]]
[[ 570 1736]] , [[ 570 1745]]
[[ 520 1802]] , [[ 520 1809]]
[[ 776 1636]] , [[ 776 1641]]
[[ 720 1644]] , [[ 720 1649]]
[[ 570 1726]] , [[ 570 1737]]
[[ 712 1772]] , [[ 712 1777]]
[[ 720 1642]] , [[ 720 1643]]
[[ 790 1634]] , [[ 790 1639]]
[[ 552 1572]] , [[ 552 1577]]
[[ 510 1575]] , [[ 510 1576]]
[[ 510 1575]] , [[ 510 1581]]
[[ 529 1756]] , [[ 528 1757]]
[[ 556 1802]] , [[ 556 1807]]
[[ 556 1788]] , [[ 556 1793]]
[[ 768 1810]] , [[ 768 1815]]
[[   9 1818]] , [[   8 1819]]
[[ 828 1814]] , [[ 828 1819]]
[[ 828 1814]] , [[ 828 1819]]
[[ 528 1575]] , [[ 528 1579]]
[[ 748 1812]] , [[ 748 1817]]
[[ 530 1720]] , [[ 530 1724]]
[[ 513 1574]] , [[ 512 1575]]
[[ 848 1568]] , [[ 848 1573]]
[[ 768 1568]] , [[ 768 1573]]
[[ 768 1568]] , [[ 768 1573]]
[[ 505 1575]] , [[ 505 1576]]
[[ 770 1568]] , [[ 770 1573]]
[[ 770 1568]] , [[ 770 1573]]
[[ 770 1568]] , [[ 770 1573]]
[[ 524 1575]] , [[ 524 1579]]
[[ 766 1568]] , [[ 766 1573]]
[[ 800 1562]] , [[ 800 1567]]
[[ 510 1576]] , [[ 510 1581]]
[[ 768 1568]] , [[ 768 1574]]
[[ 714 1568]] , [[ 714 1573]]
[[ 768 1568]] , [[ 768 1574]]
[[ 513 1574]] , [[ 512 1575]]
[[ 730 1570]] , [[ 730 1574]]
[[ 768 1568]] , [[ 768 1573]]
[[ 766 1568]] , [[ 766 1573]]
[[ 698 1568]] , [[ 698 1573]]
[[ 784 1568]] , [[ 784 1573]]
[[ 698 1568]] , [[ 698 1573]]
[[ 730 1570]] , [[ 730 1575]]
[[ 732 1568]] , [[ 732 1569]]
[[ 594 1568]] , [[ 594 1577]]
[[ 698 1430]] , [[ 698 1434]]
[[ 698 1562]] , [[ 698 1567]]
[[ 698 1562]] , [[ 698 1567]]
[[ 600 1556]] , [[ 600 1561]]
[[ 628 1552]] , [[ 628 1557]]
[[  56 1292]] , [[  56 1293]]
[[ 718 1474]] , [[ 718 1479]]
[[ 724 1471]] , [[ 723 1472]]
[[ 778 1568]] , [[ 778 1574]]
[[ 684 1376]] , [[ 684 1380]]
[[ 666 1339]] , [[ 666 1343]]
[[ 654 1370]] , [[ 654 1377]]
[[ 700 1556]] , [[ 700 1559]]
[[ 666 1339]] , [[ 665 1340]]
[[ 702 1556]] , [[ 702 1561]]
[[ 428 1514]] , [[ 428 1518]]
[[ 720 1472]] , [[ 719 1473]]
[[ 702 1556]] , [[ 702 1561]]
[[ 702 1548]] , [[ 702 1553]]
[[ 724 1471]] , [[ 723 1472]]
[[ 240 1370]] , [[ 240 1374]]
[[ 428 1514]] , [[ 428 1518]]
[[ 588 1562]] , [[ 588 1567]]
[[ 428 1514]] , [[ 428 1518]]
[[ 428 1514]] , [[ 428 1518]]
[[ 624 1565]] , [[ 624 1569]]
[[ 780 1568]] , [[ 780 1573]]
[[ 558 1572]] , [[ 558 1573]]
[[ 700 1568]] , [[ 700 1573]]
[[ 428 1514]] , [[ 428 1518]]
[[ 660 1561]] , [[ 660 1567]]
[[ 540 1564]] , [[ 540 1569]]
[[ 620 1564]] , [[ 620 1569]]
[[ 619 1572]] , [[ 619 1576]]
[[ 619 1572]] , [[ 619 1576]]
[[ 656 1568]] , [[ 656 1572]]
[[ 670 1368]] , [[ 670 1373]]
[[ 670 1368]] , [[ 670 1373]]
[[ 270 1346]] , [[ 270 1350]]
[[ 732 1469]] , [[ 732 1473]]
[[ 240 1370]] , [[ 240 1374]]
[[ 240 1370]] , [[ 240 1374]]
[[ 732 1469]] , [[ 731 1470]]
[[ 672 1368]] , [[ 672 1374]]
[[ 706 1472]] , [[ 706 1477]]
[[ 720 1472]] , [[ 719 1473]]
[[ 706 1471]] , [[ 706 1477]]
[[ 682 1556]] , [[ 682 1559]]
[[ 682 1556]] , [[ 682 1559]]
[[ 810 1557]] , [[ 809 1558]]
[[ 628 1568]] , [[ 626 1570]]
[[ 514 1474]] , [[ 514 1475]]
[[ 702 1470]] , [[ 702 1474]]
[[ 513 1474]] , [[ 513 1475]]
[[ 800 1560]] , [[ 800 1565]]
[[ 536 1568]] , [[ 536 1575]]
[[ 800 1560]] , [[ 800 1565]]
[[ 740 1468]] , [[ 740 1473]]
[[ 665 1338]] , [[ 664 1339]]
[[ 740 1468]] , [[ 740 1473]]
[[ 720 1472]] , [[ 719 1473]]
[[ 696 1470]] , [[ 696 1477]]
[[ 698 1470]] , [[ 698 1471]]
[[ 667 1422]] , [[ 667 1426]]
[[ 667 1422]] , [[ 667 1426]]
[[ 667 1422]] , [[ 667 1426]]
[[ 656 1370]] , [[ 655 1371]]
[[ 656 1370]] , [[ 656 1375]]
[[ 706 1471]] , [[ 706 1475]]
[[ 701 1568]] , [[ 701 1572]]
[[ 671 1338]] , [[ 670 1339]]
[[ 671 1338]] , [[ 670 1339]]
[[ 690 1328]] , [[ 690 1333]]
[[168 572]] , [[168 573]]
[[170 570]] , [[170 571]]
[[ 355 1084]] , [[ 356 1083]]
[[ 716 1432]] , [[ 716 1436]]
[[ 716 1432]] , [[ 716 1437]]
[[ 780 1638]] , [[ 780 1641]]
[[ 782 1634]] , [[ 782 1638]]
[[ 810 1806]] , [[ 810 1809]]
[[ 760 1792]] , [[ 760 1797]]
[[ 714 1432]] , [[ 714 1437]]
[[ 234 1579]] , [[ 234 1583]]
[[ 668 1339]] , [[ 668 1343]]
[[174 572]] , [[174 573]]
[[371 952]] , [[372 951]]
[[  84 1258]] , [[  84 1263]]
[[  84 1258]] , [[  84 1263]]
[[ 710 1432]] , [[ 710 1436]]
[[ 736 1568]] , [[ 736 1573]]
[[ 552 1475]] , [[ 552 1476]]
[[ 356 1492]] , [[ 356 1496]]
[[ 554 1570]] , [[ 554 1577]]
[[  36 1042]] , [[  36 1047]]
[[ 752 1572]] , [[ 752 1576]]
[[   6 1048]] , [[   6 1053]]
[[ 554 1568]] , [[ 554 1577]]
[[ 746 1432]] , [[ 746 1436]]
[[ 544 1568]] , [[ 544 1572]]
[[ 700 1542]] , [[ 700 1549]]
[[ 524 1568]] , [[ 524 1569]]
[[ 520 1568]] , [[ 520 1572]]
[[ 520 1568]] , [[ 520 1572]]
[[ 812 1634]] , [[ 812 1639]]
[[ 782 1634]] , [[ 782 1639]]
[[ 522 1570]] , [[ 522 1579]]
[[ 700 1526]] , [[ 700 1531]]
[[ 557 1474]] , [[ 556 1475]]
[[ 540 1564]] , [[ 540 1568]]
[[ 526 1474]] , [[ 525 1475]]
[[ 556 1475]] , [[ 556 1485]]
[[ 546 1560]] , [[ 546 1567]]
[[ 544 1556]] , [[ 544 1565]]
[[ 544 1560]] , [[ 544 1567]]
[[ 748 1570]] , [[ 748 1574]]
[[ 644 1574]] , [[ 644 1578]]
[[ 512 1577]] , [[ 512 1581]]
[[ 752 1798]] , [[ 752 1802]]
[[  26 1820]] , [[  26 1825]]
[[ 652 1540]] , [[ 652 1547]]
[[ 631 1572]] , [[ 631 1576]]
[[   6 1582]] , [[   6 1587]]
[[ 746 1568]] , [[ 746 1573]]
[[ 734 1568]] , [[ 734 1572]]
[[ 556 1568]] , [[ 556 1573]]
[[ 570 1568]] , [[ 570 1573]]
[[ 764 1570]] , [[ 764 1574]]
[[ 570 1568]] , [[ 570 1573]]
[[ 768 1568]] , [[ 768 1573]]
[[ 570 1568]] , [[ 570 1573]]
[[ 570 1568]] , [[ 570 1573]]
[[ 570 1568]] , [[ 570 1573]]
[[ 555 1483]] , [[ 555 1487]]
[[ 656 1474]] , [[ 656 1481]]
[[ 570 1568]] , [[ 570 1573]]
[[ 570 1568]] , [[ 570 1573]]
[[ 764 1568]] , [[ 764 1569]]
[[ 570 1568]] , [[ 570 1573]]
[[ 538 1568]] , [[ 538 1579]]
[[ 538 1568]] , [[ 538 1579]]
[[ 766 1568]] , [[ 766 1572]]
[[ 748 1568]] , [[ 748 1575]]
[[ 512 1576]] , [[ 512 1581]]
[[ 770 1786]] , [[ 770 1791]]
[[ 867 1570]] , [[ 867 1574]]
[[ 810 1556]] , [[ 810 1561]]
[[ 796 1552]] , [[ 796 1557]]
[[ 796 1552]] , [[ 796 1557]]
[[ 719 1473]] , [[ 718 1474]]
[[ 426 1482]] , [[ 425 1483]]
[[ 425 1482]] , [[ 424 1483]]
[[ 554 1474]] , [[ 554 1479]]
[[ 748 1370]] , [[ 748 1375]]
[[ 688 1430]] , [[ 688 1434]]
[[ 640 1476]] , [[ 640 1481]]
[[ 544 1472]] , [[ 543 1473]]
[[ 450 1484]] , [[ 450 1488]]
[[ 600 1704]] , [[ 600 1711]]
[[ 702 1556]] , [[ 702 1569]]
[[ 702 1556]] , [[ 702 1557]]
[[ 460 1484]] , [[ 460 1489]]
[[ 702 1556]] , [[ 702 1569]]
[[ 702 1556]] , [[ 702 1567]]
[[ 846 1560]] , [[ 846 1561]]
[[ 550 1562]] , [[ 550 1567]]
[[ 594 1560]] , [[ 594 1567]]
[[ 560 1568]] , [[ 560 1577]]
[[ 730 1570]] , [[ 730 1574]]
[[ 408 1578]] , [[ 408 1582]]
[[ 312 1579]] , [[ 312 1583]]
[[ 552 1816]] , [[ 552 1817]]
[[ 772 1808]] , [[ 772 1821]]
[[ 564 1808]] , [[ 564 1817]]
[[ 528 1728]] , [[ 528 1735]]
[[ 312 1579]] , [[ 312 1583]]
[[ 464 1577]] , [[ 464 1581]]
[[ 467 1577]] , [[ 467 1581]]
[[ 656 1484]] , [[ 656 1489]]
[[ 754 1570]] , [[ 754 1575]]
[[ 446 1484]] , [[ 446 1488]]
[[ 543 1720]] , [[ 543 1724]]
[[ 146 1582]] , [[ 146 1586]]
[[ 774 1568]] , [[ 774 1573]]
[[ 782 1634]] , [[ 782 1639]]
[[ 546 1736]] , [[ 546 1742]]
[[ 594 1778]] , [[ 594 1790]]
[[ 752 1768]] , [[ 752 1775]]
[[ 748 1568]] , [[ 748 1569]]
[[ 745 1570]] , [[ 745 1574]]
[[ 596 1780]] , [[ 596 1789]]
[[ 744 1570]] , [[ 744 1574]]
[[ 672 1817]] , [[ 672 1823]]
[[ 560 1816]] , [[ 560 1821]]
[[   6 1814]] , [[   6 1819]]
[[ 500 1748]] , [[ 500 1753]]
[[ 510 1794]] , [[ 510 1799]]
[[ 705 1797]] , [[ 705 1801]]
[[ 496 1748]] , [[ 496 1753]]
[[ 616 1810]] , [[ 616 1815]]
[[ 614 1566]] , [[ 614 1567]]
[[ 620 1564]] , [[ 620 1565]]
[[ 620 1564]] , [[ 620 1565]]
[[ 616 1566]] , [[ 616 1569]]
[[ 622 1782]] , [[ 622 1791]]
[[ 752 1816]] , [[ 752 1822]]
[[ 616 1808]] , [[ 616 1809]]
[[ 860 1808]] , [[ 860 1809]]
[[  25 1815]] , [[  24 1816]]
[[ 861 1808]] , [[ 861 1809]]
[[ 746 1786]] , [[ 746 1793]]
[[ 513 1754]] , [[ 513 1760]]
[[ 920 1594]] , [[ 920 1598]]
[[ 512 1754]] , [[ 512 1759]]
[[ 400 1578]] , [[ 400 1582]]
[[ 741 1798]] , [[ 741 1804]]
[[ 586 1748]] , [[ 586 1755]]
[[ 732 1772]] , [[ 732 1777]]
[[ 586 1748]] , [[ 586 1755]]
[[ 488 1810]] , [[ 488 1817]]
[[ 890 1568]] , [[ 890 1575]]
[[ 491 1822]] , [[ 490 1823]]
[[ 742 1817]] , [[ 742 1821]]
[[  54 1818]] , [[  54 1819]]
[[ 824 1816]] , [[ 824 1820]]
[[  44 1818]] , [[  44 1819]]
[[ 678 1813]] , [[ 678 1817]]
[[ 884 1816]] , [[ 884 1821]]
[[ 874 1808]] , [[ 874 1821]]
[[ 874 1808]] , [[ 874 1821]]
[[ 568 1784]] , [[ 568 1785]]
[[ 532 1816]] , [[ 532 1821]]
[[ 776 1806]] , [[ 776 1809]]
[[ 744 1794]] , [[ 744 1806]]
[[ 782 1634]] , [[ 782 1635]]
[[ 608 1786]] , [[ 608 1791]]
[[ 746 1792]] , [[ 746 1795]]
[[ 582 1748]] , [[ 582 1753]]
[[ 523 1574]] , [[ 522 1575]]
[[ 562 1572]] , [[ 562 1576]]
[[ 482 1776]] , [[ 482 1783]]
[[ 746 1782]] , [[ 746 1789]]
[[  12 1812]] , [[  12 1815]]
[[ 554 1784]] , [[ 554 1789]]
[[  12 1822]] , [[  12 1826]]
[[ 747 1782]] , [[ 747 1789]]
[[ 808 1794]] , [[ 808 1799]]
[[ 760 1802]] , [[ 760 1805]]
[[ 594 1782]] , [[ 594 1789]]
[[ 808 1794]] , [[ 808 1799]]
[[ 752 1806]] , [[ 752 1809]]
[[  48 1811]] , [[  48 1817]]
[[  32 1812]] , [[  32 1825]]
[[ 524 1570]] , [[ 524 1575]]
[[ 524 1570]] , [[ 524 1575]]
[[ 570 1554]] , [[ 570 1559]]
[[ 776 1564]] , [[ 776 1569]]
[[ 776 1564]] , [[ 776 1569]]
[[ 506 1734]] , [[ 506 1738]]
[[ 776 1784]] , [[ 776 1789]]
[[ 448 1762]] , [[ 448 1769]]
[[ 792 1790]] , [[ 792 1793]]
[[ 654 1776]] , [[ 654 1779]]
[[ 448 1762]] , [[ 448 1769]]
[[ 626 1744]] , [[ 626 1753]]
[[ 652 1776]] , [[ 652 1777]]
[[ 528 1728]] , [[ 528 1733]]
[[ 554 1728]] , [[ 554 1733]]
[[ 519 1573]] , [[ 518 1574]]
[[ 650 1776]] , [[ 650 1783]]
[[ 741 1570]] , [[ 741 1574]]
[[ 586 1570]] , [[ 586 1571]]
[[ 748 1468]] , [[ 748 1473]]
[[ 702 1550]] , [[ 702 1555]]
[[ 728 1484]] , [[ 728 1489]]
[[ 508 1576]] , [[ 508 1581]]
[[ 581 1572]] , [[ 581 1576]]
[[ 581 1572]] , [[ 581 1576]]
[[ 732 1806]] , [[ 732 1811]]
[[ 508 1576]] , [[ 508 1581]]
[[ 508 1576]] , [[ 508 1581]]
[[ 578 1564]] , [[ 578 1565]]
[[ 704 1568]] , [[ 704 1574]]
[[ 580 1572]] , [[ 580 1576]]
[[ 564 1570]] , [[ 564 1571]]
[[ 604 1558]] , [[ 604 1565]]
[[ 545 1548]] , [[ 545 1553]]
[[ 564 1572]] , [[ 564 1577]]
[[ 710 1564]] , [[ 710 1569]]
[[ 508 1576]] , [[ 508 1580]]
[[ 776 1568]] , [[ 776 1573]]
[[ 508 1576]] , [[ 508 1580]]
[[ 508 1576]] , [[ 508 1580]]
[[ 564 1572]] , [[ 564 1577]]
[[ 730 1810]] , [[ 730 1815]]
[[ 508 1576]] , [[ 508 1581]]
[[ 754 1808]] , [[ 754 1809]]
[[ 760 1468]] , [[ 760 1472]]
[[ 720 1476]] , [[ 720 1481]]
[[ 704 1568]] , [[ 704 1573]]
[[ 814 1558]] , [[ 814 1567]]
[[ 768 1568]] , [[ 768 1573]]
[[  14 1582]] , [[  14 1586]]
[[  12 1581]] , [[  12 1585]]
[[ 782 1568]] , [[ 782 1572]]
[[ 508 1576]] , [[ 508 1580]]
[[ 564 1570]] , [[ 564 1571]]
[[ 704 1568]] , [[ 704 1574]]
[[ 624 1474]] , [[ 624 1480]]
[[ 622 1474]] , [[ 622 1480]]
[[ 554 1782]] , [[ 554 1787]]
[[ 152 1581]] , [[ 152 1585]]
[[ 508 1577]] , [[ 508 1581]]
[[ 150 1581]] , [[ 150 1585]]
[[ 760 1468]] , [[ 760 1472]]
[[ 534 1344]] , [[ 534 1345]]
[[ 494 1350]] , [[ 494 1351]]
[[ 370 1348]] , [[ 370 1349]]
[[ 316 1352]] , [[ 316 1357]]
[[ 326 1350]] , [[ 326 1351]]
[[ 316 1350]] , [[ 316 1355]]
[[ 288 1348]] , [[ 288 1351]]
[[ 326 1348]] , [[ 326 1349]]
[[ 326 1348]] , [[ 326 1349]]
[[ 352 1344]] , [[ 352 1345]]
[[ 626 1340]] , [[ 626 1341]]
[[ 408 1328]] , [[ 408 1341]]
[[ 523 1342]] , [[ 524 1341]]
[[ 202 1262]] , [[ 202 1277]]
[[ 231 1185]] , [[ 232 1184]]
[[ 621 1075]] , [[ 620 1076]]
[[ 232 1185]] , [[ 233 1184]]
[[ 621 1074]] , [[ 621 1075]]
[[ 621 1074]] , [[ 619 1076]]
[[ 621 1074]] , [[ 619 1076]]
[[ 621 1074]] , [[ 621 1075]]
[[ 621 1074]] , [[ 621 1075]]
[[ 411 1071]] , [[ 410 1072]]
[[ 411 1071]] , [[ 410 1072]]
[[ 412 1074]] , [[ 412 1075]]
[[ 412 1074]] , [[ 412 1075]]
[[ 412 1074]] , [[ 412 1075]]
[[ 188 1012]] , [[ 188 1013]]
[[ 188 1012]] , [[ 188 1013]]
[[ 410 1074]] , [[ 410 1078]]
[[ 621 1074]] , [[ 620 1075]]
[[ 621 1074]] , [[ 620 1075]]
[[ 211 1340]] , [[ 212 1339]]
[[ 410 1072]] , [[ 410 1078]]
[[ 412 1074]] , [[ 412 1075]]
[[ 621 1076]] , [[ 620 1077]]
[[ 619 1076]] , [[ 618 1077]]
[[ 614 1076]] , [[ 614 1077]]
[[ 412 1072]] , [[ 412 1073]]
[[ 614 1074]] , [[ 614 1077]]
[[ 412 1072]] , [[ 412 1073]]
[[ 412 1072]] , [[ 412 1073]]
[[ 414 1074]] , [[ 414 1075]]
[[ 614 1078]] , [[ 614 1079]]
[[ 412 1073]] , [[ 412 1075]]
[[ 415 1072]] , [[ 414 1073]]
[[ 614 1078]] , [[ 614 1079]]
[[ 412 1072]] , [[ 412 1075]]
[[ 412 1072]] , [[ 412 1079]]
[[ 412 1074]] , [[ 412 1077]]
[[ 614 1078]] , [[ 614 1079]]
[[ 621 1076]] , [[ 621 1077]]
[[ 621 1076]] , [[ 621 1077]]
[[ 345 1167]] , [[ 344 1168]]
[[ 411 1076]] , [[ 411 1081]]
[[ 614 1076]] , [[ 614 1077]]
[[ 614 1076]] , [[ 614 1077]]
[[ 410 1072]] , [[ 409 1073]]
[[ 409 1072]] , [[ 409 1082]]
[[ 619 1075]] , [[ 618 1076]]
[[ 409 1073]] , [[ 409 1083]]
[[ 615 1076]] , [[ 614 1077]]
[[ 610 1076]] , [[ 610 1077]]
[[ 615 1075]] , [[ 614 1076]]
[[ 615 1075]] , [[ 614 1076]]
[[ 338 1166]] , [[ 337 1167]]
[[ 407 1076]] , [[ 407 1115]]
[[ 407 1084]] , [[ 407 1114]]
[[ 407 1082]] , [[ 407 1084]]
[[ 336 1166]] , [[ 335 1167]]
[[ 408 1096]] , [[ 408 1101]]
[[ 333 1167]] , [[ 332 1168]]
[[ 588 1298]] , [[ 588 1299]]
[[ 586 1298]] , [[ 586 1303]]
[[ 586 1298]] , [[ 586 1299]]
[[ 521 1336]] , [[ 519 1338]]
[[ 330 1336]] , [[ 329 1337]]
[[ 399 1306]] , [[ 399 1307]]
[[ 326 1336]] , [[ 325 1337]]
[[ 399 1306]] , [[ 398 1307]]
[[ 398 1306]] , [[ 398 1314]]
[[ 312 1336]] , [[ 311 1337]]
[[ 589 1299]] , [[ 588 1300]]
[[ 401 1124]] , [[ 401 1125]]
[[ 400 1130]] , [[ 400 1137]]
[[ 597 1076]] , [[ 595 1078]]
[[ 595 1077]] , [[ 594 1078]]
[[ 588 1078]] , [[ 588 1079]]
[[ 582 1300]] , [[ 582 1301]]
[[ 572 1300]] , [[ 572 1301]]
[[ 572 1300]] , [[ 572 1301]]
[[ 570 1300]] , [[ 570 1301]]
[[ 570 1300]] , [[ 570 1301]]
[[ 756 1326]] , [[ 756 1327]]
[[ 566 1300]] , [[ 566 1303]]
[[ 754 1244]] , [[ 754 1249]]
[[ 753 1248]] , [[ 753 1252]]
[[ 748 1252]] , [[ 748 1258]]
[[ 396 1182]] , [[ 396 1183]]
[[ 567 1348]] , [[ 568 1347]]
[[ 400 1179]] , [[ 399 1180]]
[[ 747 1256]] , [[ 747 1261]]
[[ 747 1254]] , [[ 747 1259]]
[[ 743 1262]] , [[ 743 1263]]
[[ 739 1264]] , [[ 738 1265]]
[[ 343 1342]] , [[ 344 1341]]
[[ 556 1304]] , [[ 556 1305]]
[[ 329 1348]] , [[ 330 1347]]
[[ 338 1310]] , [[ 338 1311]]
[[ 552 1078]] , [[ 552 1081]]
[[ 731 1232]] , [[ 730 1233]]
[[ 738 1182]] , [[ 738 1191]]
[[ 437 1179]] , [[ 436 1180]]
[[ 737 1174]] , [[ 737 1175]]
[[ 736 1174]] , [[ 736 1183]]
[[ 719 1324]] , [[ 720 1323]]
[[ 396 1180]] , [[ 395 1181]]
[[ 398 1180]] , [[ 397 1181]]
[[ 187 1174]] , [[ 186 1175]]
[[ 734 1079]] , [[ 734 1085]]
[[ 396 1180]] , [[ 395 1181]]
[[ 396 1180]] , [[ 395 1181]]
[[ 542 1152]] , [[ 542 1159]]
[[ 541 1081]] , [[ 541 1089]]
[[ 541 1081]] , [[ 541 1089]]
[[ 541 1081]] , [[ 541 1101]]
[[ 728 1078]] , [[ 728 1085]]
[[ 400 1180]] , [[ 399 1181]]
[[ 398 1180]] , [[ 397 1181]]
[[ 398 1180]] , [[ 397 1181]]
[[ 541 1082]] , [[ 541 1089]]
[[ 541 1082]] , [[ 541 1089]]
[[ 541 1082]] , [[ 541 1089]]
[[ 541 1082]] , [[ 541 1088]]
[[ 542 1083]] , [[ 542 1092]]
[[ 542 1083]] , [[ 542 1091]]
[[ 542 1082]] , [[ 542 1091]]
[[ 542 1082]] , [[ 542 1091]]
[[ 542 1082]] , [[ 542 1092]]
[[ 543 1080]] , [[ 543 1082]]
[[ 545 1080]] , [[ 545 1081]]
[[ 150 1174]] , [[ 149 1175]]
[[460 996]] , [[459 997]]
[[ 336 1076]] , [[ 336 1077]]
[[ 548 1078]] , [[ 547 1079]]
[[464 998]] , [[ 462 1000]]
[[ 546 1078]] , [[ 546 1083]]
[[ 742 1084]] , [[ 742 1089]]
[[ 746 1082]] , [[ 746 1084]]
[[ 748 1100]] , [[ 748 1101]]
[[ 750 1116]] , [[ 750 1119]]
[[ 752 1116]] , [[ 752 1117]]
[[ 752 1101]] , [[ 752 1111]]
[[ 752 1116]] , [[ 752 1119]]
[[ 408 1180]] , [[ 407 1181]]
[[ 752 1136]] , [[ 752 1144]]
[[ 754 1148]] , [[ 754 1153]]
[[ 741 1246]] , [[ 741 1253]]
[[ 406 1180]] , [[ 406 1181]]
[[ 748 1264]] , [[ 748 1267]]
[[ 746 1258]] , [[ 746 1263]]
[[ 358 1308]] , [[ 358 1311]]
[[ 748 1268]] , [[ 748 1271]]
[[ 404 1178]] , [[ 404 1179]]
[[ 404 1178]] , [[ 404 1179]]
[[ 751 1263]] , [[ 750 1264]]
[[ 355 1336]] , [[ 356 1335]]
[[ 355 1336]] , [[ 356 1335]]
[[ 355 1336]] , [[ 356 1335]]
[[ 402 1176]] , [[ 402 1199]]
[[ 355 1336]] , [[ 356 1335]]
[[ 355 1336]] , [[ 356 1335]]
[[ 566 1302]] , [[ 566 1303]]
[[ 366 1267]] , [[ 366 1273]]
[[ 750 1268]] , [[ 750 1269]]
[[ 371 1101]] , [[ 371 1107]]
[[ 402 1176]] , [[ 402 1199]]
[[ 760 1248]] , [[ 760 1252]]
[[ 766 1260]] , [[ 766 1262]]
[[ 584 1300]] , [[ 583 1301]]
[[ 599 1078]] , [[ 599 1079]]
[[ 601 1078]] , [[ 601 1079]]
[[ 596 1078]] , [[ 596 1081]]
[[ 304 1168]] , [[ 303 1169]]
[[ 406 1104]] , [[ 406 1107]]
[[ 178 1022]] , [[ 178 1037]]
[[ 181 1026]] , [[ 181 1033]]
[[ 615 1078]] , [[ 614 1079]]
[[ 617 1078]] , [[ 616 1079]]
[[ 330 1166]] , [[ 329 1167]]
[[ 332 1166]] , [[ 331 1167]]
[[ 332 1167]] , [[ 331 1168]]
[[ 194 1086]] , [[ 194 1095]]
[[ 286 1168]] , [[ 285 1169]]
[[ 330 1167]] , [[ 329 1168]]
[[ 200 1088]] , [[ 200 1089]]
[[ 336 1167]] , [[ 335 1168]]
[[ 288 1168]] , [[ 287 1169]]
[[ 200 1092]] , [[ 200 1099]]
[[ 200 1092]] , [[ 200 1103]]
[[ 203 1090]] , [[ 203 1091]]
[[ 203 1092]] , [[ 203 1095]]
[[ 203 1094]] , [[ 203 1099]]
[[ 294 1168]] , [[ 293 1169]]
[[ 294 1168]] , [[ 293 1169]]
[[ 294 1168]] , [[ 294 1169]]
[[ 623 1300]] , [[ 622 1301]]
[[ 623 1301]] , [[ 622 1302]]
[[ 298 1168]] , [[ 298 1169]]
[[ 215 1277]] , [[ 214 1278]]
[[ 618 1302]] , [[ 618 1303]]
[[ 629 1301]] , [[ 628 1302]]
[[ 629 1301]] , [[ 628 1302]]
[[ 220 1276]] , [[ 220 1311]]
[[ 217 1234]] , [[ 217 1245]]
[[ 217 1234]] , [[ 217 1245]]
[[ 220 1276]] , [[ 220 1297]]
[[ 222 1297]] , [[ 222 1305]]
[[ 296 1168]] , [[ 295 1169]]
[[ 216 1124]] , [[ 216 1155]]
[[ 221 1204]] , [[ 222 1203]]
[[ 221 1204]] , [[ 222 1203]]
[[ 222 1123]] , [[ 221 1124]]
[[ 640 1078]] , [[ 640 1083]]
[[ 226 1088]] , [[ 226 1102]]
[[ 651 1078]] , [[ 651 1079]]
[[ 226 1120]] , [[ 226 1125]]
[[ 646 1080]] , [[ 646 1083]]
[[ 648 1079]] , [[ 648 1081]]
[[ 648 1080]] , [[ 648 1083]]
[[ 234 1086]] , [[ 234 1103]]
[[ 232 1126]] , [[ 232 1133]]
[[ 652 1080]] , [[ 652 1081]]
[[ 652 1080]] , [[ 652 1083]]
[[ 238 1094]] , [[ 238 1103]]
[[ 654 1080]] , [[ 654 1083]]
[[ 656 1081]] , [[ 655 1082]]
[[ 240 1104]] , [[ 240 1115]]
[[ 242 1239]] , [[ 242 1243]]
[[ 240 1092]] , [[ 240 1116]]
[[ 240 1092]] , [[ 240 1119]]
[[ 240 1090]] , [[ 240 1123]]
[[ 306 1168]] , [[ 304 1170]]
[[ 306 1168]] , [[ 305 1169]]
[[ 242 1092]] , [[ 242 1111]]
[[ 244 1094]] , [[ 244 1095]]
[[ 662 1080]] , [[ 662 1081]]
[[ 246 1092]] , [[ 246 1093]]
[[ 662 1080]] , [[ 662 1083]]
[[ 662 1080]] , [[ 662 1083]]
[[ 669 1081]] , [[ 668 1082]]
[[ 669 1081]] , [[ 668 1082]]
[[ 669 1081]] , [[ 668 1082]]
[[ 669 1081]] , [[ 668 1082]]
[[ 661 1082]] , [[ 661 1083]]
[[ 661 1082]] , [[ 661 1083]]
[[ 662 1081]] , [[ 661 1082]]
[[ 669 1080]] , [[ 669 1081]]
[[ 669 1080]] , [[ 669 1081]]
[[ 662 1082]] , [[ 662 1083]]
[[ 662 1082]] , [[ 662 1083]]
[[ 662 1082]] , [[ 662 1083]]
[[ 662 1082]] , [[ 662 1083]]
[[ 662 1080]] , [[ 662 1081]]
[[ 662 1080]] , [[ 662 1081]]
[[ 662 1080]] , [[ 662 1081]]
[[ 662 1080]] , [[ 662 1081]]
[[ 669 1080]] , [[ 669 1081]]
[[ 662 1082]] , [[ 662 1083]]
[[ 662 1082]] , [[ 662 1083]]
[[ 662 1082]] , [[ 662 1083]]
[[ 668 1082]] , [[ 668 1083]]
[[ 667 1083]] , [[ 666 1084]]
[[ 660 1084]] , [[ 660 1085]]
[[ 242 1096]] , [[ 242 1101]]
[[ 242 1098]] , [[ 242 1101]]
[[ 240 1098]] , [[ 240 1105]]
[[ 244 1248]] , [[ 244 1249]]
[[ 244 1248]] , [[ 244 1249]]
[[ 312 1173]] , [[ 311 1174]]
[[ 311 1173]] , [[ 310 1174]]
[[ 310 1173]] , [[ 309 1174]]
[[ 308 1173]] , [[ 307 1174]]
[[ 654 1084]] , [[ 654 1085]]
[[ 650 1084]] , [[ 650 1085]]
[[ 224 1098]] , [[ 224 1099]]
[[ 636 1084]] , [[ 636 1087]]
[[ 638 1080]] , [[ 638 1081]]
[[ 216 1083]] , [[ 216 1087]]
[[ 214 1100]] , [[ 214 1104]]
[[ 632 1070]] , [[ 632 1071]]
[[ 213 1104]] , [[ 213 1111]]
[[ 213 1104]] , [[ 213 1110]]
[[ 212 1104]] , [[ 212 1110]]
[[ 212 1094]] , [[ 212 1098]]
[[ 210 1120]] , [[ 210 1125]]
[[ 208 1092]] , [[ 208 1103]]
[[ 410 1292]] , [[ 410 1295]]
[[ 314 1162]] , [[ 313 1163]]
[[ 195 1110]] , [[ 195 1111]]
[[ 193 1096]] , [[ 193 1101]]
[[ 608 1070]] , [[ 608 1071]]
[[ 604 1070]] , [[ 604 1071]]
[[ 398 1065]] , [[ 397 1066]]
[[ 594 1070]] , [[ 594 1071]]
[[ 393 1124]] , [[ 393 1131]]
[[ 392 1146]] , [[ 392 1155]]
[[ 756 1232]] , [[ 756 1243]]
[[ 390 1164]] , [[ 390 1165]]
[[ 390 1166]] , [[ 390 1182]]
[[ 362 1172]] , [[ 362 1177]]
[[ 560 1070]] , [[ 560 1071]]
[[ 556 1070]] , [[ 556 1071]]
[[ 756 1018]] , [[ 756 1023]]
[[ 740 1118]] , [[ 740 1119]]
[[ 738 1088]] , [[ 738 1112]]
[[416 991]] , [[415 992]]
[[420 990]] , [[419 991]]
[[ 731 1070]] , [[ 731 1071]]
[[ 728 1068]] , [[ 728 1077]]
[[ 724 1070]] , [[ 724 1075]]
[[ 722 1070]] , [[ 722 1073]]
[[ 720 1070]] , [[ 720 1073]]
[[ 718 1068]] , [[ 718 1069]]
[[ 714 1068]] , [[ 714 1073]]
[[ 712 1068]] , [[ 712 1071]]
[[ 710 1069]] , [[ 710 1071]]
[[ 711 1069]] , [[ 710 1070]]
[[ 309 1070]] , [[ 308 1071]]
[[ 306 1071]] , [[ 305 1072]]
[[ 506 1106]] , [[ 506 1115]]
[[ 705 1068]] , [[ 704 1069]]
[[ 698 1068]] , [[ 698 1071]]
[[ 500 1074]] , [[ 500 1087]]
[[ 699 1064]] , [[ 699 1067]]
[[ 498 1070]] , [[ 498 1071]]
[[ 693 1065]] , [[ 693 1068]]
[[ 492 1069]] , [[ 491 1070]]
[[ 488 1068]] , [[ 488 1069]]
[[ 484 1068]] , [[ 484 1071]]
[[ 482 1069]] , [[ 482 1071]]
[[ 476 1070]] , [[ 476 1072]]
[[ 474 1070]] , [[ 474 1073]]
[[ 468 1070]] , [[ 468 1074]]
[[ 466 1070]] , [[ 466 1071]]
[[ 462 1070]] , [[ 462 1073]]
[[ 460 1070]] , [[ 460 1073]]
[[ 458 1072]] , [[ 458 1073]]
[[ 458 1071]] , [[ 458 1073]]
[[ 458 1071]] , [[ 457 1072]]
[[ 456 1072]] , [[ 456 1073]]
[[ 454 1072]] , [[ 454 1073]]
[[ 452 1072]] , [[ 452 1079]]
[[ 646 1074]] , [[ 646 1075]]
[[ 646 1074]] , [[ 646 1075]]
[[ 646 1074]] , [[ 646 1077]]
[[ 651 1074]] , [[ 651 1075]]
[[ 651 1074]] , [[ 651 1075]]
[[ 651 1074]] , [[ 651 1075]]
[[ 651 1074]] , [[ 651 1075]]
[[ 653 1074]] , [[ 652 1075]]
[[ 651 1074]] , [[ 650 1075]]
[[ 653 1075]] , [[ 652 1076]]
[[ 455 1072]] , [[ 455 1073]]
[[ 452 1070]] , [[ 452 1071]]
[[ 653 1074]] , [[ 652 1075]]
[[ 649 1074]] , [[ 648 1075]]
[[ 651 1075]] , [[ 650 1076]]
[[ 649 1075]] , [[ 648 1076]]
[[ 649 1075]] , [[ 648 1076]]
[[ 649 1075]] , [[ 648 1076]]
[[ 649 1074]] , [[ 648 1075]]
[[ 240 1084]] , [[ 240 1090]]
[[ 452 1071]] , [[ 451 1072]]
[[ 450 1072]] , [[ 450 1073]]
[[ 452 1072]] , [[ 452 1073]]
[[ 452 1072]] , [[ 452 1073]]
[[ 653 1074]] , [[ 652 1075]]
[[ 460 1073]] , [[ 459 1074]]
[[ 655 1074]] , [[ 654 1075]]
[[ 657 1074]] , [[ 655 1076]]
[[ 659 1076]] , [[ 658 1077]]
[[ 656 1080]] , [[ 656 1081]]
[[ 464 1082]] , [[ 464 1083]]
[[ 464 1086]] , [[ 464 1091]]
[[ 660 1094]] , [[ 660 1095]]
[[ 662 1096]] , [[ 662 1099]]
[[ 670 1096]] , [[ 669 1097]]
[[ 269 1096]] , [[ 269 1097]]
[[ 674 1090]] , [[ 673 1091]]
[[ 676 1088]] , [[ 675 1089]]
[[ 676 1086]] , [[ 676 1087]]
[[ 482 1082]] , [[ 482 1089]]
[[ 484 1080]] , [[ 484 1087]]
[[ 486 1078]] , [[ 486 1085]]
[[ 495 1076]] , [[ 495 1077]]
[[ 490 1078]] , [[ 490 1081]]
[[ 492 1078]] , [[ 492 1125]]
[[ 496 1078]] , [[ 496 1093]]
[[ 701 1077]] , [[ 700 1078]]
[[ 703 1076]] , [[ 703 1077]]
[[ 700 1076]] , [[ 700 1079]]
[[ 702 1070]] , [[ 702 1081]]
[[ 711 1076]] , [[ 710 1077]]
[[ 708 1076]] , [[ 708 1081]]
[[ 719 1076]] , [[ 718 1077]]
[[ 721 1076]] , [[ 721 1077]]
[[ 718 1076]] , [[ 718 1081]]
[[ 720 1076]] , [[ 720 1083]]
[[ 724 1077]] , [[ 724 1079]]
[[ 726 1077]] , [[ 726 1083]]
[[ 730 1078]] , [[ 730 1079]]
[[ 734 1078]] , [[ 734 1081]]
[[ 740 1080]] , [[ 740 1083]]
[[466 998]] , [[465 999]]
[[ 561 1082]] , [[ 561 1083]]
[[ 408 1180]] , [[ 408 1183]]
[[ 408 1180]] , [[ 408 1181]]
[[ 408 1180]] , [[ 408 1181]]
[[ 748 1264]] , [[ 748 1268]]
[[ 406 1180]] , [[ 406 1185]]
[[ 370 1259]] , [[ 370 1269]]
[[ 410 1179]] , [[ 409 1180]]
[[ 773 1167]] , [[ 773 1171]]
[[ 775 1148]] , [[ 775 1165]]
[[ 578 1080]] , [[ 578 1133]]
[[ 580 1080]] , [[ 580 1119]]
[[ 405 1176]] , [[ 405 1179]]
[[ 769 1270]] , [[ 769 1273]]
[[ 588 1080]] , [[ 588 1107]]
[[ 584 1302]] , [[ 584 1303]]
[[ 179 1026]] , [[ 180 1025]]
[[ 236 1002]] , [[ 236 1007]]
[[ 233 1186]] , [[ 234 1185]]
[[ 230 1002]] , [[ 230 1003]]
[[ 322 1000]] , [[ 321 1001]]
[[394 926]] , [[394 927]]
[[ 243 1186]] , [[ 244 1185]]
[[ 190 1013]] , [[ 189 1014]]
[[ 412 1080]] , [[ 412 1081]]
[[ 192 1054]] , [[ 192 1071]]
[[ 412 1080]] , [[ 412 1087]]
[[ 417 1076]] , [[ 415 1078]]
[[ 618 1080]] , [[ 618 1081]]
[[ 618 1080]] , [[ 618 1081]]
[[ 201 1106]] , [[ 202 1105]]
[[ 202 1096]] , [[ 202 1097]]
[[ 201 1090]] , [[ 201 1095]]
[[ 202 1098]] , [[ 202 1099]]
[[ 294 1168]] , [[ 293 1169]]
[[ 200 1100]] , [[ 200 1105]]
[[ 202 1100]] , [[ 202 1101]]
[[ 202 1100]] , [[ 202 1103]]
[[ 202 1106]] , [[ 202 1109]]
[[ 202 1106]] , [[ 202 1109]]
[[ 202 1106]] , [[ 202 1109]]
[[ 202 1106]] , [[ 202 1109]]
[[ 202 1102]] , [[ 202 1107]]
[[ 202 1102]] , [[ 202 1105]]
[[ 202 1102]] , [[ 202 1103]]
[[ 232 1186]] , [[ 233 1185]]
[[ 201 1102]] , [[ 201 1103]]
[[ 201 1100]] , [[ 201 1102]]
[[ 201 1100]] , [[ 201 1102]]
[[ 201 1100]] , [[ 201 1102]]
[[ 201 1100]] , [[ 201 1102]]
[[ 201 1100]] , [[ 201 1102]]
[[ 201 1102]] , [[ 201 1103]]
[[ 201 1102]] , [[ 201 1103]]
[[ 202 1102]] , [[ 202 1103]]
[[ 202 1102]] , [[ 202 1103]]
[[ 202 1100]] , [[ 202 1103]]
[[ 203 1098]] , [[ 203 1099]]
[[ 202 1100]] , [[ 202 1105]]
[[ 201 1107]] , [[ 201 1109]]
[[ 326 1166]] , [[ 325 1167]]
[[ 330 1166]] , [[ 329 1167]]
[[ 330 1166]] , [[ 329 1167]]
[[ 330 1166]] , [[ 329 1167]]
[[ 303 1168]] , [[ 301 1170]]
[[ 612 1304]] , [[ 612 1305]]
[[ 347 1171]] , [[ 346 1172]]
[[ 620 1306]] , [[ 620 1307]]
[[ 443 1350]] , [[ 444 1349]]
[[ 345 1173]] , [[ 344 1174]]
[[ 612 1306]] , [[ 612 1307]]
[[ 200 1108]] , [[ 200 1115]]
[[ 337 1164]] , [[ 336 1165]]
[[ 345 1162]] , [[ 344 1163]]
[[ 331 1162]] , [[ 330 1163]]
[[ 347 1163]] , [[ 346 1164]]
[[ 332 1167]] , [[ 331 1168]]
[[ 610 1082]] , [[ 610 1083]]
[[ 407 1086]] , [[ 407 1093]]
[[ 405 1088]] , [[ 405 1095]]
[[ 288 1174]] , [[ 288 1175]]
[[ 400 1094]] , [[ 400 1095]]
[[ 322 1170]] , [[ 321 1171]]
[[ 393 1310]] , [[ 393 1311]]
[[ 754 1326]] , [[ 754 1351]]
[[ 746 1326]] , [[ 746 1351]]
[[ 158 1316]] , [[ 158 1319]]
[[ 732 1324]] , [[ 732 1334]]
[[ 727 1298]] , [[ 726 1299]]
[[ 728 1262]] , [[ 726 1264]]
[[ 332 1312]] , [[ 331 1313]]
[[ 322 1314]] , [[ 322 1315]]
[[ 323 1314]] , [[ 322 1315]]
[[ 514 1232]] , [[ 514 1241]]
[[ 313 1315]] , [[ 312 1316]]
[[ 317 1350]] , [[ 318 1349]]
[[ 495 1300]] , [[ 495 1301]]
[[ 498 1078]] , [[ 498 1087]]
[[ 666 1290]] , [[ 666 1291]]
[[ 172 1165]] , [[ 171 1166]]
[[ 278 1074]] , [[ 278 1079]]
[[ 656 1288]] , [[ 656 1289]]
[[ 279 1076]] , [[ 278 1077]]
[[ 139 1168]] , [[ 138 1169]]
[[ 654 1290]] , [[ 654 1291]]
[[ 281 1322]] , [[ 282 1321]]
[[ 142 1166]] , [[ 141 1167]]
[[ 138 1166]] , [[ 137 1167]]
[[ 650 1288]] , [[ 650 1289]]
[[ 467 1294]] , [[ 467 1295]]
[[ 184 1166]] , [[ 184 1167]]
[[ 184 1166]] , [[ 184 1167]]
[[ 184 1166]] , [[ 184 1167]]
[[ 268 1078]] , [[ 268 1081]]
[[ 648 1291]] , [[ 647 1292]]
[[ 149 1168]] , [[ 148 1169]]
[[ 267 1080]] , [[ 267 1081]]
[[ 268 1080]] , [[ 268 1081]]
[[ 269 1080]] , [[ 269 1081]]
[[ 270 1080]] , [[ 270 1081]]
[[ 188 1167]] , [[ 187 1168]]
[[ 138 1166]] , [[ 138 1167]]
[[ 286 1084]] , [[ 286 1085]]
[[ 278 1076]] , [[ 278 1081]]
[[  69 1186]] , [[  70 1185]]
[[ 294 1080]] , [[ 294 1083]]
[[ 668 1288]] , [[ 668 1289]]
[[ 153 1166]] , [[ 151 1168]]
[[ 307 1076]] , [[ 306 1077]]
[[ 694 1288]] , [[ 694 1289]]
[[ 166 1168]] , [[ 166 1169]]
[[ 323 1073]] , [[ 322 1074]]
[[ 704 1286]] , [[ 704 1289]]
[[ 449 1170]] , [[ 448 1171]]
[[ 486 1170]] , [[ 485 1171]]
[[ 208 1166]] , [[ 207 1167]]
[[ 351 1322]] , [[ 352 1321]]
[[ 307 1338]] , [[ 308 1337]]
[[ 740 1288]] , [[ 740 1289]]
[[ 309 1338]] , [[ 310 1337]]
[[ 754 1286]] , [[ 754 1297]]
[[ 578 1294]] , [[ 578 1295]]
[[ 593 1295]] , [[ 592 1296]]
[[ 408 1134]] , [[ 408 1140]]
[[ 600 1077]] , [[ 600 1081]]
[[ 613 1078]] , [[ 612 1079]]
[[ 411 1088]] , [[ 410 1089]]
[[ 604 1302]] , [[ 604 1303]]
[[ 196 1104]] , [[ 196 1109]]
[[ 350 1168]] , [[ 350 1169]]
[[ 216 1296]] , [[ 216 1309]]
[[ 203 1132]] , [[ 203 1140]]
[[ 206 1136]] , [[ 206 1149]]
[[ 630 1070]] , [[ 630 1071]]
[[ 431 1067]] , [[ 430 1068]]
[[ 426 1069]] , [[ 426 1105]]
[[ 430 1069]] , [[ 430 1071]]
[[ 432 1072]] , [[ 432 1109]]
[[ 642 1078]] , [[ 642 1081]]
[[ 432 1075]] , [[ 431 1076]]
[[ 433 1075]] , [[ 432 1076]]
[[ 433 1075]] , [[ 432 1076]]
[[ 430 1074]] , [[ 429 1075]]
[[ 432 1310]] , [[ 432 1311]]
[[ 584 1335]] , [[ 584 1339]]
[[ 372 1339]] , [[ 372 1343]]
[[ 258 1346]] , [[ 258 1359]]
[[ 248 1346]] , [[ 248 1347]]
[[ 402 1342]] , [[ 402 1355]]
[[ 302 1346]] , [[ 302 1351]]
[[ 258 1348]] , [[ 258 1359]]
[[ 318 1346]] , [[ 318 1357]]
[[ 258 1348]] , [[ 258 1359]]
[[ 701 1358]] , [[ 702 1357]]
[[ 464 1346]] , [[ 464 1347]]
[[ 480 1346]] , [[ 480 1351]]
[[ 296 1348]] , [[ 296 1351]]
