[[610 206]] , [[611 205]]
[[ 159 1357]] , [[ 159 1361]]
[[ 732 1428]] , [[ 732 1433]]
[[ 718 1430]] , [[ 718 1435]]
[[ 668 1424]] , [[ 668 1428]]
[[  44 1070]] , [[  44 1075]]
[[  72 1264]] , [[  72 1265]]
[[   0 1052]] , [[   0 1063]]
[[ 672 1422]] , [[ 672 1423]]
[[ 156 1362]] , [[ 156 1367]]
[[ 725 1470]] , [[ 724 1471]]
[[ 735 1469]] , [[ 735 1473]]
[[ 704 1534]] , [[ 704 1539]]
[[ 734 1469]] , [[ 733 1470]]
[[ 732 1492]] , [[ 732 1497]]
[[ 748 1478]] , [[ 748 1483]]
[[ 604 1558]] , [[ 604 1561]]
[[ 828 1560]] , [[ 828 1567]]
[[ 633 1570]] , [[ 633 1575]]
[[ 732 1470]] , [[ 731 1471]]
[[ 706 1471]] , [[ 706 1475]]
[[ 706 1471]] , [[ 706 1475]]
[[ 832 1640]] , [[ 832 1645]]
[[ 733 1469]] , [[ 732 1470]]
[[ 645 1568]] , [[ 645 1569]]
[[ 788 1560]] , [[ 788 1567]]
[[ 650 1569]] , [[ 649 1570]]
[[ 650 1569]] , [[ 649 1570]]
[[ 566 1566]] , [[ 566 1576]]
[[ 649 1560]] , [[ 649 1564]]
[[ 780 1568]] , [[ 780 1572]]
[[ 716 1430]] , [[ 716 1435]]
[[ 814 1558]] , [[ 814 1565]]
[[ 840 1558]] , [[ 840 1559]]
[[ 814 1558]] , [[ 814 1565]]
[[ 814 1558]] , [[ 814 1565]]
[[ 460 1486]] , [[ 460 1491]]
[[ 672 1486]] , [[ 672 1491]]
[[ 460 1486]] , [[ 460 1491]]
[[ 556 1484]] , [[ 556 1489]]
[[ 708 1568]] , [[ 708 1572]]
[[ 674 1484]] , [[ 674 1489]]
[[ 462 1494]] , [[ 462 1500]]
[[ 731 1469]] , [[ 731 1473]]
[[ 572 1558]] , [[ 572 1561]]
[[ 552 1564]] , [[ 552 1569]]
[[ 552 1564]] , [[ 552 1569]]
[[ 576 1558]] , [[ 576 1561]]
[[ 548 1564]] , [[ 548 1565]]
[[ 620 1552]] , [[ 620 1557]]
[[ 684 1552]] , [[ 684 1559]]
[[ 712 1552]] , [[ 712 1553]]
[[ 790 1562]] , [[ 790 1567]]
[[ 594 1564]] , [[ 594 1569]]
[[ 704 1566]] , [[ 704 1570]]
[[ 576 1558]] , [[ 576 1559]]
[[ 546 1552]] , [[ 546 1557]]
[[ 576 1558]] , [[ 576 1559]]
[[ 546 1552]] , [[ 546 1557]]
[[ 710 1473]] , [[ 710 1477]]
[[ 622 1480]] , [[ 622 1484]]
[[ 525 1479]] , [[ 525 1481]]
[[ 525 1477]] , [[ 524 1478]]
[[ 733 1469]] , [[ 732 1470]]
[[ 638 1474]] , [[ 638 1479]]
[[ 712 1552]] , [[ 712 1553]]
[[ 570 1560]] , [[ 570 1567]]
[[ 618 1480]] , [[ 618 1484]]
[[ 698 1472]] , [[ 698 1477]]
[[ 712 1473]] , [[ 712 1477]]
[[ 700 1470]] , [[ 700 1471]]
[[ 676 1426]] , [[ 676 1430]]
[[ 723 1472]] , [[ 722 1473]]
[[ 641 1328]] , [[ 641 1332]]
[[ 641 1328]] , [[ 641 1332]]
[[ 656 1338]] , [[ 656 1342]]
[[ 710 1473]] , [[ 710 1477]]
[[ 554 1484]] , [[ 554 1488]]
[[ 554 1484]] , [[ 554 1488]]
[[ 733 1469]] , [[ 733 1473]]
[[ 704 1554]] , [[ 704 1559]]
[[ 529 1564]] , [[ 529 1568]]
[[ 676 1530]] , [[ 676 1535]]
[[ 452 1483]] , [[ 452 1487]]
[[ 690 1549]] , [[ 690 1553]]
[[ 586 1564]] , [[ 586 1565]]
[[ 530 1564]] , [[ 530 1568]]
[[ 690 1549]] , [[ 690 1553]]
[[ 529 1564]] , [[ 529 1568]]
[[ 529 1564]] , [[ 529 1568]]
[[ 788 1562]] , [[ 788 1567]]
[[ 739 1468]] , [[ 738 1469]]
[[ 739 1468]] , [[ 738 1469]]
[[ 554 1548]] , [[ 554 1553]]
[[ 736 1468]] , [[ 735 1469]]
[[ 548 1550]] , [[ 548 1555]]
[[ 836 1564]] , [[ 836 1569]]
[[ 836 1564]] , [[ 836 1569]]
[[ 528 1564]] , [[ 528 1568]]
[[ 548 1548]] , [[ 548 1549]]
[[ 548 1548]] , [[ 548 1549]]
[[ 514 1480]] , [[ 514 1487]]
[[ 558 1550]] , [[ 558 1557]]
[[ 686 1552]] , [[ 686 1557]]
[[ 298 1482]] , [[ 298 1487]]
[[ 727 1470]] , [[ 725 1472]]
[[ 514 1480]] , [[ 514 1482]]
[[ 514 1480]] , [[ 514 1488]]
[[ 834 1566]] , [[ 834 1571]]
[[ 706 1372]] , [[ 706 1377]]
[[ 582 1554]] , [[ 582 1561]]
[[ 562 1546]] , [[ 561 1547]]
[[ 570 1480]] , [[ 570 1486]]
[[   0 1142]] , [[   0 1153]]
[[ 561 1548]] , [[ 560 1549]]
[[ 720 1430]] , [[ 720 1435]]
[[ 548 1547]] , [[ 548 1551]]
[[ 570 1480]] , [[ 570 1486]]
[[ 510 1480]] , [[ 510 1487]]
[[ 720 1430]] , [[ 720 1435]]
[[ 740 1468]] , [[ 740 1472]]
[[ 660 1370]] , [[ 660 1374]]
[[ 518 1477]] , [[ 518 1481]]
[[ 518 1477]] , [[ 518 1481]]
[[ 550 1550]] , [[ 550 1567]]
[[ 512 1478]] , [[ 512 1483]]
[[ 768 1564]] , [[ 768 1565]]
[[ 568 1558]] , [[ 568 1563]]
[[ 768 1564]] , [[ 768 1565]]
[[ 709 1568]] , [[ 709 1572]]
[[ 572 1568]] , [[ 572 1573]]
[[ 766 1566]] , [[ 766 1567]]
[[ 746 1564]] , [[ 746 1574]]
[[ 801 1564]] , [[ 801 1568]]
[[ 572 1568]] , [[ 572 1573]]
[[ 774 1566]] , [[ 774 1567]]
[[ 730 1550]] , [[ 730 1555]]
[[ 706 1548]] , [[ 706 1549]]
[[ 766 1566]] , [[ 766 1567]]
[[ 829 1566]] , [[ 829 1570]]
[[ 825 1566]] , [[ 825 1570]]
[[ 704 1550]] , [[ 704 1551]]
[[ 726 1432]] , [[ 726 1436]]
[[ 678 1428]] , [[ 678 1432]]
[[ 528 1476]] , [[ 528 1481]]
[[ 824 1566]] , [[ 824 1570]]
[[ 678 1428]] , [[ 678 1433]]
[[ 702 1548]] , [[ 702 1559]]
[[ 640 1478]] , [[ 640 1484]]
[[ 527 1476]] , [[ 526 1477]]
[[ 829 1566]] , [[ 829 1570]]
[[ 829 1566]] , [[ 829 1570]]
[[ 550 1572]] , [[ 550 1578]]
[[ 524 1476]] , [[ 524 1477]]
[[ 560 1477]] , [[ 560 1481]]
[[ 724 1428]] , [[ 724 1429]]
[[ 752 1468]] , [[ 752 1473]]
[[ 732 1482]] , [[ 732 1487]]
[[ 748 1568]] , [[ 748 1569]]
[[ 474 1577]] , [[ 474 1581]]
[[ 474 1577]] , [[ 474 1581]]
[[ 495 1577]] , [[ 495 1581]]
[[ 498 1577]] , [[ 498 1581]]
[[ 245 1577]] , [[ 244 1578]]
[[ 523 1575]] , [[ 523 1579]]
[[ 475 1576]] , [[ 474 1577]]
[[ 524 1575]] , [[ 524 1579]]
[[ 778 1568]] , [[ 778 1573]]
[[ 522 1575]] , [[ 522 1579]]
[[ 776 1794]] , [[ 776 1801]]
[[ 748 1798]] , [[ 748 1802]]
[[ 776 1792]] , [[ 776 1807]]
[[ 708 1792]] , [[ 708 1796]]
[[ 546 1568]] , [[ 546 1573]]
[[ 527 1574]] , [[ 526 1575]]
[[ 658 1564]] , [[ 658 1569]]
[[ 548 1568]] , [[ 548 1573]]
[[ 572 1566]] , [[ 572 1573]]
[[ 496 1796]] , [[ 496 1801]]
[[ 576 1788]] , [[ 576 1792]]
[[ 750 1802]] , [[ 750 1806]]
[[ 400 1808]] , [[ 400 1813]]
[[ 400 1765]] , [[ 400 1771]]
[[ 320 1578]] , [[ 320 1583]]
[[ 490 1576]] , [[ 490 1580]]
[[ 330 1579]] , [[ 330 1583]]
[[ 490 1576]] , [[ 490 1580]]
[[ 408 1578]] , [[ 408 1582]]
[[ 230 1579]] , [[ 230 1583]]
[[ 532 1816]] , [[ 532 1821]]
[[ 529 1766]] , [[ 529 1771]]
[[ 714 1790]] , [[ 714 1793]]
[[ 714 1792]] , [[ 714 1796]]
[[ 720 1644]] , [[ 720 1649]]
[[ 720 1644]] , [[ 720 1649]]
[[ 720 1644]] , [[ 720 1649]]
[[ 504 1754]] , [[ 504 1759]]
[[ 790 1634]] , [[ 790 1639]]
[[ 790 1634]] , [[ 790 1639]]
[[ 720 1644]] , [[ 720 1649]]
[[ 502 1768]] , [[ 502 1772]]
[[ 790 1634]] , [[ 790 1639]]
[[  34 1583]] , [[  34 1587]]
[[ 621 1568]] , [[ 620 1569]]
[[ 558 1572]] , [[ 558 1573]]
[[ 736 1568]] , [[ 736 1573]]
[[ 720 1644]] , [[ 720 1651]]
[[ 556 1788]] , [[ 556 1793]]
[[ 722 1644]] , [[ 722 1645]]
[[ 722 1646]] , [[ 722 1651]]
[[ 768 1810]] , [[ 768 1815]]
[[  59 1812]] , [[  58 1813]]
[[  59 1812]] , [[  58 1813]]
[[ 512 1575]] , [[ 512 1576]]
[[  34 1811]] , [[  33 1812]]
[[ 554 1718]] , [[ 554 1722]]
[[ 746 1570]] , [[ 746 1574]]
[[ 768 1568]] , [[ 768 1573]]
[[ 603 1567]] , [[ 602 1568]]
[[ 852 1566]] , [[ 852 1567]]
[[ 770 1568]] , [[ 770 1573]]
[[ 588 1566]] , [[ 588 1571]]
[[ 588 1566]] , [[ 588 1571]]
[[ 588 1566]] , [[ 588 1571]]
[[ 508 1575]] , [[ 508 1576]]
[[ 588 1566]] , [[ 588 1571]]
[[ 832 1560]] , [[ 832 1563]]
[[ 768 1568]] , [[ 768 1574]]
[[ 714 1568]] , [[ 714 1573]]
[[ 602 1568]] , [[ 602 1575]]
[[ 602 1568]] , [[ 602 1575]]
[[ 766 1568]] , [[ 766 1573]]
[[ 784 1568]] , [[ 784 1573]]
[[ 603 1566]] , [[ 603 1571]]
[[ 622 1566]] , [[ 622 1571]]
[[ 712 1566]] , [[ 712 1574]]
[[ 698 1568]] , [[ 698 1573]]
[[ 764 1564]] , [[ 764 1573]]
[[ 768 1568]] , [[ 768 1574]]
[[ 698 1568]] , [[ 698 1573]]
[[ 712 1566]] , [[ 712 1574]]
[[ 710 1372]] , [[ 710 1377]]
[[ 628 1552]] , [[ 628 1557]]
[[ 604 1557]] , [[ 603 1558]]
[[ 628 1552]] , [[ 628 1557]]
[[ 700 1474]] , [[ 700 1478]]
[[  20 1252]] , [[  20 1257]]
[[ 744 1472]] , [[ 744 1479]]
[[  76 1454]] , [[  76 1458]]
[[ 602 1564]] , [[ 602 1569]]
[[ 654 1372]] , [[ 654 1376]]
[[  21 1316]] , [[  21 1321]]
[[ 240 1370]] , [[ 240 1374]]
[[ 550 1552]] , [[ 550 1553]]
[[  83 1266]] , [[  82 1267]]
[[ 240 1370]] , [[ 240 1374]]
[[ 720 1472]] , [[ 719 1473]]
[[ 240 1370]] , [[ 240 1374]]
[[ 702 1548]] , [[ 702 1553]]
[[ 720 1472]] , [[ 720 1477]]
[[ 744 1470]] , [[ 744 1475]]
[[ 640 1332]] , [[ 640 1337]]
[[ 706 1471]] , [[ 706 1475]]
[[ 428 1514]] , [[ 428 1518]]
[[ 706 1471]] , [[ 706 1475]]
[[ 706 1471]] , [[ 706 1475]]
[[ 706 1547]] , [[ 706 1551]]
[[ 704 1566]] , [[ 704 1567]]
[[ 852 1568]] , [[ 852 1572]]
[[ 661 1561]] , [[ 661 1567]]
[[ 705 1471]] , [[ 705 1475]]
[[ 562 1554]] , [[ 562 1555]]
[[ 562 1554]] , [[ 562 1555]]
[[ 536 1564]] , [[ 536 1567]]
[[ 566 1570]] , [[ 566 1571]]
[[ 566 1570]] , [[ 566 1571]]
[[ 540 1568]] , [[ 540 1571]]
[[ 270 1346]] , [[ 270 1350]]
[[ 270 1346]] , [[ 270 1350]]
[[ 664 1339]] , [[ 664 1343]]
[[ 740 1468]] , [[ 740 1473]]
[[ 272 1346]] , [[ 272 1350]]
[[ 664 1339]] , [[ 664 1343]]
[[ 740 1468]] , [[ 740 1473]]
[[ 666 1339]] , [[ 666 1343]]
[[ 672 1368]] , [[ 672 1374]]
[[ 706 1471]] , [[ 706 1477]]
[[ 334 1370]] , [[ 334 1374]]
[[ 706 1472]] , [[ 706 1477]]
[[ 716 1474]] , [[ 716 1479]]
[[ 690 1556]] , [[ 690 1561]]
[[ 544 1568]] , [[ 544 1573]]
[[ 706 1472]] , [[ 706 1477]]
[[ 740 1468]] , [[ 740 1473]]
[[ 725 1471]] , [[ 724 1472]]
[[ 513 1474]] , [[ 513 1475]]
[[ 800 1560]] , [[ 800 1565]]
[[ 720 1472]] , [[ 719 1473]]
[[ 672 1424]] , [[ 672 1431]]
[[  73 1275]] , [[  73 1276]]
[[ 672 1424]] , [[ 672 1430]]
[[ 698 1472]] , [[ 698 1477]]
[[ 665 1338]] , [[ 664 1339]]
[[ 667 1422]] , [[ 667 1426]]
[[ 666 1338]] , [[ 666 1343]]
[[ 666 1338]] , [[ 666 1343]]
[[ 656 1370]] , [[ 655 1371]]
[[ 674 1368]] , [[ 674 1373]]
[[ 674 1368]] , [[ 674 1373]]
[[ 656 1370]] , [[ 656 1375]]
[[ 586 1560]] , [[ 586 1561]]
[[168 572]] , [[168 573]]
[[ 690 1328]] , [[ 690 1333]]
[[168 572]] , [[168 573]]
[[ 725 1058]] , [[ 726 1057]]
[[ 725 1058]] , [[ 726 1057]]
[[ 725 1058]] , [[ 726 1057]]
[[ 668 1338]] , [[ 667 1339]]
[[ 668 1338]] , [[ 667 1339]]
[[ 564 1570]] , [[ 564 1571]]
[[ 752 1572]] , [[ 752 1576]]
[[ 784 1788]] , [[ 784 1793]]
[[ 752 1572]] , [[ 752 1576]]
[[ 668 1339]] , [[ 668 1343]]
[[ 564 1570]] , [[ 564 1575]]
[[   1 1054]] , [[   1 1058]]
[[371 952]] , [[372 951]]
[[477 920]] , [[478 919]]
[[   2 1036]] , [[   2 1039]]
[[   2 1036]] , [[   2 1037]]
[[ 664 1297]] , [[ 664 1301]]
[[ 554 1475]] , [[ 554 1484]]
[[ 544 1474]] , [[ 544 1481]]
[[ 672 1424]] , [[ 672 1429]]
[[ 530 1560]] , [[ 530 1565]]
[[   1 1032]] , [[   1 1037]]
[[ 541 1571]] , [[ 541 1575]]
[[   0 1032]] , [[   0 1043]]
[[ 541 1567]] , [[ 541 1571]]
[[ 672 1424]] , [[ 672 1429]]
[[ 714 1474]] , [[ 714 1479]]
[[ 556 1476]] , [[ 556 1481]]
[[ 644 1556]] , [[ 644 1561]]
[[ 558 1474]] , [[ 558 1475]]
[[ 558 1474]] , [[ 558 1482]]
[[ 752 1572]] , [[ 752 1576]]
[[ 750 1572]] , [[ 750 1576]]
[[ 600 1562]] , [[ 600 1566]]
[[ 458 1484]] , [[ 458 1489]]
[[ 529 1474]] , [[ 528 1475]]
[[ 557 1474]] , [[ 556 1475]]
[[ 704 1471]] , [[ 704 1475]]
[[ 526 1474]] , [[ 526 1475]]
[[ 700 1548]] , [[ 700 1553]]
[[ 556 1480]] , [[ 556 1485]]
[[ 705 1471]] , [[ 705 1475]]
[[ 692 1568]] , [[ 692 1574]]
[[ 584 1571]] , [[ 584 1575]]
[[ 556 1570]] , [[ 556 1575]]
[[ 512 1577]] , [[ 512 1581]]
[[  14 1820]] , [[  14 1825]]
[[ 412 1498]] , [[ 412 1503]]
[[ 794 1558]] , [[ 794 1563]]
[[ 540 1571]] , [[ 540 1575]]
[[ 732 1568]] , [[ 732 1573]]
[[ 568 1568]] , [[ 568 1573]]
[[ 827 1564]] , [[ 827 1568]]
[[ 556 1568]] , [[ 556 1573]]
[[ 746 1568]] , [[ 746 1573]]
[[ 556 1568]] , [[ 556 1573]]
[[ 746 1568]] , [[ 746 1573]]
[[ 556 1568]] , [[ 556 1573]]
[[ 556 1568]] , [[ 556 1573]]
[[ 556 1568]] , [[ 556 1573]]
[[ 656 1474]] , [[ 656 1481]]
[[ 706 1471]] , [[ 706 1475]]
[[ 556 1568]] , [[ 556 1573]]
[[ 608 1566]] , [[ 608 1567]]
[[ 570 1568]] , [[ 570 1573]]
[[ 526 1568]] , [[ 526 1579]]
[[ 792 1560]] , [[ 792 1563]]
[[ 524 1548]] , [[ 524 1553]]
[[ 538 1568]] , [[ 538 1578]]
[[ 538 1568]] , [[ 538 1578]]
[[ 524 1575]] , [[ 524 1579]]
[[ 770 1568]] , [[ 770 1572]]
[[ 748 1570]] , [[ 748 1574]]
[[ 541 1476]] , [[ 540 1477]]
[[ 426 1514]] , [[ 426 1515]]
[[ 732 1469]] , [[ 731 1470]]
[[ 730 1470]] , [[ 729 1471]]
[[ 632 1476]] , [[ 632 1483]]
[[ 736 1468]] , [[ 736 1469]]
[[ 734 1468]] , [[ 733 1469]]
[[ 646 1370]] , [[ 646 1374]]
[[ 646 1370]] , [[ 646 1374]]
[[ 558 1472]] , [[ 558 1473]]
[[ 729 1470]] , [[ 728 1471]]
[[ 640 1476]] , [[ 640 1481]]
[[ 550 1562]] , [[ 550 1567]]
[[ 460 1486]] , [[ 460 1490]]
[[ 614 1548]] , [[ 614 1553]]
[[ 545 1472]] , [[ 544 1473]]
[[ 545 1472]] , [[ 544 1473]]
[[ 620 1548]] , [[ 620 1553]]
[[ 704 1560]] , [[ 704 1561]]
[[ 844 1560]] , [[ 844 1561]]
[[ 737 1468]] , [[ 736 1469]]
[[ 664 1564]] , [[ 664 1569]]
[[ 750 1568]] , [[ 750 1569]]
[[ 462 1576]] , [[ 462 1581]]
[[ 408 1578]] , [[ 408 1582]]
[[  36 1815]] , [[  36 1822]]
[[ 512 1794]] , [[ 512 1798]]
[[ 523 1792]] , [[ 523 1799]]
[[ 780 1636]] , [[ 780 1641]]
[[ 406 1578]] , [[ 406 1582]]
[[ 884 1570]] , [[ 884 1574]]
[[ 884 1568]] , [[ 884 1573]]
[[ 556 1482]] , [[ 556 1487]]
[[ 776 1568]] , [[ 776 1572]]
[[ 556 1482]] , [[ 556 1488]]
[[ 782 1634]] , [[ 782 1639]]
[[ 312 1579]] , [[ 312 1583]]
[[ 748 1568]] , [[ 748 1569]]
[[ 754 1570]] , [[ 754 1575]]
[[ 546 1724]] , [[ 546 1729]]
[[ 592 1744]] , [[ 592 1751]]
[[ 588 1752]] , [[ 588 1757]]
[[ 860 1566]] , [[ 860 1571]]
[[ 666 1564]] , [[ 666 1569]]
[[ 596 1760]] , [[ 596 1765]]
[[ 832 1562]] , [[ 832 1570]]
[[ 558 1816]] , [[ 558 1821]]
[[ 624 1810]] , [[ 624 1815]]
[[ 566 1780]] , [[ 566 1785]]
[[ 780 1634]] , [[ 780 1639]]
[[ 705 1793]] , [[ 705 1797]]
[[ 510 1794]] , [[ 510 1799]]
[[ 266 1579]] , [[ 266 1583]]
[[ 488 1748]] , [[ 488 1753]]
[[ 666 1565]] , [[ 665 1566]]
[[ 728 1558]] , [[ 728 1567]]
[[ 728 1558]] , [[ 728 1567]]
[[ 658 1565]] , [[ 658 1569]]
[[ 866 1570]] , [[ 866 1574]]
[[ 616 1816]] , [[ 616 1823]]
[[ 518 1808]] , [[ 518 1813]]
[[ 727 1808]] , [[ 727 1814]]
[[ 824 1814]] , [[ 824 1818]]
[[ 920 1594]] , [[ 920 1598]]
[[ 513 1756]] , [[ 513 1761]]
[[ 776 1636]] , [[ 776 1641]]
[[ 912 1579]] , [[ 912 1583]]
[[ 460 1752]] , [[ 460 1757]]
[[ 494 1571]] , [[ 494 1575]]
[[ 586 1748]] , [[ 586 1755]]
[[ 920 1594]] , [[ 920 1598]]
[[ 577 1752]] , [[ 577 1758]]
[[ 566 1734]] , [[ 566 1739]]
[[ 738 1801]] , [[ 738 1805]]
[[ 620 1568]] , [[ 620 1573]]
[[  48 1820]] , [[  48 1825]]
[[ 755 1806]] , [[ 754 1807]]
[[ 824 1816]] , [[ 824 1820]]
[[ 754 1802]] , [[ 754 1803]]
[[ 884 1816]] , [[ 884 1821]]
[[ 668 1808]] , [[ 668 1817]]
[[ 678 1808]] , [[ 678 1811]]
[[ 749 1808]] , [[ 749 1813]]
[[ 752 1796]] , [[ 752 1803]]
[[ 525 1574]] , [[ 524 1575]]
[[ 593 1812]] , [[ 592 1813]]
[[ 755 1804]] , [[ 754 1805]]
[[ 622 1790]] , [[ 622 1802]]
[[ 418 1578]] , [[ 418 1582]]
[[ 782 1634]] , [[ 782 1635]]
[[ 540 1747]] , [[ 540 1751]]
[[ 540 1747]] , [[ 540 1751]]
[[ 562 1572]] , [[ 562 1576]]
[[ 766 1568]] , [[ 766 1572]]
[[ 754 1766]] , [[ 754 1769]]
[[ 738 1778]] , [[ 738 1782]]
[[ 554 1784]] , [[ 554 1789]]
[[ 484 1776]] , [[ 484 1783]]
[[  34 1818]] , [[  34 1819]]
[[ 728 1778]] , [[ 728 1783]]
[[ 747 1782]] , [[ 747 1789]]
[[ 808 1794]] , [[ 808 1799]]
[[ 268 1579]] , [[ 268 1583]]
[[ 594 1782]] , [[ 594 1789]]
[[ 808 1794]] , [[ 808 1799]]
[[ 808 1794]] , [[ 808 1799]]
[[  48 1810]] , [[  48 1817]]
[[ 780 1568]] , [[ 780 1572]]
[[ 829 1566]] , [[ 829 1570]]
[[ 732 1469]] , [[ 731 1470]]
[[ 546 1560]] , [[ 546 1565]]
[[ 546 1560]] , [[ 546 1565]]
[[ 524 1573]] , [[ 524 1577]]
[[ 654 1776]] , [[ 654 1777]]
[[ 556 1742]] , [[ 556 1747]]
[[ 650 1788]] , [[ 650 1793]]
[[ 448 1762]] , [[ 448 1769]]
[[ 561 1732]] , [[ 561 1733]]
[[ 414 1577]] , [[ 414 1581]]
[[ 529 1728]] , [[ 528 1729]]
[[ 520 1573]] , [[ 520 1577]]
[[ 519 1573]] , [[ 518 1574]]
[[ 484 1571]] , [[ 484 1575]]
[[ 519 1573]] , [[ 518 1574]]
[[ 564 1570]] , [[ 564 1571]]
[[ 564 1570]] , [[ 564 1571]]
[[ 734 1468]] , [[ 734 1473]]
[[ 748 1468]] , [[ 748 1473]]
[[ 694 1428]] , [[ 694 1434]]
[[ 581 1572]] , [[ 581 1576]]
[[ 741 1570]] , [[ 741 1574]]
[[ 560 1566]] , [[ 560 1571]]
[[ 489 1712]] , [[ 489 1716]]
[[ 580 1572]] , [[ 580 1576]]
[[ 580 1572]] , [[ 580 1576]]
[[ 684 1556]] , [[ 684 1562]]
[[ 556 1568]] , [[ 556 1577]]
[[ 876 1570]] , [[ 876 1574]]
[[ 704 1566]] , [[ 704 1574]]
[[ 700 1556]] , [[ 700 1561]]
[[ 622 1474]] , [[ 622 1481]]
[[ 710 1564]] , [[ 710 1569]]
[[ 546 1548]] , [[ 546 1555]]
[[ 710 1564]] , [[ 710 1569]]
[[ 748 1568]] , [[ 748 1574]]
[[ 564 1572]] , [[ 564 1577]]
[[ 752 1570]] , [[ 752 1574]]
[[ 768 1568]] , [[ 768 1573]]
[[ 490 1706]] , [[ 490 1711]]
[[ 768 1568]] , [[ 768 1573]]
[[ 508 1576]] , [[ 508 1581]]
[[ 734 1468]] , [[ 733 1469]]
[[ 760 1468]] , [[ 760 1472]]
[[ 588 1566]] , [[ 588 1569]]
[[ 624 1548]] , [[ 624 1553]]
[[ 718 1564]] , [[ 718 1565]]
[[ 564 1570]] , [[ 564 1571]]
[[ 564 1572]] , [[ 564 1576]]
[[ 698 1568]] , [[ 698 1574]]
[[ 564 1572]] , [[ 564 1577]]
[[ 704 1568]] , [[ 704 1573]]
[[ 760 1468]] , [[ 760 1473]]
[[ 748 1468]] , [[ 748 1473]]
[[ 732 1469]] , [[ 731 1470]]
[[ 548 1574]] , [[ 548 1580]]
[[ 508 1577]] , [[ 508 1581]]
[[ 548 1574]] , [[ 548 1580]]
[[ 510 1576]] , [[ 509 1577]]
[[ 736 1467]] , [[ 735 1468]]
[[ 159 1357]] , [[ 159 1361]]
[[ 732 1428]] , [[ 732 1433]]
[[ 718 1430]] , [[ 718 1435]]
[[ 668 1424]] , [[ 668 1428]]
[[  44 1070]] , [[  44 1075]]
[[  72 1264]] , [[  72 1265]]
[[   0 1052]] , [[   0 1063]]
[[ 672 1422]] , [[ 672 1423]]
[[ 156 1362]] , [[ 156 1367]]
[[ 725 1470]] , [[ 724 1471]]
[[ 735 1469]] , [[ 735 1473]]
[[ 704 1534]] , [[ 704 1539]]
[[ 734 1469]] , [[ 733 1470]]
[[ 732 1492]] , [[ 732 1497]]
[[ 748 1478]] , [[ 748 1483]]
[[ 604 1558]] , [[ 604 1561]]
[[ 828 1560]] , [[ 828 1567]]
[[ 633 1570]] , [[ 633 1575]]
[[ 732 1470]] , [[ 731 1471]]
[[ 706 1471]] , [[ 706 1475]]
[[ 706 1471]] , [[ 706 1475]]
[[ 832 1640]] , [[ 832 1645]]
[[ 733 1469]] , [[ 732 1470]]
[[ 645 1568]] , [[ 645 1569]]
[[ 788 1560]] , [[ 788 1567]]
[[ 650 1569]] , [[ 649 1570]]
[[ 650 1569]] , [[ 649 1570]]
[[ 566 1566]] , [[ 566 1576]]
[[ 649 1560]] , [[ 649 1564]]
[[ 780 1568]] , [[ 780 1572]]
[[ 716 1430]] , [[ 716 1435]]
[[ 814 1558]] , [[ 814 1565]]
[[ 840 1558]] , [[ 840 1559]]
[[ 814 1558]] , [[ 814 1565]]
[[ 814 1558]] , [[ 814 1565]]
[[ 460 1486]] , [[ 460 1491]]
[[ 672 1486]] , [[ 672 1491]]
[[ 460 1486]] , [[ 460 1491]]
[[ 556 1484]] , [[ 556 1489]]
[[ 708 1568]] , [[ 708 1572]]
[[ 674 1484]] , [[ 674 1489]]
[[ 462 1494]] , [[ 462 1500]]
[[ 731 1469]] , [[ 731 1473]]
[[ 572 1558]] , [[ 572 1561]]
[[ 552 1564]] , [[ 552 1569]]
[[ 552 1564]] , [[ 552 1569]]
[[ 576 1558]] , [[ 576 1561]]
[[ 548 1564]] , [[ 548 1565]]
[[ 620 1552]] , [[ 620 1557]]
[[ 684 1552]] , [[ 684 1559]]
[[ 712 1552]] , [[ 712 1553]]
[[ 790 1562]] , [[ 790 1567]]
[[ 594 1564]] , [[ 594 1569]]
[[ 704 1566]] , [[ 704 1570]]
[[ 576 1558]] , [[ 576 1559]]
[[ 546 1552]] , [[ 546 1557]]
[[ 576 1558]] , [[ 576 1559]]
[[ 546 1552]] , [[ 546 1557]]
[[ 710 1473]] , [[ 710 1477]]
[[ 622 1480]] , [[ 622 1484]]
[[ 525 1479]] , [[ 525 1481]]
[[ 525 1477]] , [[ 524 1478]]
[[ 733 1469]] , [[ 732 1470]]
[[ 638 1474]] , [[ 638 1479]]
[[ 712 1552]] , [[ 712 1553]]
[[ 570 1560]] , [[ 570 1567]]
[[ 618 1480]] , [[ 618 1484]]
[[ 698 1472]] , [[ 698 1477]]
[[ 712 1473]] , [[ 712 1477]]
[[ 700 1470]] , [[ 700 1471]]
[[ 676 1426]] , [[ 676 1430]]
[[ 723 1472]] , [[ 722 1473]]
[[ 641 1328]] , [[ 641 1332]]
[[ 641 1328]] , [[ 641 1332]]
[[ 656 1338]] , [[ 656 1342]]
[[ 710 1473]] , [[ 710 1477]]
[[ 554 1484]] , [[ 554 1488]]
[[ 554 1484]] , [[ 554 1488]]
[[ 733 1469]] , [[ 733 1473]]
[[ 704 1554]] , [[ 704 1559]]
[[ 529 1564]] , [[ 529 1568]]
[[ 676 1530]] , [[ 676 1535]]
[[ 452 1483]] , [[ 452 1487]]
[[ 690 1549]] , [[ 690 1553]]
[[ 586 1564]] , [[ 586 1565]]
[[ 530 1564]] , [[ 530 1568]]
[[ 690 1549]] , [[ 690 1553]]
[[ 529 1564]] , [[ 529 1568]]
[[ 529 1564]] , [[ 529 1568]]
[[ 788 1562]] , [[ 788 1567]]
[[ 739 1468]] , [[ 738 1469]]
[[ 739 1468]] , [[ 738 1469]]
[[ 554 1548]] , [[ 554 1553]]
[[ 736 1468]] , [[ 735 1469]]
[[ 548 1550]] , [[ 548 1555]]
[[ 836 1564]] , [[ 836 1569]]
[[ 836 1564]] , [[ 836 1569]]
[[ 528 1564]] , [[ 528 1568]]
[[ 548 1548]] , [[ 548 1549]]
[[ 548 1548]] , [[ 548 1549]]
[[ 514 1480]] , [[ 514 1487]]
[[ 558 1550]] , [[ 558 1557]]
[[ 686 1552]] , [[ 686 1557]]
[[ 298 1482]] , [[ 298 1487]]
[[ 727 1470]] , [[ 725 1472]]
[[ 514 1480]] , [[ 514 1482]]
[[ 514 1480]] , [[ 514 1488]]
[[ 834 1566]] , [[ 834 1571]]
[[ 706 1372]] , [[ 706 1377]]
[[ 582 1554]] , [[ 582 1561]]
[[ 562 1546]] , [[ 561 1547]]
[[ 570 1480]] , [[ 570 1486]]
[[   0 1142]] , [[   0 1153]]
[[ 561 1548]] , [[ 560 1549]]
[[ 720 1430]] , [[ 720 1435]]
[[ 548 1547]] , [[ 548 1551]]
[[ 570 1480]] , [[ 570 1486]]
[[ 510 1480]] , [[ 510 1487]]
[[ 720 1430]] , [[ 720 1435]]
[[ 740 1468]] , [[ 740 1472]]
[[ 660 1370]] , [[ 660 1374]]
[[ 518 1477]] , [[ 518 1481]]
[[ 518 1477]] , [[ 518 1481]]
[[ 550 1550]] , [[ 550 1567]]
[[ 512 1478]] , [[ 512 1483]]
[[ 768 1564]] , [[ 768 1565]]
[[ 568 1558]] , [[ 568 1563]]
[[ 768 1564]] , [[ 768 1565]]
[[ 709 1568]] , [[ 709 1572]]
[[ 572 1568]] , [[ 572 1573]]
[[ 766 1566]] , [[ 766 1567]]
[[ 746 1564]] , [[ 746 1574]]
[[ 801 1564]] , [[ 801 1568]]
[[ 572 1568]] , [[ 572 1573]]
[[ 774 1566]] , [[ 774 1567]]
[[ 730 1550]] , [[ 730 1555]]
[[ 706 1548]] , [[ 706 1549]]
[[ 766 1566]] , [[ 766 1567]]
[[ 829 1566]] , [[ 829 1570]]
[[ 825 1566]] , [[ 825 1570]]
[[ 704 1550]] , [[ 704 1551]]
[[ 726 1432]] , [[ 726 1436]]
[[ 678 1428]] , [[ 678 1432]]
[[ 528 1476]] , [[ 528 1481]]
[[ 824 1566]] , [[ 824 1570]]
[[ 678 1428]] , [[ 678 1433]]
[[ 702 1548]] , [[ 702 1559]]
[[ 640 1478]] , [[ 640 1484]]
[[ 527 1476]] , [[ 526 1477]]
[[ 829 1566]] , [[ 829 1570]]
[[ 829 1566]] , [[ 829 1570]]
[[ 550 1572]] , [[ 550 1578]]
[[ 524 1476]] , [[ 524 1477]]
[[ 560 1477]] , [[ 560 1481]]
[[ 724 1428]] , [[ 724 1429]]
[[ 752 1468]] , [[ 752 1473]]
[[ 732 1482]] , [[ 732 1487]]
[[ 748 1568]] , [[ 748 1569]]
[[ 474 1577]] , [[ 474 1581]]
[[ 474 1577]] , [[ 474 1581]]
[[ 495 1577]] , [[ 495 1581]]
[[ 498 1577]] , [[ 498 1581]]
[[ 245 1577]] , [[ 244 1578]]
[[ 523 1575]] , [[ 523 1579]]
[[ 475 1576]] , [[ 474 1577]]
[[ 524 1575]] , [[ 524 1579]]
[[ 778 1568]] , [[ 778 1573]]
[[ 522 1575]] , [[ 522 1579]]
[[ 776 1794]] , [[ 776 1801]]
[[ 748 1798]] , [[ 748 1802]]
[[ 776 1792]] , [[ 776 1807]]
[[ 708 1792]] , [[ 708 1796]]
[[ 546 1568]] , [[ 546 1573]]
[[ 527 1574]] , [[ 526 1575]]
[[ 658 1564]] , [[ 658 1569]]
[[ 548 1568]] , [[ 548 1573]]
[[ 572 1566]] , [[ 572 1573]]
[[ 496 1796]] , [[ 496 1801]]
[[ 576 1788]] , [[ 576 1792]]
[[ 750 1802]] , [[ 750 1806]]
[[ 400 1808]] , [[ 400 1813]]
[[ 400 1765]] , [[ 400 1771]]
[[ 320 1578]] , [[ 320 1583]]
[[ 490 1576]] , [[ 490 1580]]
[[ 330 1579]] , [[ 330 1583]]
[[ 490 1576]] , [[ 490 1580]]
[[ 408 1578]] , [[ 408 1582]]
[[ 230 1579]] , [[ 230 1583]]
[[ 532 1816]] , [[ 532 1821]]
[[ 529 1766]] , [[ 529 1771]]
[[ 714 1790]] , [[ 714 1793]]
[[ 714 1792]] , [[ 714 1796]]
[[ 720 1644]] , [[ 720 1649]]
[[ 720 1644]] , [[ 720 1649]]
[[ 720 1644]] , [[ 720 1649]]
[[ 504 1754]] , [[ 504 1759]]
[[ 790 1634]] , [[ 790 1639]]
[[ 790 1634]] , [[ 790 1639]]
[[ 720 1644]] , [[ 720 1649]]
[[ 502 1768]] , [[ 502 1772]]
[[ 790 1634]] , [[ 790 1639]]
[[  34 1583]] , [[  34 1587]]
[[ 621 1568]] , [[ 620 1569]]
[[ 558 1572]] , [[ 558 1573]]
[[ 736 1568]] , [[ 736 1573]]
[[ 720 1644]] , [[ 720 1651]]
[[ 556 1788]] , [[ 556 1793]]
[[ 722 1644]] , [[ 722 1645]]
[[ 722 1646]] , [[ 722 1651]]
[[ 768 1810]] , [[ 768 1815]]
[[  59 1812]] , [[  58 1813]]
[[  59 1812]] , [[  58 1813]]
[[ 512 1575]] , [[ 512 1576]]
[[  34 1811]] , [[  33 1812]]
[[ 554 1718]] , [[ 554 1722]]
[[ 746 1570]] , [[ 746 1574]]
[[ 768 1568]] , [[ 768 1573]]
[[ 603 1567]] , [[ 602 1568]]
[[ 852 1566]] , [[ 852 1567]]
[[ 770 1568]] , [[ 770 1573]]
[[ 588 1566]] , [[ 588 1571]]
[[ 588 1566]] , [[ 588 1571]]
[[ 588 1566]] , [[ 588 1571]]
[[ 508 1575]] , [[ 508 1576]]
[[ 588 1566]] , [[ 588 1571]]
[[ 832 1560]] , [[ 832 1563]]
[[ 768 1568]] , [[ 768 1574]]
[[ 714 1568]] , [[ 714 1573]]
[[ 602 1568]] , [[ 602 1575]]
[[ 602 1568]] , [[ 602 1575]]
[[ 766 1568]] , [[ 766 1573]]
[[ 784 1568]] , [[ 784 1573]]
[[ 603 1566]] , [[ 603 1571]]
[[ 622 1566]] , [[ 622 1571]]
[[ 712 1566]] , [[ 712 1574]]
[[ 698 1568]] , [[ 698 1573]]
[[ 764 1564]] , [[ 764 1573]]
[[ 768 1568]] , [[ 768 1574]]
[[ 698 1568]] , [[ 698 1573]]
[[ 712 1566]] , [[ 712 1574]]
[[ 710 1372]] , [[ 710 1377]]
[[ 628 1552]] , [[ 628 1557]]
[[ 604 1557]] , [[ 603 1558]]
[[ 628 1552]] , [[ 628 1557]]
[[ 700 1474]] , [[ 700 1478]]
[[  20 1252]] , [[  20 1257]]
[[ 744 1472]] , [[ 744 1479]]
[[  76 1454]] , [[  76 1458]]
[[ 602 1564]] , [[ 602 1569]]
[[ 654 1372]] , [[ 654 1376]]
[[  21 1316]] , [[  21 1321]]
[[ 240 1370]] , [[ 240 1374]]
[[ 550 1552]] , [[ 550 1553]]
[[  83 1266]] , [[  82 1267]]
[[ 240 1370]] , [[ 240 1374]]
[[ 720 1472]] , [[ 719 1473]]
[[ 240 1370]] , [[ 240 1374]]
[[ 702 1548]] , [[ 702 1553]]
[[ 720 1472]] , [[ 720 1477]]
[[ 744 1470]] , [[ 744 1475]]
[[ 640 1332]] , [[ 640 1337]]
[[ 706 1471]] , [[ 706 1475]]
[[ 428 1514]] , [[ 428 1518]]
[[ 706 1471]] , [[ 706 1475]]
[[ 706 1471]] , [[ 706 1475]]
[[ 706 1547]] , [[ 706 1551]]
[[ 704 1566]] , [[ 704 1567]]
[[ 852 1568]] , [[ 852 1572]]
[[ 661 1561]] , [[ 661 1567]]
[[ 705 1471]] , [[ 705 1475]]
[[ 562 1554]] , [[ 562 1555]]
[[ 562 1554]] , [[ 562 1555]]
[[ 536 1564]] , [[ 536 1567]]
[[ 566 1570]] , [[ 566 1571]]
[[ 566 1570]] , [[ 566 1571]]
[[ 540 1568]] , [[ 540 1571]]
[[ 270 1346]] , [[ 270 1350]]
[[ 270 1346]] , [[ 270 1350]]
[[ 664 1339]] , [[ 664 1343]]
[[ 740 1468]] , [[ 740 1473]]
[[ 272 1346]] , [[ 272 1350]]
[[ 664 1339]] , [[ 664 1343]]
[[ 740 1468]] , [[ 740 1473]]
[[ 666 1339]] , [[ 666 1343]]
[[ 672 1368]] , [[ 672 1374]]
[[ 706 1471]] , [[ 706 1477]]
[[ 334 1370]] , [[ 334 1374]]
[[ 706 1472]] , [[ 706 1477]]
[[ 716 1474]] , [[ 716 1479]]
[[ 690 1556]] , [[ 690 1561]]
[[ 544 1568]] , [[ 544 1573]]
[[ 706 1472]] , [[ 706 1477]]
[[ 740 1468]] , [[ 740 1473]]
[[ 725 1471]] , [[ 724 1472]]
[[ 513 1474]] , [[ 513 1475]]
[[ 800 1560]] , [[ 800 1565]]
[[ 720 1472]] , [[ 719 1473]]
[[ 672 1424]] , [[ 672 1431]]
[[  73 1275]] , [[  73 1276]]
[[ 672 1424]] , [[ 672 1430]]
[[ 698 1472]] , [[ 698 1477]]
[[ 665 1338]] , [[ 664 1339]]
[[ 667 1422]] , [[ 667 1426]]
[[ 666 1338]] , [[ 666 1343]]
[[ 666 1338]] , [[ 666 1343]]
[[ 656 1370]] , [[ 655 1371]]
[[ 674 1368]] , [[ 674 1373]]
[[ 674 1368]] , [[ 674 1373]]
[[ 656 1370]] , [[ 656 1375]]
[[ 586 1560]] , [[ 586 1561]]
[[168 572]] , [[168 573]]
[[ 690 1328]] , [[ 690 1333]]
[[168 572]] , [[168 573]]
[[ 725 1058]] , [[ 726 1057]]
[[ 725 1058]] , [[ 726 1057]]
[[ 725 1058]] , [[ 726 1057]]
[[ 668 1338]] , [[ 667 1339]]
[[ 668 1338]] , [[ 667 1339]]
[[ 564 1570]] , [[ 564 1571]]
[[ 752 1572]] , [[ 752 1576]]
[[ 784 1788]] , [[ 784 1793]]
[[ 752 1572]] , [[ 752 1576]]
[[ 668 1339]] , [[ 668 1343]]
[[ 564 1570]] , [[ 564 1575]]
[[   1 1054]] , [[   1 1058]]
[[371 952]] , [[372 951]]
[[477 920]] , [[478 919]]
[[   2 1036]] , [[   2 1039]]
[[   2 1036]] , [[   2 1037]]
[[ 664 1297]] , [[ 664 1301]]
[[ 554 1475]] , [[ 554 1484]]
[[ 544 1474]] , [[ 544 1481]]
[[ 672 1424]] , [[ 672 1429]]
[[ 530 1560]] , [[ 530 1565]]
[[   1 1032]] , [[   1 1037]]
[[ 541 1571]] , [[ 541 1575]]
[[   0 1032]] , [[   0 1043]]
[[ 541 1567]] , [[ 541 1571]]
[[ 672 1424]] , [[ 672 1429]]
[[ 714 1474]] , [[ 714 1479]]
[[ 556 1476]] , [[ 556 1481]]
[[ 644 1556]] , [[ 644 1561]]
[[ 558 1474]] , [[ 558 1475]]
[[ 558 1474]] , [[ 558 1482]]
[[ 752 1572]] , [[ 752 1576]]
[[ 750 1572]] , [[ 750 1576]]
[[ 600 1562]] , [[ 600 1566]]
[[ 458 1484]] , [[ 458 1489]]
[[ 529 1474]] , [[ 528 1475]]
[[ 557 1474]] , [[ 556 1475]]
[[ 704 1471]] , [[ 704 1475]]
[[ 526 1474]] , [[ 526 1475]]
[[ 700 1548]] , [[ 700 1553]]
[[ 556 1480]] , [[ 556 1485]]
[[ 705 1471]] , [[ 705 1475]]
[[ 692 1568]] , [[ 692 1574]]
[[ 584 1571]] , [[ 584 1575]]
[[ 556 1570]] , [[ 556 1575]]
[[ 512 1577]] , [[ 512 1581]]
[[  14 1820]] , [[  14 1825]]
[[ 412 1498]] , [[ 412 1503]]
[[ 794 1558]] , [[ 794 1563]]
[[ 540 1571]] , [[ 540 1575]]
[[ 732 1568]] , [[ 732 1573]]
[[ 568 1568]] , [[ 568 1573]]
[[ 827 1564]] , [[ 827 1568]]
[[ 556 1568]] , [[ 556 1573]]
[[ 746 1568]] , [[ 746 1573]]
[[ 556 1568]] , [[ 556 1573]]
[[ 746 1568]] , [[ 746 1573]]
[[ 556 1568]] , [[ 556 1573]]
[[ 556 1568]] , [[ 556 1573]]
[[ 556 1568]] , [[ 556 1573]]
[[ 656 1474]] , [[ 656 1481]]
[[ 706 1471]] , [[ 706 1475]]
[[ 556 1568]] , [[ 556 1573]]
[[ 608 1566]] , [[ 608 1567]]
[[ 570 1568]] , [[ 570 1573]]
[[ 526 1568]] , [[ 526 1579]]
[[ 792 1560]] , [[ 792 1563]]
[[ 524 1548]] , [[ 524 1553]]
[[ 538 1568]] , [[ 538 1578]]
[[ 538 1568]] , [[ 538 1578]]
[[ 524 1575]] , [[ 524 1579]]
[[ 770 1568]] , [[ 770 1572]]
[[ 748 1570]] , [[ 748 1574]]
[[ 541 1476]] , [[ 540 1477]]
[[ 426 1514]] , [[ 426 1515]]
[[ 732 1469]] , [[ 731 1470]]
[[ 730 1470]] , [[ 729 1471]]
[[ 632 1476]] , [[ 632 1483]]
[[ 736 1468]] , [[ 736 1469]]
[[ 734 1468]] , [[ 733 1469]]
[[ 646 1370]] , [[ 646 1374]]
[[ 646 1370]] , [[ 646 1374]]
[[ 558 1472]] , [[ 558 1473]]
[[ 729 1470]] , [[ 728 1471]]
[[ 640 1476]] , [[ 640 1481]]
[[ 550 1562]] , [[ 550 1567]]
[[ 460 1486]] , [[ 460 1490]]
[[ 614 1548]] , [[ 614 1553]]
[[ 545 1472]] , [[ 544 1473]]
[[ 545 1472]] , [[ 544 1473]]
[[ 620 1548]] , [[ 620 1553]]
[[ 704 1560]] , [[ 704 1561]]
[[ 844 1560]] , [[ 844 1561]]
[[ 737 1468]] , [[ 736 1469]]
[[ 664 1564]] , [[ 664 1569]]
[[ 750 1568]] , [[ 750 1569]]
[[ 462 1576]] , [[ 462 1581]]
[[ 408 1578]] , [[ 408 1582]]
[[  36 1815]] , [[  36 1822]]
[[ 512 1794]] , [[ 512 1798]]
[[ 523 1792]] , [[ 523 1799]]
[[ 780 1636]] , [[ 780 1641]]
[[ 406 1578]] , [[ 406 1582]]
[[ 884 1570]] , [[ 884 1574]]
[[ 884 1568]] , [[ 884 1573]]
[[ 556 1482]] , [[ 556 1487]]
[[ 776 1568]] , [[ 776 1572]]
[[ 556 1482]] , [[ 556 1488]]
[[ 782 1634]] , [[ 782 1639]]
[[ 312 1579]] , [[ 312 1583]]
[[ 748 1568]] , [[ 748 1569]]
[[ 754 1570]] , [[ 754 1575]]
[[ 546 1724]] , [[ 546 1729]]
[[ 592 1744]] , [[ 592 1751]]
[[ 588 1752]] , [[ 588 1757]]
[[ 860 1566]] , [[ 860 1571]]
[[ 666 1564]] , [[ 666 1569]]
[[ 596 1760]] , [[ 596 1765]]
[[ 832 1562]] , [[ 832 1570]]
[[ 558 1816]] , [[ 558 1821]]
[[ 624 1810]] , [[ 624 1815]]
[[ 566 1780]] , [[ 566 1785]]
[[ 780 1634]] , [[ 780 1639]]
[[ 705 1793]] , [[ 705 1797]]
[[ 510 1794]] , [[ 510 1799]]
[[ 266 1579]] , [[ 266 1583]]
[[ 488 1748]] , [[ 488 1753]]
[[ 666 1565]] , [[ 665 1566]]
[[ 728 1558]] , [[ 728 1567]]
[[ 728 1558]] , [[ 728 1567]]
[[ 658 1565]] , [[ 658 1569]]
[[ 866 1570]] , [[ 866 1574]]
[[ 616 1816]] , [[ 616 1823]]
[[ 518 1808]] , [[ 518 1813]]
[[ 727 1808]] , [[ 727 1814]]
[[ 824 1814]] , [[ 824 1818]]
[[ 920 1594]] , [[ 920 1598]]
[[ 513 1756]] , [[ 513 1761]]
[[ 776 1636]] , [[ 776 1641]]
[[ 912 1579]] , [[ 912 1583]]
[[ 460 1752]] , [[ 460 1757]]
[[ 494 1571]] , [[ 494 1575]]
[[ 586 1748]] , [[ 586 1755]]
[[ 920 1594]] , [[ 920 1598]]
[[ 577 1752]] , [[ 577 1758]]
[[ 566 1734]] , [[ 566 1739]]
[[ 738 1801]] , [[ 738 1805]]
[[ 620 1568]] , [[ 620 1573]]
[[  48 1820]] , [[  48 1825]]
[[ 755 1806]] , [[ 754 1807]]
[[ 824 1816]] , [[ 824 1820]]
[[ 754 1802]] , [[ 754 1803]]
[[ 884 1816]] , [[ 884 1821]]
[[ 668 1808]] , [[ 668 1817]]
[[ 678 1808]] , [[ 678 1811]]
[[ 749 1808]] , [[ 749 1813]]
[[ 752 1796]] , [[ 752 1803]]
[[ 525 1574]] , [[ 524 1575]]
[[ 593 1812]] , [[ 592 1813]]
[[ 755 1804]] , [[ 754 1805]]
[[ 622 1790]] , [[ 622 1802]]
[[ 418 1578]] , [[ 418 1582]]
[[ 782 1634]] , [[ 782 1635]]
[[ 540 1747]] , [[ 540 1751]]
[[ 540 1747]] , [[ 540 1751]]
[[ 562 1572]] , [[ 562 1576]]
[[ 766 1568]] , [[ 766 1572]]
[[ 754 1766]] , [[ 754 1769]]
[[ 738 1778]] , [[ 738 1782]]
[[ 554 1784]] , [[ 554 1789]]
[[ 484 1776]] , [[ 484 1783]]
[[  34 1818]] , [[  34 1819]]
[[ 728 1778]] , [[ 728 1783]]
[[ 747 1782]] , [[ 747 1789]]
[[ 808 1794]] , [[ 808 1799]]
[[ 268 1579]] , [[ 268 1583]]
[[ 594 1782]] , [[ 594 1789]]
[[ 808 1794]] , [[ 808 1799]]
[[ 808 1794]] , [[ 808 1799]]
[[  48 1810]] , [[  48 1817]]
[[ 780 1568]] , [[ 780 1572]]
[[ 829 1566]] , [[ 829 1570]]
[[ 732 1469]] , [[ 731 1470]]
[[ 546 1560]] , [[ 546 1565]]
[[ 546 1560]] , [[ 546 1565]]
[[ 524 1573]] , [[ 524 1577]]
[[ 654 1776]] , [[ 654 1777]]
[[ 556 1742]] , [[ 556 1747]]
[[ 650 1788]] , [[ 650 1793]]
[[ 448 1762]] , [[ 448 1769]]
[[ 561 1732]] , [[ 561 1733]]
[[ 414 1577]] , [[ 414 1581]]
[[ 529 1728]] , [[ 528 1729]]
[[ 520 1573]] , [[ 520 1577]]
[[ 519 1573]] , [[ 518 1574]]
[[ 484 1571]] , [[ 484 1575]]
[[ 519 1573]] , [[ 518 1574]]
[[ 564 1570]] , [[ 564 1571]]
[[ 564 1570]] , [[ 564 1571]]
[[ 734 1468]] , [[ 734 1473]]
[[ 748 1468]] , [[ 748 1473]]
[[ 694 1428]] , [[ 694 1434]]
[[ 581 1572]] , [[ 581 1576]]
[[ 741 1570]] , [[ 741 1574]]
[[ 560 1566]] , [[ 560 1571]]
[[ 489 1712]] , [[ 489 1716]]
[[ 580 1572]] , [[ 580 1576]]
[[ 580 1572]] , [[ 580 1576]]
[[ 684 1556]] , [[ 684 1562]]
[[ 556 1568]] , [[ 556 1577]]
[[ 876 1570]] , [[ 876 1574]]
[[ 704 1566]] , [[ 704 1574]]
[[ 700 1556]] , [[ 700 1561]]
[[ 622 1474]] , [[ 622 1481]]
[[ 710 1564]] , [[ 710 1569]]
[[ 546 1548]] , [[ 546 1555]]
[[ 710 1564]] , [[ 710 1569]]
[[ 748 1568]] , [[ 748 1574]]
[[ 564 1572]] , [[ 564 1577]]
[[ 752 1570]] , [[ 752 1574]]
[[ 768 1568]] , [[ 768 1573]]
[[ 490 1706]] , [[ 490 1711]]
[[ 768 1568]] , [[ 768 1573]]
[[ 508 1576]] , [[ 508 1581]]
[[ 734 1468]] , [[ 733 1469]]
[[ 760 1468]] , [[ 760 1472]]
[[ 588 1566]] , [[ 588 1569]]
[[ 624 1548]] , [[ 624 1553]]
[[ 718 1564]] , [[ 718 1565]]
[[ 564 1570]] , [[ 564 1571]]
[[ 564 1572]] , [[ 564 1576]]
[[ 698 1568]] , [[ 698 1574]]
[[ 564 1572]] , [[ 564 1577]]
[[ 704 1568]] , [[ 704 1573]]
[[ 760 1468]] , [[ 760 1473]]
[[ 748 1468]] , [[ 748 1473]]
[[ 732 1469]] , [[ 731 1470]]
[[ 548 1574]] , [[ 548 1580]]
[[ 508 1577]] , [[ 508 1581]]
[[ 548 1574]] , [[ 548 1580]]
[[ 510 1576]] , [[ 509 1577]]
[[ 736 1467]] , [[ 735 1468]]
[[ 568 1338]] , [[ 568 1357]]
[[ 370 1348]] , [[ 370 1349]]
[[ 534 1346]] , [[ 534 1347]]
[[ 628 1346]] , [[ 628 1347]]
[[ 368 1348]] , [[ 368 1355]]
[[ 245 1350]] , [[ 245 1353]]
[[ 366 1346]] , [[ 366 1351]]
[[ 292 1348]] , [[ 292 1349]]
[[ 292 1348]] , [[ 292 1349]]
[[ 634 1342]] , [[ 634 1343]]
[[ 534 1340]] , [[ 534 1345]]
[[ 411 1302]] , [[ 410 1303]]
[[ 612 1296]] , [[ 611 1297]]
[[ 196 1238]] , [[ 196 1243]]
[[ 614 1076]] , [[ 614 1077]]
[[ 410 1072]] , [[ 410 1078]]
[[ 621 1074]] , [[ 621 1075]]
[[ 411 1071]] , [[ 410 1072]]
[[ 411 1071]] , [[ 410 1072]]
[[ 411 1071]] , [[ 410 1072]]
[[ 411 1071]] , [[ 410 1072]]
[[ 411 1071]] , [[ 410 1072]]
[[ 188 1012]] , [[ 188 1031]]
[[ 188 1012]] , [[ 188 1031]]
[[ 189 1010]] , [[ 189 1011]]
[[ 188 1012]] , [[ 188 1013]]
[[ 188 1012]] , [[ 188 1013]]
[[286 996]] , [[285 997]]
[[284 996]] , [[283 997]]
[[ 187 1012]] , [[ 187 1017]]
[[ 409 1072]] , [[ 409 1076]]
[[ 411 1071]] , [[ 410 1072]]
[[ 621 1074]] , [[ 620 1075]]
[[ 190 1036]] , [[ 190 1055]]
[[ 198 1036]] , [[ 198 1037]]
[[ 412 1074]] , [[ 412 1075]]
[[ 412 1074]] , [[ 412 1075]]
[[ 414 1072]] , [[ 414 1073]]
[[ 190 1036]] , [[ 190 1059]]
[[ 412 1072]] , [[ 412 1073]]
[[ 194 1034]] , [[ 194 1035]]
[[ 192 1036]] , [[ 192 1039]]
[[ 196 1036]] , [[ 196 1037]]
[[ 414 1074]] , [[ 414 1075]]
[[ 196 1036]] , [[ 196 1037]]
[[ 196 1036]] , [[ 196 1037]]
[[ 413 1072]] , [[ 412 1073]]
[[ 190 1036]] , [[ 190 1052]]
[[ 190 1036]] , [[ 190 1053]]
[[ 192 1036]] , [[ 192 1039]]
[[ 412 1076]] , [[ 412 1077]]
[[ 412 1076]] , [[ 412 1077]]
[[ 412 1076]] , [[ 412 1077]]
[[ 621 1076]] , [[ 621 1077]]
[[ 190 1014]] , [[ 190 1015]]
[[ 410 1074]] , [[ 410 1084]]
[[ 410 1074]] , [[ 410 1083]]
[[ 190 1016]] , [[ 190 1023]]
[[ 185 1014]] , [[ 185 1019]]
[[ 409 1072]] , [[ 409 1082]]
[[ 193 1018]] , [[ 193 1021]]
[[ 408 1074]] , [[ 408 1078]]
[[ 407 1074]] , [[ 407 1078]]
[[ 186 1024]] , [[ 186 1025]]
[[ 186 1022]] , [[ 186 1023]]
[[ 407 1082]] , [[ 407 1105]]
[[ 186 1016]] , [[ 186 1021]]
[[ 606 1076]] , [[ 606 1081]]
[[ 613 1076]] , [[ 612 1077]]
[[ 407 1085]] , [[ 407 1103]]
[[ 604 1076]] , [[ 604 1077]]
[[ 406 1112]] , [[ 406 1117]]
[[ 404 1110]] , [[ 404 1115]]
[[ 402 1110]] , [[ 402 1117]]
[[ 402 1110]] , [[ 402 1117]]
[[ 399 1306]] , [[ 399 1313]]
[[ 399 1306]] , [[ 399 1313]]
[[ 584 1298]] , [[ 584 1303]]
[[ 399 1306]] , [[ 399 1307]]
[[ 586 1298]] , [[ 586 1299]]
[[ 591 1298]] , [[ 590 1299]]
[[ 398 1306]] , [[ 398 1314]]
[[ 399 1263]] , [[ 399 1267]]
[[ 599 1076]] , [[ 597 1078]]
[[ 597 1076]] , [[ 597 1077]]
[[234 998]] , [[234 999]]
[[ 160 1030]] , [[ 160 1055]]
[[328 998]] , [[327 999]]
[[ 396 1148]] , [[ 396 1154]]
[[ 391 1246]] , [[ 391 1253]]
[[ 394 1148]] , [[ 394 1153]]
[[ 394 1151]] , [[ 393 1152]]
[[ 393 1156]] , [[ 393 1159]]
[[ 570 1301]] , [[ 569 1302]]
[[ 391 1163]] , [[ 391 1167]]
[[ 401 1179]] , [[ 400 1180]]
[[ 400 1180]] , [[ 399 1181]]
[[ 398 1182]] , [[ 397 1183]]
[[ 362 1093]] , [[ 362 1097]]
[[ 746 1250]] , [[ 746 1259]]
[[ 360 1081]] , [[ 360 1083]]
[[ 742 1250]] , [[ 742 1254]]
[[ 397 1178]] , [[ 395 1180]]
[[ 358 1242]] , [[ 358 1252]]
[[ 738 1246]] , [[ 738 1252]]
[[ 347 1332]] , [[ 348 1331]]
[[ 736 1250]] , [[ 736 1251]]
[[ 554 1306]] , [[ 554 1321]]
[[ 732 1254]] , [[ 732 1259]]
[[ 342 1074]] , [[ 342 1075]]
[[ 400 1178]] , [[ 399 1179]]
[[ 402 1179]] , [[ 401 1180]]
[[ 741 1112]] , [[ 741 1119]]
[[ 740 1112]] , [[ 740 1115]]
[[ 740 1108]] , [[ 740 1115]]
[[ 334 1076]] , [[ 334 1077]]
[[ 152 1174]] , [[ 151 1175]]
[[ 187 1174]] , [[ 186 1175]]
[[ 545 1080]] , [[ 544 1081]]
[[ 330 1076]] , [[ 330 1077]]
[[ 544 1080]] , [[ 543 1081]]
[[ 544 1156]] , [[ 544 1163]]
[[ 542 1082]] , [[ 542 1092]]
[[ 728 1076]] , [[ 728 1083]]
[[ 728 1076]] , [[ 728 1083]]
[[ 327 1077]] , [[ 326 1078]]
[[ 327 1077]] , [[ 326 1078]]
[[ 541 1082]] , [[ 541 1090]]
[[ 541 1082]] , [[ 541 1090]]
[[ 541 1082]] , [[ 541 1089]]
[[ 728 1076]] , [[ 728 1085]]
[[ 728 1078]] , [[ 728 1085]]
[[ 730 1078]] , [[ 730 1079]]
[[ 730 1076]] , [[ 730 1079]]
[[ 730 1076]] , [[ 730 1079]]
[[ 730 1076]] , [[ 730 1079]]
[[ 329 1077]] , [[ 328 1078]]
[[ 730 1076]] , [[ 730 1079]]
[[ 730 1076]] , [[ 730 1083]]
[[ 732 1079]] , [[ 732 1081]]
[[ 332 1075]] , [[ 331 1076]]
[[ 547 1079]] , [[ 546 1080]]
[[310 894]] , [[310 919]]
[[464 997]] , [[463 998]]
[[ 336 1076]] , [[ 336 1077]]
[[759 968]] , [[759 977]]
[[ 744 1028]] , [[ 744 1033]]
[[ 548 1078]] , [[ 548 1147]]
[[ 550 1078]] , [[ 550 1113]]
[[ 748 1082]] , [[ 748 1083]]
[[ 750 1100]] , [[ 750 1111]]
[[ 752 1101]] , [[ 751 1102]]
[[ 752 1082]] , [[ 752 1083]]
[[ 752 1102]] , [[ 752 1111]]
[[ 750 1138]] , [[ 750 1167]]
[[ 754 1120]] , [[ 754 1124]]
[[ 754 1136]] , [[ 754 1144]]
[[ 745 1230]] , [[ 745 1237]]
[[ 566 1078]] , [[ 566 1083]]
[[ 404 1180]] , [[ 404 1183]]
[[ 404 1180]] , [[ 404 1183]]
[[ 567 1302]] , [[ 566 1303]]
[[ 752 1258]] , [[ 752 1265]]
[[ 773 1090]] , [[ 773 1096]]
[[ 773 1091]] , [[ 773 1095]]
[[ 402 1178]] , [[ 402 1193]]
[[ 566 1302]] , [[ 565 1303]]
[[ 566 1302]] , [[ 565 1303]]
[[ 566 1302]] , [[ 566 1303]]
[[ 568 1078]] , [[ 568 1081]]
[[ 566 1302]] , [[ 566 1303]]
[[ 566 1302]] , [[ 566 1303]]
[[ 746 1264]] , [[ 746 1271]]
[[ 748 1266]] , [[ 748 1269]]
[[ 370 1250]] , [[ 370 1256]]
[[ 585 1078]] , [[ 585 1079]]
[[ 589 1078]] , [[ 587 1080]]
[[ 770 1212]] , [[ 770 1218]]
[[ 402 1172]] , [[ 402 1180]]
[[ 404 1152]] , [[ 404 1157]]
[[ 326 1000]] , [[ 325 1001]]
[[ 170 1011]] , [[ 170 1015]]
[[ 170 1018]] , [[ 170 1023]]
[[ 406 1116]] , [[ 406 1121]]
[[ 609 1076]] , [[ 609 1077]]
[[ 190 1010]] , [[ 190 1013]]
[[ 191 1010]] , [[ 190 1011]]
[[ 184 1028]] , [[ 184 1033]]
[[ 409 1076]] , [[ 409 1077]]
[[ 190 1084]] , [[ 190 1093]]
[[ 612 1078]] , [[ 612 1079]]
[[ 193 1085]] , [[ 192 1086]]
[[ 616 1079]] , [[ 615 1080]]
[[ 195 1088]] , [[ 195 1089]]
[[ 197 1084]] , [[ 197 1087]]
[[ 618 1078]] , [[ 618 1079]]
[[ 198 1090]] , [[ 198 1107]]
[[ 202 1090]] , [[ 202 1091]]
[[ 620 1079]] , [[ 619 1080]]
[[ 620 1079]] , [[ 619 1080]]
[[ 629 1078]] , [[ 629 1079]]
[[ 622 1079]] , [[ 621 1080]]
[[ 622 1079]] , [[ 622 1081]]
[[ 206 1098]] , [[ 206 1099]]
[[ 206 1096]] , [[ 206 1099]]
[[ 207 1100]] , [[ 207 1105]]
[[ 296 1168]] , [[ 295 1169]]
[[ 296 1168]] , [[ 296 1169]]
[[ 209 1104]] , [[ 209 1105]]
[[ 298 1169]] , [[ 297 1170]]
[[ 216 1280]] , [[ 216 1291]]
[[ 219 1279]] , [[ 218 1280]]
[[ 218 1278]] , [[ 218 1307]]
[[ 217 1238]] , [[ 217 1247]]
[[ 300 1168]] , [[ 300 1169]]
[[ 300 1168]] , [[ 299 1169]]
[[ 217 1234]] , [[ 217 1245]]
[[ 222 1276]] , [[ 222 1277]]
[[ 215 1124]] , [[ 215 1126]]
[[ 636 1080]] , [[ 636 1083]]
[[ 216 1124]] , [[ 216 1156]]
[[ 218 1128]] , [[ 218 1147]]
[[ 647 1078]] , [[ 647 1079]]
[[ 434 1074]] , [[ 434 1075]]
[[ 642 1078]] , [[ 642 1081]]
[[ 438 1073]] , [[ 437 1074]]
[[ 228 1091]] , [[ 228 1095]]
[[ 440 1074]] , [[ 439 1075]]
[[ 442 1074]] , [[ 441 1075]]
[[ 443 1074]] , [[ 442 1075]]
[[ 650 1080]] , [[ 650 1081]]
[[ 650 1080]] , [[ 650 1083]]
[[ 446 1074]] , [[ 445 1075]]
[[ 448 1074]] , [[ 447 1075]]
[[ 654 1080]] , [[ 654 1081]]
[[ 446 1075]] , [[ 446 1081]]
[[ 446 1075]] , [[ 446 1106]]
[[ 239 1096]] , [[ 239 1100]]
[[ 306 1168]] , [[ 306 1169]]
[[ 656 1080]] , [[ 656 1083]]
[[ 658 1080]] , [[ 658 1081]]
[[ 658 1080]] , [[ 658 1081]]
[[ 242 1088]] , [[ 242 1089]]
[[ 242 1092]] , [[ 242 1101]]
[[ 660 1080]] , [[ 660 1081]]
[[ 660 1080]] , [[ 660 1083]]
[[ 454 1075]] , [[ 453 1076]]
[[ 662 1080]] , [[ 662 1081]]
[[ 454 1076]] , [[ 454 1083]]
[[ 454 1076]] , [[ 454 1083]]
[[ 460 1075]] , [[ 459 1076]]
[[ 454 1076]] , [[ 454 1115]]
[[ 454 1075]] , [[ 454 1115]]
[[ 454 1076]] , [[ 454 1115]]
[[ 454 1076]] , [[ 454 1115]]
[[ 453 1076]] , [[ 453 1081]]
[[ 452 1076]] , [[ 452 1093]]
[[ 452 1076]] , [[ 452 1093]]
[[ 457 1076]] , [[ 456 1077]]
[[ 457 1076]] , [[ 456 1077]]
[[ 458 1077]] , [[ 457 1078]]
[[ 454 1077]] , [[ 453 1078]]
[[ 454 1076]] , [[ 454 1077]]
[[ 458 1075]] , [[ 457 1076]]
[[ 457 1075]] , [[ 456 1076]]
[[ 458 1075]] , [[ 457 1076]]
[[ 454 1076]] , [[ 454 1077]]
[[ 454 1076]] , [[ 454 1077]]
[[ 454 1076]] , [[ 454 1077]]
[[ 454 1076]] , [[ 454 1077]]
[[ 452 1077]] , [[ 452 1106]]
[[ 452 1078]] , [[ 452 1107]]
[[ 452 1079]] , [[ 452 1114]]
[[ 452 1079]] , [[ 452 1120]]
[[ 667 1084]] , [[ 665 1086]]
[[ 658 1086]] , [[ 658 1087]]
[[ 658 1086]] , [[ 658 1087]]
[[ 312 1172]] , [[ 311 1173]]
[[ 312 1173]] , [[ 311 1174]]
[[ 238 1098]] , [[ 238 1111]]
[[ 238 1098]] , [[ 238 1107]]
[[ 238 1098]] , [[ 238 1106]]
[[ 238 1098]] , [[ 238 1103]]
[[ 442 1080]] , [[ 442 1121]]
[[ 438 1080]] , [[ 438 1089]]
[[ 642 1084]] , [[ 642 1085]]
[[ 428 1078]] , [[ 428 1113]]
[[ 426 1074]] , [[ 426 1111]]
[[ 634 1078]] , [[ 634 1079]]
[[ 634 1074]] , [[ 634 1075]]
[[ 422 1064]] , [[ 422 1088]]
[[ 214 1096]] , [[ 214 1100]]
[[ 214 1094]] , [[ 214 1098]]
[[ 214 1094]] , [[ 214 1098]]
[[ 632 1064]] , [[ 632 1065]]
[[ 212 1090]] , [[ 212 1091]]
[[ 628 1066]] , [[ 628 1067]]
[[ 618 1287]] , [[ 617 1288]]
[[ 197 1120]] , [[ 197 1123]]
[[ 620 1068]] , [[ 620 1069]]
[[ 193 1090]] , [[ 193 1094]]
[[ 407 1064]] , [[ 405 1066]]
[[ 403 1065]] , [[ 402 1066]]
[[ 174 1064]] , [[ 174 1101]]
[[ 170 1024]] , [[ 170 1037]]
[[ 588 1070]] , [[ 588 1071]]
[[ 392 1136]] , [[ 392 1143]]
[[ 389 1157]] , [[ 389 1167]]
[[ 574 1070]] , [[ 574 1071]]
[[ 362 1096]] , [[ 362 1105]]
[[ 390 1168]] , [[ 390 1173]]
[[390 990]] , [[390 991]]
[[430 990]] , [[429 991]]
[[ 761 1002]] , [[ 761 1009]]
[[ 554 1070]] , [[ 552 1072]]
[[ 548 1070]] , [[ 548 1071]]
[[742 950]] , [[742 959]]
[[755 900]] , [[755 913]]
[[736 990]] , [[ 736 1001]]
[[416 989]] , [[415 990]]
[[414 988]] , [[413 989]]
[[ 724 1054]] , [[ 724 1058]]
[[ 321 1069]] , [[ 320 1070]]
[[396 990]] , [[395 991]]
[[406 990]] , [[405 991]]
[[486 990]] , [[485 991]]
[[481 990]] , [[479 992]]
[[442 991]] , [[441 992]]
[[432 990]] , [[430 992]]
[[ 704 1069]] , [[ 703 1070]]
[[ 505 1084]] , [[ 505 1091]]
[[426 990]] , [[426 991]]
[[421 990]] , [[420 991]]
[[ 297 1072]] , [[ 297 1073]]
[[498 974]] , [[498 987]]
[[ 695 1068]] , [[ 694 1069]]
[[498 910]] , [[498 911]]
[[ 691 1068]] , [[ 689 1070]]
[[290 916]] , [[290 919]]
[[486 883]] , [[486 893]]
[[482 883]] , [[482 895]]
[[ 479 1075]] , [[ 480 1074]]
[[244 886]] , [[243 887]]
[[239 888]] , [[239 889]]
[[ 94 997]] , [[ 93 998]]
[[ 80 998]] , [[ 79 999]]
[[ 94 999]] , [[  93 1000]]
[[  62 1000]] , [[  61 1001]]
[[  72 1000]] , [[  71 1001]]
[[  83 1000]] , [[  82 1001]]
[[  83 1000]] , [[  81 1002]]
[[  82 1000]] , [[  81 1001]]
[[  82 1000]] , [[  81 1001]]
[[ 452 1072]] , [[ 452 1075]]
[[ 452 1072]] , [[ 452 1075]]
[[ 454 1070]] , [[ 454 1071]]
[[ 454 1070]] , [[ 454 1072]]
[[ 454 1070]] , [[ 454 1073]]
[[ 454 1072]] , [[ 454 1073]]
[[ 454 1072]] , [[ 454 1073]]
[[ 454 1072]] , [[ 454 1073]]
[[ 459 1072]] , [[ 457 1074]]
[[ 450 1074]] , [[ 450 1085]]
[[ 70 998]] , [[ 69 999]]
[[ 70 998]] , [[ 69 999]]
[[ 452 1071]] , [[ 451 1072]]
[[ 450 1072]] , [[ 450 1073]]
[[ 450 1072]] , [[ 450 1073]]
[[ 450 1072]] , [[ 450 1073]]
[[ 448 1072]] , [[ 448 1074]]
[[ 448 1072]] , [[ 448 1074]]
[[ 448 1072]] , [[ 448 1075]]
[[ 649 1074]] , [[ 648 1075]]
[[  86 1000]] , [[  85 1001]]
[[  86 1000]] , [[  85 1001]]
[[ 197 1012]] , [[ 197 1017]]
[[ 200 1011]] , [[ 200 1015]]
[[ 455 1072]] , [[ 455 1073]]
[[ 200 1008]] , [[ 200 1009]]
[[ 454 1074]] , [[ 454 1081]]
[[ 456 1074]] , [[ 456 1081]]
[[ 466 1074]] , [[ 466 1075]]
[[ 469 1077]] , [[ 468 1078]]
[[ 198 1014]] , [[ 198 1019]]
[[ 658 1083]] , [[ 658 1087]]
[[ 466 1090]] , [[ 466 1092]]
[[ 471 1092]] , [[ 470 1093]]
[[ 473 1092]] , [[ 472 1093]]
[[ 673 1092]] , [[ 672 1093]]
[[ 475 1088]] , [[ 475 1089]]
[[ 480 1086]] , [[ 479 1087]]
[[ 480 1084]] , [[ 480 1089]]
[[495 896]] , [[494 897]]
[[488 894]] , [[488 895]]
[[488 892]] , [[488 903]]
[[490 892]] , [[490 917]]
[[492 892]] , [[492 917]]
[[496 892]] , [[496 901]]
[[500 893]] , [[500 895]]
[[502 893]] , [[502 907]]
[[506 892]] , [[506 893]]
[[508 910]] , [[508 911]]
[[510 920]] , [[510 927]]
[[511 955]] , [[511 957]]
[[ 513 1038]] , [[ 513 1043]]
[[514 992]] , [[514 993]]
[[484 996]] , [[483 997]]
[[480 996]] , [[480 997]]
[[482 996]] , [[482 997]]
[[486 996]] , [[486 997]]
[[486 996]] , [[486 997]]
[[ 331 1078]] , [[ 330 1079]]
[[494 996]] , [[494 997]]
[[502 996]] , [[502 997]]
[[560 908]] , [[559 909]]
[[ 743 1201]] , [[ 744 1200]]
[[ 752 1122]] , [[ 752 1123]]
[[ 754 1162]] , [[ 754 1169]]
[[ 756 1163]] , [[ 756 1167]]
[[ 745 1244]] , [[ 744 1245]]
[[ 568 1080]] , [[ 568 1083]]
[[ 373 1213]] , [[ 373 1215]]
[[ 574 1081]] , [[ 573 1082]]
[[ 376 1141]] , [[ 376 1145]]
[[ 576 1080]] , [[ 576 1089]]
[[ 372 1078]] , [[ 372 1095]]
[[ 374 1079]] , [[ 374 1093]]
[[ 584 1078]] , [[ 584 1081]]
[[ 768 1236]] , [[ 768 1251]]
[[ 370 1000]] , [[ 370 1001]]
[[ 407 1150]] , [[ 407 1151]]
[[473 999]] , [[ 472 1000]]
[[ 233 1186]] , [[ 234 1185]]
[[400 996]] , [[ 400 1011]]
[[ 251 1008]] , [[ 252 1007]]
[[ 183 1022]] , [[ 184 1021]]
[[395 901]] , [[395 905]]
[[ 235 1184]] , [[ 236 1183]]
[[ 239 1186]] , [[ 240 1185]]
[[ 192 1066]] , [[ 192 1102]]
[[ 195 1019]] , [[ 194 1020]]
[[ 192 1046]] , [[ 192 1053]]
[[ 194 1048]] , [[ 194 1055]]
[[ 414 1076]] , [[ 414 1083]]
[[ 414 1076]] , [[ 414 1083]]
[[ 618 1080]] , [[ 618 1081]]
[[ 199 1086]] , [[ 199 1093]]
[[ 618 1081]] , [[ 618 1085]]
[[ 201 1090]] , [[ 201 1095]]
[[ 200 1100]] , [[ 200 1103]]
[[ 622 1082]] , [[ 622 1083]]
[[ 627 1081]] , [[ 626 1082]]
[[ 622 1082]] , [[ 622 1083]]
[[ 624 1082]] , [[ 624 1083]]
[[ 624 1082]] , [[ 624 1083]]
[[ 629 1080]] , [[ 629 1081]]
[[ 622 1080]] , [[ 622 1081]]
[[ 622 1080]] , [[ 622 1081]]
[[ 629 1080]] , [[ 628 1081]]
[[ 629 1080]] , [[ 628 1081]]
[[ 205 1100]] , [[ 205 1101]]
[[ 620 1080]] , [[ 620 1083]]
[[ 620 1080]] , [[ 620 1083]]
[[ 620 1080]] , [[ 620 1083]]
[[ 620 1080]] , [[ 620 1083]]
[[ 620 1079]] , [[ 620 1081]]
[[ 620 1079]] , [[ 620 1081]]
[[ 620 1078]] , [[ 620 1081]]
[[ 620 1078]] , [[ 620 1081]]
[[ 620 1078]] , [[ 620 1081]]
[[ 620 1078]] , [[ 620 1081]]
[[ 620 1078]] , [[ 620 1085]]
[[ 620 1078]] , [[ 620 1085]]
[[ 620 1078]] , [[ 620 1085]]
[[ 202 1100]] , [[ 202 1105]]
[[ 203 1100]] , [[ 203 1105]]
[[ 203 1100]] , [[ 203 1104]]
[[ 203 1102]] , [[ 203 1105]]
[[ 203 1104]] , [[ 203 1107]]
[[ 204 1108]] , [[ 204 1113]]
[[ 292 1170]] , [[ 291 1171]]
[[ 203 1114]] , [[ 202 1115]]
[[ 345 1172]] , [[ 344 1173]]
[[ 609 1308]] , [[ 609 1309]]
[[ 200 1112]] , [[ 200 1117]]
[[ 328 1172]] , [[ 327 1173]]
[[ 622 1080]] , [[ 622 1081]]
[[ 200 1104]] , [[ 200 1110]]
[[ 200 1102]] , [[ 200 1105]]
[[ 198 1098]] , [[ 198 1113]]
[[ 198 1092]] , [[ 198 1093]]
[[ 192 1088]] , [[ 192 1111]]
[[ 408 1082]] , [[ 408 1085]]
[[ 615 1084]] , [[ 613 1086]]
[[ 604 1086]] , [[ 604 1091]]
[[ 182 1150]] , [[ 182 1151]]
[[ 598 1086]] , [[ 598 1091]]
[[ 397 1094]] , [[ 397 1099]]
[[ 581 1302]] , [[ 579 1304]]
[[ 580 1301]] , [[ 579 1302]]
[[ 566 1300]] , [[ 566 1301]]
[[ 558 1300]] , [[ 558 1301]]
[[ 352 1312]] , [[ 352 1314]]
[[ 398 1174]] , [[ 397 1175]]
[[ 402 1176]] , [[ 401 1177]]
[[ 714 1296]] , [[ 714 1297]]
[[ 706 1296]] , [[ 706 1299]]
[[ 519 1308]] , [[ 519 1309]]
[[ 400 1184]] , [[ 399 1185]]
[[ 504 1304]] , [[ 504 1309]]
[[ 500 1302]] , [[ 500 1303]]
[[ 507 1346]] , [[ 508 1345]]
[[ 495 1250]] , [[ 496 1249]]
[[ 148 1168]] , [[ 147 1169]]
[[ 287 1074]] , [[ 287 1075]]
[[ 484 1072]] , [[ 484 1090]]
[[ 158 1166]] , [[ 157 1167]]
[[ 482 1074]] , [[ 482 1084]]
[[ 274 1076]] , [[ 274 1106]]
[[ 164 1167]] , [[ 163 1168]]
[[ 471 1294]] , [[ 471 1295]]
[[ 272 1076]] , [[ 272 1077]]
[[ 271 1076]] , [[ 271 1077]]
[[ 160 1166]] , [[ 159 1167]]
[[ 648 1290]] , [[ 648 1291]]
[[ 269 1077]] , [[ 268 1078]]
[[ 269 1077]] , [[ 268 1078]]
[[ 270 1078]] , [[ 270 1081]]
[[ 670 1072]] , [[ 670 1073]]
[[ 130 1168]] , [[ 129 1169]]
[[ 266 1080]] , [[ 266 1089]]
[[ 668 1072]] , [[ 668 1073]]
[[ 670 1072]] , [[ 670 1073]]
[[ 670 1070]] , [[ 670 1073]]
[[ 675 1070]] , [[ 675 1071]]
[[ 278 1086]] , [[ 278 1087]]
[[ 284 1084]] , [[ 284 1085]]
[[ 676 1070]] , [[ 676 1071]]
[[ 678 1070]] , [[ 678 1073]]
[[ 288 1082]] , [[ 288 1085]]
[[ 690 1070]] , [[ 690 1071]]
[[ 151 1166]] , [[ 150 1167]]
[[ 296 1076]] , [[ 296 1081]]
[[ 510 1072]] , [[ 510 1081]]
[[ 162 1168]] , [[ 162 1169]]
[[ 520 1118]] , [[ 520 1119]]
[[ 725 1066]] , [[ 725 1067]]
[[ 522 1168]] , [[ 522 1169]]
[[ 188 1166]] , [[ 187 1167]]
[[ 200 1166]] , [[ 199 1167]]
[[ 554 1085]] , [[ 554 1093]]
[[ 726 1292]] , [[ 726 1293]]
[[ 731 1292]] , [[ 731 1293]]
[[ 406 1170]] , [[ 406 1175]]
[[ 287 1338]] , [[ 288 1337]]
[[ 406 1170]] , [[ 406 1171]]
[[ 762 1286]] , [[ 762 1290]]
[[ 770 1286]] , [[ 770 1289]]
[[ 178 1102]] , [[ 178 1112]]
[[ 182 1070]] , [[ 182 1109]]
[[ 186 1014]] , [[ 186 1019]]
[[ 608 1080]] , [[ 608 1083]]
[[ 351 1171]] , [[ 350 1172]]
[[ 614 1080]] , [[ 614 1085]]
[[ 199 1110]] , [[ 199 1111]]
[[ 347 1166]] , [[ 346 1167]]
[[ 624 1074]] , [[ 624 1077]]
[[ 628 1070]] , [[ 628 1071]]
[[ 422 1066]] , [[ 422 1073]]
[[274 996]] , [[274 997]]
[[294 996]] , [[293 997]]
[[ 733 1000]] , [[ 732 1001]]
[[ 266 1000]] , [[ 265 1001]]
[[ 434 1073]] , [[ 434 1107]]
[[ 262 1000]] , [[ 261 1001]]
[[256 998]] , [[255 999]]
[[276 997]] , [[275 998]]
[[294 997]] , [[ 294 1001]]
[[ 433 1302]] , [[ 432 1303]]
[[ 630 1296]] , [[ 629 1297]]
[[ 530 1338]] , [[ 530 1339]]
[[ 248 1346]] , [[ 248 1347]]
[[ 402 1342]] , [[ 402 1353]]
[[ 356 1342]] , [[ 356 1343]]
[[ 350 1344]] , [[ 350 1351]]
[[ 403 1346]] , [[ 403 1355]]
[[ 258 1346]] , [[ 258 1359]]
[[ 308 1344]] , [[ 308 1345]]
[[ 308 1344]] , [[ 308 1345]]
[[ 338 1346]] , [[ 338 1351]]
[[ 464 1346]] , [[ 464 1347]]
[[ 490 1346]] , [[ 490 1347]]
