[[481 206]] , [[482 205]]
[[ 656 1246]] , [[ 656 1247]]
[[ 268 1298]] , [[ 268 1302]]
[[ 732 1428]] , [[ 732 1433]]
[[  44 1086]] , [[  44 1095]]
[[  10 1038]] , [[  10 1039]]
[[   0 1080]] , [[   0 1135]]
[[  34 1050]] , [[  34 1057]]
[[ 656 1372]] , [[ 656 1377]]
[[  72 1262]] , [[  72 1263]]
[[ 735 1469]] , [[ 735 1473]]
[[ 688 1430]] , [[ 688 1434]]
[[ 554 1482]] , [[ 554 1486]]
[[ 750 1468]] , [[ 750 1472]]
[[ 736 1484]] , [[ 736 1489]]
[[ 750 1470]] , [[ 750 1475]]
[[ 684 1556]] , [[ 684 1561]]
[[ 604 1558]] , [[ 604 1561]]
[[ 588 1568]] , [[ 588 1575]]
[[ 748 1468]] , [[ 748 1472]]
[[ 732 1469]] , [[ 731 1470]]
[[ 733 1469]] , [[ 732 1470]]
[[ 600 1562]] , [[ 600 1567]]
[[ 720 1430]] , [[ 720 1435]]
[[ 788 1560]] , [[ 788 1567]]
[[ 490 1544]] , [[ 490 1551]]
[[ 766 1568]] , [[ 766 1573]]
[[ 649 1558]] , [[ 649 1562]]
[[ 796 1558]] , [[ 796 1559]]
[[ 684 1550]] , [[ 684 1557]]
[[ 610 1564]] , [[ 610 1565]]
[[ 632 1370]] , [[ 632 1371]]
[[ 654 1478]] , [[ 654 1487]]
[[ 814 1558]] , [[ 814 1565]]
[[ 622 1550]] , [[ 622 1557]]
[[ 672 1486]] , [[ 672 1491]]
[[ 654 1478]] , [[ 654 1487]]
[[ 556 1484]] , [[ 556 1488]]
[[ 556 1484]] , [[ 556 1488]]
[[ 730 1469]] , [[ 730 1473]]
[[ 834 1560]] , [[ 834 1565]]
[[ 525 1477]] , [[ 525 1481]]
[[ 460 1486]] , [[ 460 1491]]
[[ 682 1409]] , [[ 682 1415]]
[[ 714 1552]] , [[ 714 1557]]
[[ 572 1558]] , [[ 572 1561]]
[[ 576 1558]] , [[ 576 1561]]
[[ 714 1552]] , [[ 714 1557]]
[[ 572 1558]] , [[ 572 1561]]
[[ 612 1552]] , [[ 612 1557]]
[[ 612 1552]] , [[ 612 1557]]
[[ 684 1550]] , [[ 684 1555]]
[[ 570 1556]] , [[ 570 1559]]
[[ 552 1564]] , [[ 552 1565]]
[[ 594 1564]] , [[ 594 1569]]
[[ 712 1552]] , [[ 712 1553]]
[[ 612 1546]] , [[ 612 1551]]
[[ 712 1552]] , [[ 712 1553]]
[[ 422 1483]] , [[ 422 1484]]
[[ 730 1469]] , [[ 729 1470]]
[[ 710 1473]] , [[ 710 1477]]
[[ 730 1469]] , [[ 729 1470]]
[[ 638 1474]] , [[ 638 1479]]
[[ 738 1430]] , [[ 738 1435]]
[[ 712 1473]] , [[ 712 1477]]
[[ 646 1474]] , [[ 645 1475]]
[[ 618 1480]] , [[ 618 1484]]
[[ 646 1474]] , [[ 645 1475]]
[[ 730 1469]] , [[ 729 1470]]
[[ 698 1472]] , [[ 698 1477]]
[[ 738 1430]] , [[ 738 1435]]
[[ 660 1370]] , [[ 660 1375]]
[[ 700 1470]] , [[ 700 1471]]
[[   1 1230]] , [[   1 1231]]
[[   8 1244]] , [[   8 1249]]
[[ 641 1328]] , [[ 641 1332]]
[[ 699 1470]] , [[ 699 1474]]
[[ 439 1482]] , [[ 438 1483]]
[[ 438 1482]] , [[ 437 1483]]
[[ 750 1468]] , [[ 750 1472]]
[[ 618 1548]] , [[ 618 1553]]
[[ 676 1530]] , [[ 676 1535]]
[[ 452 1483]] , [[ 452 1487]]
[[ 704 1471]] , [[ 704 1475]]
[[ 676 1530]] , [[ 676 1535]]
[[ 530 1564]] , [[ 530 1568]]
[[ 776 1550]] , [[ 776 1555]]
[[ 676 1530]] , [[ 676 1535]]
[[ 692 1551]] , [[ 692 1555]]
[[ 776 1550]] , [[ 776 1555]]
[[ 776 1550]] , [[ 776 1555]]
[[ 672 1424]] , [[ 672 1428]]
[[ 656 1402]] , [[ 656 1407]]
[[ 739 1468]] , [[ 738 1469]]
[[ 720 1428]] , [[ 720 1433]]
[[ 556 1548]] , [[ 556 1553]]
[[ 720 1564]] , [[ 720 1567]]
[[ 784 1562]] , [[ 784 1569]]
[[ 784 1562]] , [[ 784 1563]]
[[ 349 1488]] , [[ 349 1492]]
[[ 567 1547]] , [[ 567 1551]]
[[ 698 1470]] , [[ 698 1471]]
[[ 546 1550]] , [[ 546 1555]]
[[ 561 1548]] , [[ 559 1550]]
[[ 514 1480]] , [[ 514 1488]]
[[ 668 1338]] , [[ 668 1343]]
[[ 727 1470]] , [[ 725 1472]]
[[ 732 1470]] , [[ 732 1475]]
[[ 688 1552]] , [[ 688 1557]]
[[ 668 1338]] , [[ 668 1343]]
[[ 568 1484]] , [[ 568 1488]]
[[ 568 1484]] , [[ 568 1488]]
[[ 724 1430]] , [[ 724 1435]]
[[ 353 1086]] , [[ 352 1087]]
[[ 548 1547]] , [[ 548 1551]]
[[ 704 1368]] , [[ 704 1373]]
[[ 520 1484]] , [[ 520 1488]]
[[ 720 1430]] , [[ 720 1435]]
[[ 720 1430]] , [[ 720 1435]]
[[ 664 1298]] , [[ 664 1299]]
[[ 720 1430]] , [[ 720 1435]]
[[ 240 1368]] , [[ 240 1372]]
[[ 720 1476]] , [[ 720 1481]]
[[ 720 1476]] , [[ 720 1481]]
[[ 700 1542]] , [[ 700 1557]]
[[ 526 1476]] , [[ 526 1477]]
[[ 566 1558]] , [[ 566 1563]]
[[ 702 1550]] , [[ 702 1555]]
[[ 568 1558]] , [[ 568 1563]]
[[ 634 1568]] , [[ 634 1573]]
[[ 801 1564]] , [[ 801 1568]]
[[ 801 1564]] , [[ 801 1568]]
[[ 702 1564]] , [[ 702 1569]]
[[ 702 1564]] , [[ 701 1565]]
[[ 780 1566]] , [[ 780 1567]]
[[ 801 1564]] , [[ 801 1568]]
[[ 706 1548]] , [[ 706 1549]]
[[ 514 1478]] , [[ 514 1482]]
[[ 730 1550]] , [[ 730 1555]]
[[ 746 1566]] , [[ 746 1567]]
[[ 766 1566]] , [[ 766 1567]]
[[ 573 1550]] , [[ 573 1552]]
[[ 678 1428]] , [[ 678 1432]]
[[ 704 1372]] , [[ 704 1377]]
[[ 678 1428]] , [[ 678 1433]]
[[ 704 1550]] , [[ 704 1551]]
[[ 670 1418]] , [[ 670 1423]]
[[ 527 1476]] , [[ 526 1477]]
[[ 527 1476]] , [[ 526 1477]]
[[  71 1462]] , [[  70 1463]]
[[ 704 1550]] , [[ 704 1551]]
[[ 638 1478]] , [[ 638 1484]]
[[ 842 1568]] , [[ 842 1572]]
[[ 680 1430]] , [[ 680 1434]]
[[ 524 1476]] , [[ 524 1481]]
[[ 684 1326]] , [[ 684 1327]]
[[ 720 1432]] , [[ 720 1436]]
[[ 638 1478]] , [[ 638 1485]]
[[ 726 1568]] , [[ 726 1573]]
[[ 556 1574]] , [[ 556 1578]]
[[ 512 1576]] , [[ 512 1581]]
[[ 510 1576]] , [[ 510 1581]]
[[ 474 1577]] , [[ 474 1581]]
[[ 510 1576]] , [[ 510 1581]]
[[ 556 1572]] , [[ 556 1578]]
[[ 522 1575]] , [[ 522 1579]]
[[ 554 1572]] , [[ 554 1577]]
[[ 746 1568]] , [[ 746 1574]]
[[ 746 1568]] , [[ 746 1574]]
[[ 782 1786]] , [[ 782 1791]]
[[ 700 1794]] , [[ 700 1798]]
[[ 556 1574]] , [[ 556 1578]]
[[ 546 1568]] , [[ 546 1573]]
[[ 574 1566]] , [[ 574 1567]]
[[ 546 1568]] , [[ 546 1573]]
[[ 850 1558]] , [[ 850 1561]]
[[ 572 1566]] , [[ 572 1573]]
[[ 722 1564]] , [[ 722 1569]]
[[ 576 1788]] , [[ 576 1793]]
[[ 572 1780]] , [[ 572 1785]]
[[ 496 1796]] , [[ 496 1801]]
[[ 476 1806]] , [[ 476 1815]]
[[ 288 1579]] , [[ 288 1583]]
[[ 498 1577]] , [[ 498 1581]]
[[ 784 1566]] , [[ 784 1567]]
[[ 290 1579]] , [[ 290 1583]]
[[ 472 1576]] , [[ 471 1577]]
[[ 510 1576]] , [[ 510 1581]]
[[ 408 1578]] , [[ 408 1582]]
[[ 702 1792]] , [[ 702 1799]]
[[ 720 1644]] , [[ 720 1649]]
[[ 722 1644]] , [[ 722 1649]]
[[ 720 1644]] , [[ 720 1649]]
[[ 776 1636]] , [[ 776 1641]]
[[ 776 1636]] , [[ 776 1641]]
[[ 776 1636]] , [[ 776 1641]]
[[ 570 1736]] , [[ 570 1745]]
[[ 470 1577]] , [[ 470 1581]]
[[ 510 1577]] , [[ 510 1581]]
[[ 790 1634]] , [[ 790 1639]]
[[ 529 1736]] , [[ 529 1743]]
[[ 470 1577]] , [[ 470 1581]]
[[ 472 1576]] , [[ 471 1577]]
[[ 809 1564]] , [[ 809 1568]]
[[ 746 1570]] , [[ 746 1575]]
[[ 621 1568]] , [[ 620 1569]]
[[ 790 1634]] , [[ 790 1639]]
[[ 724 1644]] , [[ 724 1645]]
[[ 492 1577]] , [[ 492 1581]]
[[ 490 1576]] , [[ 490 1581]]
[[ 722 1644]] , [[ 722 1649]]
[[  38 1810]] , [[  38 1815]]
[[  36 1812]] , [[  36 1813]]
[[ 846 1568]] , [[ 846 1572]]
[[ 592 1792]] , [[ 592 1796]]
[[ 474 1577]] , [[ 474 1581]]
[[ 848 1568]] , [[ 848 1573]]
[[ 602 1567]] , [[ 600 1569]]
[[ 852 1566]] , [[ 852 1567]]
[[ 588 1566]] , [[ 588 1571]]
[[ 603 1567]] , [[ 602 1568]]
[[ 576 1564]] , [[ 576 1569]]
[[ 576 1564]] , [[ 576 1569]]
[[ 576 1564]] , [[ 576 1569]]
[[ 588 1566]] , [[ 588 1571]]
[[ 800 1562]] , [[ 800 1567]]
[[ 844 1559]] , [[ 844 1567]]
[[ 590 1566]] , [[ 590 1567]]
[[ 603 1567]] , [[ 602 1568]]
[[ 802 1562]] , [[ 802 1567]]
[[ 712 1566]] , [[ 712 1573]]
[[ 602 1568]] , [[ 602 1575]]
[[ 603 1566]] , [[ 603 1571]]
[[ 804 1562]] , [[ 804 1567]]
[[ 804 1562]] , [[ 804 1567]]
[[ 764 1564]] , [[ 764 1574]]
[[ 712 1566]] , [[ 712 1574]]
[[ 707 1432]] , [[ 707 1436]]
[[ 698 1568]] , [[ 698 1573]]
[[ 602 1568]] , [[ 602 1573]]
[[ 764 1564]] , [[ 764 1569]]
[[ 686 1372]] , [[ 686 1377]]
[[ 611 1552]] , [[ 607 1556]]
[[ 628 1552]] , [[ 628 1557]]
[[ 700 1474]] , [[ 700 1478]]
[[ 666 1339]] , [[ 666 1343]]
[[   1 1180]] , [[   1 1184]]
[[ 666 1339]] , [[ 666 1343]]
[[ 240 1370]] , [[ 240 1374]]
[[ 684 1556]] , [[ 684 1561]]
[[ 238 1370]] , [[ 238 1374]]
[[  88 1266]] , [[  86 1268]]
[[ 666 1339]] , [[ 666 1343]]
[[ 684 1376]] , [[ 684 1380]]
[[ 372 1086]] , [[ 372 1091]]
[[ 666 1339]] , [[ 666 1343]]
[[ 240 1370]] , [[ 240 1374]]
[[ 168 1369]] , [[ 168 1373]]
[[ 723 1471]] , [[ 722 1472]]
[[ 240 1370]] , [[ 240 1374]]
[[ 240 1370]] , [[ 240 1374]]
[[ 641 1266]] , [[ 641 1273]]
[[ 727 1470]] , [[ 726 1471]]
[[ 732 1480]] , [[ 732 1487]]
[[ 735 1468]] , [[ 734 1469]]
[[ 735 1468]] , [[ 734 1469]]
[[ 428 1514]] , [[ 428 1518]]
[[ 732 1480]] , [[ 732 1487]]
[[ 704 1566]] , [[ 704 1567]]
[[ 428 1514]] , [[ 428 1518]]
[[ 736 1468]] , [[ 736 1475]]
[[ 704 1470]] , [[ 704 1474]]
[[ 720 1472]] , [[ 718 1474]]
[[ 616 1552]] , [[ 616 1559]]
[[ 784 1568]] , [[ 784 1572]]
[[ 784 1568]] , [[ 784 1572]]
[[ 694 1554]] , [[ 694 1555]]
[[ 664 1339]] , [[ 664 1343]]
[[ 664 1339]] , [[ 664 1343]]
[[  72 1276]] , [[  71 1277]]
[[ 240 1370]] , [[ 240 1374]]
[[ 664 1339]] , [[ 664 1343]]
[[ 219 1292]] , [[ 219 1296]]
[[ 240 1370]] , [[ 240 1374]]
[[ 219 1292]] , [[ 219 1296]]
[[ 666 1339]] , [[ 666 1343]]
[[ 737 1468]] , [[ 736 1469]]
[[ 666 1339]] , [[ 666 1343]]
[[ 672 1368]] , [[ 672 1373]]
[[ 706 1472]] , [[ 706 1477]]
[[ 664 1550]] , [[ 664 1555]]
[[ 810 1556]] , [[ 810 1557]]
[[ 736 1468]] , [[ 736 1473]]
[[ 744 1431]] , [[ 744 1435]]
[[ 740 1468]] , [[ 740 1475]]
[[ 720 1472]] , [[ 719 1473]]
[[ 721 1472]] , [[ 720 1473]]
[[ 740 1468]] , [[ 740 1473]]
[[ 697 1368]] , [[ 696 1369]]
[[168 570]] , [[168 571]]
[[ 697 1368]] , [[ 696 1369]]
[[ 742 1468]] , [[ 742 1472]]
[[ 647 1334]] , [[ 647 1338]]
[[ 671 1338]] , [[ 670 1339]]
[[ 647 1334]] , [[ 647 1338]]
[[  76 1274]] , [[  75 1275]]
[[ 666 1338]] , [[ 666 1343]]
[[  76 1274]] , [[  75 1275]]
[[ 666 1338]] , [[ 666 1343]]
[[ 669 1338]] , [[ 668 1339]]
[[ 706 1471]] , [[ 706 1475]]
[[ 725 1058]] , [[ 726 1057]]
[[168 572]] , [[168 573]]
[[ 725 1058]] , [[ 726 1057]]
[[601 920]] , [[602 919]]
[[ 723 1054]] , [[ 724 1053]]
[[ 723 1054]] , [[ 724 1053]]
[[170 570]] , [[170 571]]
[[170 570]] , [[170 571]]
[[ 716 1432]] , [[ 716 1437]]
[[ 564 1570]] , [[ 564 1571]]
[[ 752 1572]] , [[ 752 1577]]
[[ 564 1570]] , [[ 564 1575]]
[[   2 1054]] , [[   2 1059]]
[[ 710 1432]] , [[ 710 1437]]
[[   5 1048]] , [[   5 1052]]
[[480 919]] , [[489 919]]
[[669 918]] , [[670 917]]
[[178 572]] , [[178 573]]
[[196 571]] , [[195 572]]
[[   2 1036]] , [[   2 1037]]
[[ 544 1474]] , [[ 544 1481]]
[[ 738 1468]] , [[ 737 1469]]
[[  68 1254]] , [[  68 1258]]
[[ 674 1420]] , [[ 674 1421]]
[[208 568]] , [[208 569]]
[[ 731 1469]] , [[ 731 1473]]
[[207 564]] , [[205 566]]
[[ 732 1469]] , [[ 732 1473]]
[[   0 1036]] , [[   0 1041]]
[[ 704 1471]] , [[ 704 1475]]
[[ 704 1471]] , [[ 704 1475]]
[[ 700 1544]] , [[ 700 1549]]
[[ 704 1471]] , [[ 704 1475]]
[[ 704 1472]] , [[ 704 1477]]
[[ 522 1570]] , [[ 522 1579]]
[[ 522 1570]] , [[ 522 1579]]
[[ 458 1484]] , [[ 458 1489]]
[[ 557 1474]] , [[ 556 1475]]
[[ 702 1470]] , [[ 702 1474]]
[[ 526 1474]] , [[ 525 1475]]
[[ 750 1468]] , [[ 750 1472]]
[[ 704 1471]] , [[ 704 1475]]
[[ 738 1480]] , [[ 738 1485]]
[[ 522 1476]] , [[ 522 1483]]
[[ 754 1468]] , [[ 754 1475]]
[[ 546 1560]] , [[ 546 1567]]
[[ 556 1570]] , [[ 556 1575]]
[[ 546 1560]] , [[ 546 1563]]
[[ 546 1560]] , [[ 546 1563]]
[[ 762 1812]] , [[ 762 1817]]
[[ 558 1482]] , [[ 558 1486]]
[[ 616 1550]] , [[ 616 1561]]
[[ 558 1568]] , [[ 558 1573]]
[[ 568 1568]] , [[ 568 1573]]
[[ 556 1568]] , [[ 556 1573]]
[[ 812 1562]] , [[ 812 1566]]
[[ 812 1562]] , [[ 812 1566]]
[[ 736 1568]] , [[ 736 1572]]
[[ 792 1560]] , [[ 792 1568]]
[[ 736 1568]] , [[ 736 1572]]
[[ 792 1560]] , [[ 792 1563]]
[[ 792 1560]] , [[ 792 1563]]
[[ 556 1483]] , [[ 556 1487]]
[[ 706 1471]] , [[ 706 1477]]
[[ 650 1372]] , [[ 650 1377]]
[[ 608 1566]] , [[ 608 1567]]
[[ 792 1560]] , [[ 792 1563]]
[[ 526 1568]] , [[ 526 1579]]
[[ 608 1566]] , [[ 608 1567]]
[[ 524 1548]] , [[ 524 1553]]
[[ 542 1478]] , [[ 542 1483]]
[[ 608 1564]] , [[ 608 1569]]
[[ 522 1550]] , [[ 522 1555]]
[[ 748 1570]] , [[ 748 1574]]
[[ 833 1566]] , [[ 833 1570]]
[[ 834 1564]] , [[ 834 1565]]
[[ 732 1469]] , [[ 731 1470]]
[[ 733 1469]] , [[ 732 1470]]
[[ 556 1368]] , [[ 556 1372]]
[[ 556 1368]] , [[ 556 1372]]
[[ 727 1470]] , [[ 726 1471]]
[[ 748 1370]] , [[ 748 1377]]
[[ 688 1430]] , [[ 688 1434]]
[[ 218 1299]] , [[ 218 1303]]
[[ 218 1298]] , [[ 218 1302]]
[[ 732 1469]] , [[ 731 1470]]
[[ 688 1430]] , [[ 688 1435]]
[[ 524 1476]] , [[ 524 1481]]
[[ 592 1560]] , [[ 592 1567]]
[[ 654 1476]] , [[ 654 1481]]
[[ 460 1484]] , [[ 460 1489]]
[[ 730 1469]] , [[ 729 1470]]
[[ 732 1469]] , [[ 731 1470]]
[[ 625 1478]] , [[ 625 1482]]
[[ 664 1560]] , [[ 664 1567]]
[[ 704 1560]] , [[ 704 1561]]
[[ 748 1370]] , [[ 748 1375]]
[[ 834 1562]] , [[ 834 1563]]
[[ 560 1568]] , [[ 560 1569]]
[[ 726 1570]] , [[ 726 1575]]
[[ 462 1576]] , [[ 462 1581]]
[[ 564 1810]] , [[ 564 1819]]
[[ 519 1792]] , [[ 519 1797]]
[[ 780 1636]] , [[ 780 1641]]
[[  60 1582]] , [[  60 1586]]
[[ 462 1577]] , [[ 462 1581]]
[[ 556 1482]] , [[ 556 1489]]
[[ 558 1552]] , [[ 558 1557]]
[[ 638 1474]] , [[ 638 1483]]
[[ 556 1482]] , [[ 556 1488]]
[[ 638 1474]] , [[ 638 1483]]
[[ 278 1579]] , [[ 278 1583]]
[[ 278 1579]] , [[ 278 1583]]
[[ 866 1566]] , [[ 866 1571]]
[[ 746 1570]] , [[ 746 1575]]
[[ 748 1568]] , [[ 748 1569]]
[[ 546 1736]] , [[ 546 1740]]
[[ 546 1738]] , [[ 546 1743]]
[[ 844 1562]] , [[ 844 1567]]
[[ 844 1562]] , [[ 844 1563]]
[[ 780 1634]] , [[ 780 1639]]
[[ 598 1558]] , [[ 598 1567]]
[[ 572 1812]] , [[ 572 1817]]
[[ 616 1810]] , [[ 616 1815]]
[[ 798 1636]] , [[ 798 1641]]
[[ 252 1579]] , [[ 252 1583]]
[[ 554 1782]] , [[ 554 1787]]
[[ 704 1786]] , [[ 704 1793]]
[[ 254 1578]] , [[ 254 1583]]
[[ 266 1579]] , [[ 266 1583]]
[[ 844 1562]] , [[ 844 1567]]
[[ 598 1554]] , [[ 598 1555]]
[[ 598 1554]] , [[ 598 1555]]
[[ 792 1560]] , [[ 792 1567]]
[[ 658 1565]] , [[ 658 1569]]
[[ 617 1808]] , [[ 617 1812]]
[[ 625 1782]] , [[ 625 1786]]
[[ 625 1782]] , [[ 625 1786]]
[[ 860 1808]] , [[ 860 1809]]
[[ 666 1558]] , [[ 666 1563]]
[[ 920 1594]] , [[ 920 1598]]
[[ 920 1594]] , [[ 920 1598]]
[[ 400 1578]] , [[ 400 1582]]
[[ 690 1648]] , [[ 690 1655]]
[[ 507 1566]] , [[ 507 1575]]
[[ 920 1594]] , [[ 920 1598]]
[[ 422 1577]] , [[ 422 1581]]
[[ 584 1748]] , [[ 584 1755]]
[[ 588 1680]] , [[ 588 1697]]
[[ 732 1774]] , [[ 732 1779]]
[[ 509 1568]] , [[ 509 1569]]
[[ 741 1817]] , [[ 741 1822]]
[[ 508 1751]] , [[ 508 1759]]
[[ 776 1808]] , [[ 776 1817]]
[[ 726 1778]] , [[ 726 1783]]
[[ 824 1816]] , [[ 824 1820]]
[[ 564 1802]] , [[ 564 1807]]
[[ 754 1802]] , [[ 754 1803]]
[[ 758 1796]] , [[ 758 1797]]
[[ 572 1784]] , [[ 572 1789]]
[[ 748 1570]] , [[ 748 1575]]
[[ 772 1810]] , [[ 772 1815]]
[[ 622 1790]] , [[ 622 1802]]
[[ 348 1579]] , [[ 348 1583]]
[[ 524 1574]] , [[ 523 1575]]
[[ 348 1579]] , [[ 348 1583]]
[[ 524 1574]] , [[ 523 1575]]
[[ 416 1578]] , [[ 416 1582]]
[[ 766 1568]] , [[ 766 1572]]
[[ 748 1568]] , [[ 748 1569]]
[[ 780 1638]] , [[ 780 1643]]
[[ 482 1776]] , [[ 482 1783]]
[[ 484 1776]] , [[ 484 1783]]
[[ 688 1762]] , [[ 688 1769]]
[[ 484 1776]] , [[ 484 1783]]
[[ 549 1738]] , [[ 549 1743]]
[[ 728 1778]] , [[ 728 1783]]
[[ 728 1778]] , [[ 728 1783]]
[[ 414 1577]] , [[ 414 1581]]
[[ 740 1766]] , [[ 740 1770]]
[[ 740 1766]] , [[ 740 1770]]
[[ 541 1782]] , [[ 541 1787]]
[[ 730 1766]] , [[ 730 1767]]
[[ 766 1568]] , [[ 766 1573]]
[[ 776 1564]] , [[ 776 1569]]
[[ 671 1424]] , [[ 671 1428]]
[[ 730 1469]] , [[ 729 1470]]
[[ 730 1469]] , [[ 729 1470]]
[[ 744 1570]] , [[ 744 1574]]
[[ 448 1762]] , [[ 448 1769]]
[[ 524 1574]] , [[ 524 1579]]
[[ 654 1776]] , [[ 654 1781]]
[[ 560 1740]] , [[ 560 1741]]
[[ 414 1577]] , [[ 414 1581]]
[[ 488 1571]] , [[ 488 1575]]
[[ 414 1577]] , [[ 414 1581]]
[[ 488 1571]] , [[ 488 1575]]
[[ 484 1571]] , [[ 484 1575]]
[[ 554 1564]] , [[ 554 1567]]
[[ 484 1571]] , [[ 484 1575]]
[[ 696 1430]] , [[ 696 1434]]
[[ 748 1468]] , [[ 748 1473]]
[[  86 1444]] , [[  86 1448]]
[[ 734 1468]] , [[ 734 1473]]
[[ 678 1426]] , [[ 678 1431]]
[[ 556 1572]] , [[ 556 1578]]
[[ 560 1566]] , [[ 560 1571]]
[[ 685 1558]] , [[ 685 1562]]
[[ 516 1576]] , [[ 515 1577]]
[[ 560 1566]] , [[ 560 1571]]
[[ 766 1566]] , [[ 766 1573]]
[[ 606 1556]] , [[ 606 1563]]
[[ 684 1556]] , [[ 684 1562]]
[[ 564 1570]] , [[ 564 1571]]
[[ 700 1556]] , [[ 700 1561]]
[[ 549 1550]] , [[ 548 1551]]
[[ 729 1469]] , [[ 729 1473]]
[[ 700 1556]] , [[ 700 1561]]
[[ 630 1474]] , [[ 630 1479]]
[[ 546 1551]] , [[ 546 1555]]
[[ 736 1568]] , [[ 736 1569]]
[[ 756 1569]] , [[ 756 1573]]
[[ 564 1570]] , [[ 564 1571]]
[[ 690 1552]] , [[ 690 1555]]
[[ 510 1576]] , [[ 510 1581]]
[[ 690 1552]] , [[ 690 1555]]
[[ 582 1570]] , [[ 582 1575]]
[[ 696 1428]] , [[ 696 1433]]
[[ 733 1468]] , [[ 732 1469]]
[[ 814 1558]] , [[ 814 1567]]
[[ 518 1476]] , [[ 518 1481]]
[[ 814 1558]] , [[ 814 1567]]
[[ 768 1568]] , [[ 768 1573]]
[[ 696 1566]] , [[ 696 1574]]
[[ 812 1560]] , [[ 812 1566]]
[[ 782 1568]] , [[ 782 1572]]
[[ 812 1558]] , [[ 812 1566]]
[[ 736 1468]] , [[ 735 1469]]
[[ 736 1468]] , [[ 735 1469]]
[[ 730 1432]] , [[ 730 1436]]
[[ 564 1570]] , [[ 564 1571]]
[[ 548 1574]] , [[ 548 1580]]
[[ 564 1570]] , [[ 564 1571]]
[[ 548 1574]] , [[ 548 1580]]
[[ 673 1426]] , [[ 673 1430]]
[[ 656 1246]] , [[ 656 1247]]
[[ 268 1298]] , [[ 268 1302]]
[[ 732 1428]] , [[ 732 1433]]
[[  44 1086]] , [[  44 1095]]
[[  10 1038]] , [[  10 1039]]
[[   0 1080]] , [[   0 1135]]
[[  34 1050]] , [[  34 1057]]
[[ 656 1372]] , [[ 656 1377]]
[[  72 1262]] , [[  72 1263]]
[[ 735 1469]] , [[ 735 1473]]
[[ 688 1430]] , [[ 688 1434]]
[[ 554 1482]] , [[ 554 1486]]
[[ 750 1468]] , [[ 750 1472]]
[[ 736 1484]] , [[ 736 1489]]
[[ 750 1470]] , [[ 750 1475]]
[[ 684 1556]] , [[ 684 1561]]
[[ 604 1558]] , [[ 604 1561]]
[[ 588 1568]] , [[ 588 1575]]
[[ 748 1468]] , [[ 748 1472]]
[[ 732 1469]] , [[ 731 1470]]
[[ 733 1469]] , [[ 732 1470]]
[[ 600 1562]] , [[ 600 1567]]
[[ 720 1430]] , [[ 720 1435]]
[[ 788 1560]] , [[ 788 1567]]
[[ 490 1544]] , [[ 490 1551]]
[[ 766 1568]] , [[ 766 1573]]
[[ 649 1558]] , [[ 649 1562]]
[[ 796 1558]] , [[ 796 1559]]
[[ 684 1550]] , [[ 684 1557]]
[[ 610 1564]] , [[ 610 1565]]
[[ 632 1370]] , [[ 632 1371]]
[[ 654 1478]] , [[ 654 1487]]
[[ 814 1558]] , [[ 814 1565]]
[[ 622 1550]] , [[ 622 1557]]
[[ 672 1486]] , [[ 672 1491]]
[[ 654 1478]] , [[ 654 1487]]
[[ 556 1484]] , [[ 556 1488]]
[[ 556 1484]] , [[ 556 1488]]
[[ 730 1469]] , [[ 730 1473]]
[[ 834 1560]] , [[ 834 1565]]
[[ 525 1477]] , [[ 525 1481]]
[[ 460 1486]] , [[ 460 1491]]
[[ 682 1409]] , [[ 682 1415]]
[[ 714 1552]] , [[ 714 1557]]
[[ 572 1558]] , [[ 572 1561]]
[[ 576 1558]] , [[ 576 1561]]
[[ 714 1552]] , [[ 714 1557]]
[[ 572 1558]] , [[ 572 1561]]
[[ 612 1552]] , [[ 612 1557]]
[[ 612 1552]] , [[ 612 1557]]
[[ 684 1550]] , [[ 684 1555]]
[[ 570 1556]] , [[ 570 1559]]
[[ 552 1564]] , [[ 552 1565]]
[[ 594 1564]] , [[ 594 1569]]
[[ 712 1552]] , [[ 712 1553]]
[[ 612 1546]] , [[ 612 1551]]
[[ 712 1552]] , [[ 712 1553]]
[[ 422 1483]] , [[ 422 1484]]
[[ 730 1469]] , [[ 729 1470]]
[[ 710 1473]] , [[ 710 1477]]
[[ 730 1469]] , [[ 729 1470]]
[[ 638 1474]] , [[ 638 1479]]
[[ 738 1430]] , [[ 738 1435]]
[[ 712 1473]] , [[ 712 1477]]
[[ 646 1474]] , [[ 645 1475]]
[[ 618 1480]] , [[ 618 1484]]
[[ 646 1474]] , [[ 645 1475]]
[[ 730 1469]] , [[ 729 1470]]
[[ 698 1472]] , [[ 698 1477]]
[[ 738 1430]] , [[ 738 1435]]
[[ 660 1370]] , [[ 660 1375]]
[[ 700 1470]] , [[ 700 1471]]
[[   1 1230]] , [[   1 1231]]
[[   8 1244]] , [[   8 1249]]
[[ 641 1328]] , [[ 641 1332]]
[[ 699 1470]] , [[ 699 1474]]
[[ 439 1482]] , [[ 438 1483]]
[[ 438 1482]] , [[ 437 1483]]
[[ 750 1468]] , [[ 750 1472]]
[[ 618 1548]] , [[ 618 1553]]
[[ 676 1530]] , [[ 676 1535]]
[[ 452 1483]] , [[ 452 1487]]
[[ 704 1471]] , [[ 704 1475]]
[[ 676 1530]] , [[ 676 1535]]
[[ 530 1564]] , [[ 530 1568]]
[[ 776 1550]] , [[ 776 1555]]
[[ 676 1530]] , [[ 676 1535]]
[[ 692 1551]] , [[ 692 1555]]
[[ 776 1550]] , [[ 776 1555]]
[[ 776 1550]] , [[ 776 1555]]
[[ 672 1424]] , [[ 672 1428]]
[[ 656 1402]] , [[ 656 1407]]
[[ 739 1468]] , [[ 738 1469]]
[[ 720 1428]] , [[ 720 1433]]
[[ 556 1548]] , [[ 556 1553]]
[[ 720 1564]] , [[ 720 1567]]
[[ 784 1562]] , [[ 784 1569]]
[[ 784 1562]] , [[ 784 1563]]
[[ 349 1488]] , [[ 349 1492]]
[[ 567 1547]] , [[ 567 1551]]
[[ 698 1470]] , [[ 698 1471]]
[[ 546 1550]] , [[ 546 1555]]
[[ 561 1548]] , [[ 559 1550]]
[[ 514 1480]] , [[ 514 1488]]
[[ 668 1338]] , [[ 668 1343]]
[[ 727 1470]] , [[ 725 1472]]
[[ 732 1470]] , [[ 732 1475]]
[[ 688 1552]] , [[ 688 1557]]
[[ 668 1338]] , [[ 668 1343]]
[[ 568 1484]] , [[ 568 1488]]
[[ 568 1484]] , [[ 568 1488]]
[[ 724 1430]] , [[ 724 1435]]
[[ 353 1086]] , [[ 352 1087]]
[[ 548 1547]] , [[ 548 1551]]
[[ 704 1368]] , [[ 704 1373]]
[[ 520 1484]] , [[ 520 1488]]
[[ 720 1430]] , [[ 720 1435]]
[[ 720 1430]] , [[ 720 1435]]
[[ 664 1298]] , [[ 664 1299]]
[[ 720 1430]] , [[ 720 1435]]
[[ 240 1368]] , [[ 240 1372]]
[[ 720 1476]] , [[ 720 1481]]
[[ 720 1476]] , [[ 720 1481]]
[[ 700 1542]] , [[ 700 1557]]
[[ 526 1476]] , [[ 526 1477]]
[[ 566 1558]] , [[ 566 1563]]
[[ 702 1550]] , [[ 702 1555]]
[[ 568 1558]] , [[ 568 1563]]
[[ 634 1568]] , [[ 634 1573]]
[[ 801 1564]] , [[ 801 1568]]
[[ 801 1564]] , [[ 801 1568]]
[[ 702 1564]] , [[ 702 1569]]
[[ 702 1564]] , [[ 701 1565]]
[[ 780 1566]] , [[ 780 1567]]
[[ 801 1564]] , [[ 801 1568]]
[[ 706 1548]] , [[ 706 1549]]
[[ 514 1478]] , [[ 514 1482]]
[[ 730 1550]] , [[ 730 1555]]
[[ 746 1566]] , [[ 746 1567]]
[[ 766 1566]] , [[ 766 1567]]
[[ 573 1550]] , [[ 573 1552]]
[[ 678 1428]] , [[ 678 1432]]
[[ 704 1372]] , [[ 704 1377]]
[[ 678 1428]] , [[ 678 1433]]
[[ 704 1550]] , [[ 704 1551]]
[[ 670 1418]] , [[ 670 1423]]
[[ 527 1476]] , [[ 526 1477]]
[[ 527 1476]] , [[ 526 1477]]
[[  71 1462]] , [[  70 1463]]
[[ 704 1550]] , [[ 704 1551]]
[[ 638 1478]] , [[ 638 1484]]
[[ 842 1568]] , [[ 842 1572]]
[[ 680 1430]] , [[ 680 1434]]
[[ 524 1476]] , [[ 524 1481]]
[[ 684 1326]] , [[ 684 1327]]
[[ 720 1432]] , [[ 720 1436]]
[[ 638 1478]] , [[ 638 1485]]
[[ 726 1568]] , [[ 726 1573]]
[[ 556 1574]] , [[ 556 1578]]
[[ 512 1576]] , [[ 512 1581]]
[[ 510 1576]] , [[ 510 1581]]
[[ 474 1577]] , [[ 474 1581]]
[[ 510 1576]] , [[ 510 1581]]
[[ 556 1572]] , [[ 556 1578]]
[[ 522 1575]] , [[ 522 1579]]
[[ 554 1572]] , [[ 554 1577]]
[[ 746 1568]] , [[ 746 1574]]
[[ 746 1568]] , [[ 746 1574]]
[[ 782 1786]] , [[ 782 1791]]
[[ 700 1794]] , [[ 700 1798]]
[[ 556 1574]] , [[ 556 1578]]
[[ 546 1568]] , [[ 546 1573]]
[[ 574 1566]] , [[ 574 1567]]
[[ 546 1568]] , [[ 546 1573]]
[[ 850 1558]] , [[ 850 1561]]
[[ 572 1566]] , [[ 572 1573]]
[[ 722 1564]] , [[ 722 1569]]
[[ 576 1788]] , [[ 576 1793]]
[[ 572 1780]] , [[ 572 1785]]
[[ 496 1796]] , [[ 496 1801]]
[[ 476 1806]] , [[ 476 1815]]
[[ 288 1579]] , [[ 288 1583]]
[[ 498 1577]] , [[ 498 1581]]
[[ 784 1566]] , [[ 784 1567]]
[[ 290 1579]] , [[ 290 1583]]
[[ 472 1576]] , [[ 471 1577]]
[[ 510 1576]] , [[ 510 1581]]
[[ 408 1578]] , [[ 408 1582]]
[[ 702 1792]] , [[ 702 1799]]
[[ 720 1644]] , [[ 720 1649]]
[[ 722 1644]] , [[ 722 1649]]
[[ 720 1644]] , [[ 720 1649]]
[[ 776 1636]] , [[ 776 1641]]
[[ 776 1636]] , [[ 776 1641]]
[[ 776 1636]] , [[ 776 1641]]
[[ 570 1736]] , [[ 570 1745]]
[[ 470 1577]] , [[ 470 1581]]
[[ 510 1577]] , [[ 510 1581]]
[[ 790 1634]] , [[ 790 1639]]
[[ 529 1736]] , [[ 529 1743]]
[[ 470 1577]] , [[ 470 1581]]
[[ 472 1576]] , [[ 471 1577]]
[[ 809 1564]] , [[ 809 1568]]
[[ 746 1570]] , [[ 746 1575]]
[[ 621 1568]] , [[ 620 1569]]
[[ 790 1634]] , [[ 790 1639]]
[[ 724 1644]] , [[ 724 1645]]
[[ 492 1577]] , [[ 492 1581]]
[[ 490 1576]] , [[ 490 1581]]
[[ 722 1644]] , [[ 722 1649]]
[[  38 1810]] , [[  38 1815]]
[[  36 1812]] , [[  36 1813]]
[[ 846 1568]] , [[ 846 1572]]
[[ 592 1792]] , [[ 592 1796]]
[[ 474 1577]] , [[ 474 1581]]
[[ 848 1568]] , [[ 848 1573]]
[[ 602 1567]] , [[ 600 1569]]
[[ 852 1566]] , [[ 852 1567]]
[[ 588 1566]] , [[ 588 1571]]
[[ 603 1567]] , [[ 602 1568]]
[[ 576 1564]] , [[ 576 1569]]
[[ 576 1564]] , [[ 576 1569]]
[[ 576 1564]] , [[ 576 1569]]
[[ 588 1566]] , [[ 588 1571]]
[[ 800 1562]] , [[ 800 1567]]
[[ 844 1559]] , [[ 844 1567]]
[[ 590 1566]] , [[ 590 1567]]
[[ 603 1567]] , [[ 602 1568]]
[[ 802 1562]] , [[ 802 1567]]
[[ 712 1566]] , [[ 712 1573]]
[[ 602 1568]] , [[ 602 1575]]
[[ 603 1566]] , [[ 603 1571]]
[[ 804 1562]] , [[ 804 1567]]
[[ 804 1562]] , [[ 804 1567]]
[[ 764 1564]] , [[ 764 1574]]
[[ 712 1566]] , [[ 712 1574]]
[[ 707 1432]] , [[ 707 1436]]
[[ 698 1568]] , [[ 698 1573]]
[[ 602 1568]] , [[ 602 1573]]
[[ 764 1564]] , [[ 764 1569]]
[[ 686 1372]] , [[ 686 1377]]
[[ 611 1552]] , [[ 607 1556]]
[[ 628 1552]] , [[ 628 1557]]
[[ 700 1474]] , [[ 700 1478]]
[[ 666 1339]] , [[ 666 1343]]
[[   1 1180]] , [[   1 1184]]
[[ 666 1339]] , [[ 666 1343]]
[[ 240 1370]] , [[ 240 1374]]
[[ 684 1556]] , [[ 684 1561]]
[[ 238 1370]] , [[ 238 1374]]
[[  88 1266]] , [[  86 1268]]
[[ 666 1339]] , [[ 666 1343]]
[[ 684 1376]] , [[ 684 1380]]
[[ 372 1086]] , [[ 372 1091]]
[[ 666 1339]] , [[ 666 1343]]
[[ 240 1370]] , [[ 240 1374]]
[[ 168 1369]] , [[ 168 1373]]
[[ 723 1471]] , [[ 722 1472]]
[[ 240 1370]] , [[ 240 1374]]
[[ 240 1370]] , [[ 240 1374]]
[[ 641 1266]] , [[ 641 1273]]
[[ 727 1470]] , [[ 726 1471]]
[[ 732 1480]] , [[ 732 1487]]
[[ 735 1468]] , [[ 734 1469]]
[[ 735 1468]] , [[ 734 1469]]
[[ 428 1514]] , [[ 428 1518]]
[[ 732 1480]] , [[ 732 1487]]
[[ 704 1566]] , [[ 704 1567]]
[[ 428 1514]] , [[ 428 1518]]
[[ 736 1468]] , [[ 736 1475]]
[[ 704 1470]] , [[ 704 1474]]
[[ 720 1472]] , [[ 718 1474]]
[[ 616 1552]] , [[ 616 1559]]
[[ 784 1568]] , [[ 784 1572]]
[[ 784 1568]] , [[ 784 1572]]
[[ 694 1554]] , [[ 694 1555]]
[[ 664 1339]] , [[ 664 1343]]
[[ 664 1339]] , [[ 664 1343]]
[[  72 1276]] , [[  71 1277]]
[[ 240 1370]] , [[ 240 1374]]
[[ 664 1339]] , [[ 664 1343]]
[[ 219 1292]] , [[ 219 1296]]
[[ 240 1370]] , [[ 240 1374]]
[[ 219 1292]] , [[ 219 1296]]
[[ 666 1339]] , [[ 666 1343]]
[[ 737 1468]] , [[ 736 1469]]
[[ 666 1339]] , [[ 666 1343]]
[[ 672 1368]] , [[ 672 1373]]
[[ 706 1472]] , [[ 706 1477]]
[[ 664 1550]] , [[ 664 1555]]
[[ 810 1556]] , [[ 810 1557]]
[[ 736 1468]] , [[ 736 1473]]
[[ 744 1431]] , [[ 744 1435]]
[[ 740 1468]] , [[ 740 1475]]
[[ 720 1472]] , [[ 719 1473]]
[[ 721 1472]] , [[ 720 1473]]
[[ 740 1468]] , [[ 740 1473]]
[[ 697 1368]] , [[ 696 1369]]
[[168 570]] , [[168 571]]
[[ 697 1368]] , [[ 696 1369]]
[[ 742 1468]] , [[ 742 1472]]
[[ 647 1334]] , [[ 647 1338]]
[[ 671 1338]] , [[ 670 1339]]
[[ 647 1334]] , [[ 647 1338]]
[[  76 1274]] , [[  75 1275]]
[[ 666 1338]] , [[ 666 1343]]
[[  76 1274]] , [[  75 1275]]
[[ 666 1338]] , [[ 666 1343]]
[[ 669 1338]] , [[ 668 1339]]
[[ 706 1471]] , [[ 706 1475]]
[[ 725 1058]] , [[ 726 1057]]
[[168 572]] , [[168 573]]
[[ 725 1058]] , [[ 726 1057]]
[[601 920]] , [[602 919]]
[[ 723 1054]] , [[ 724 1053]]
[[ 723 1054]] , [[ 724 1053]]
[[170 570]] , [[170 571]]
[[170 570]] , [[170 571]]
[[ 716 1432]] , [[ 716 1437]]
[[ 564 1570]] , [[ 564 1571]]
[[ 752 1572]] , [[ 752 1577]]
[[ 564 1570]] , [[ 564 1575]]
[[   2 1054]] , [[   2 1059]]
[[ 710 1432]] , [[ 710 1437]]
[[   5 1048]] , [[   5 1052]]
[[480 919]] , [[489 919]]
[[669 918]] , [[670 917]]
[[178 572]] , [[178 573]]
[[196 571]] , [[195 572]]
[[   2 1036]] , [[   2 1037]]
[[ 544 1474]] , [[ 544 1481]]
[[ 738 1468]] , [[ 737 1469]]
[[  68 1254]] , [[  68 1258]]
[[ 674 1420]] , [[ 674 1421]]
[[208 568]] , [[208 569]]
[[ 731 1469]] , [[ 731 1473]]
[[207 564]] , [[205 566]]
[[ 732 1469]] , [[ 732 1473]]
[[   0 1036]] , [[   0 1041]]
[[ 704 1471]] , [[ 704 1475]]
[[ 704 1471]] , [[ 704 1475]]
[[ 700 1544]] , [[ 700 1549]]
[[ 704 1471]] , [[ 704 1475]]
[[ 704 1472]] , [[ 704 1477]]
[[ 522 1570]] , [[ 522 1579]]
[[ 522 1570]] , [[ 522 1579]]
[[ 458 1484]] , [[ 458 1489]]
[[ 557 1474]] , [[ 556 1475]]
[[ 702 1470]] , [[ 702 1474]]
[[ 526 1474]] , [[ 525 1475]]
[[ 750 1468]] , [[ 750 1472]]
[[ 704 1471]] , [[ 704 1475]]
[[ 738 1480]] , [[ 738 1485]]
[[ 522 1476]] , [[ 522 1483]]
[[ 754 1468]] , [[ 754 1475]]
[[ 546 1560]] , [[ 546 1567]]
[[ 556 1570]] , [[ 556 1575]]
[[ 546 1560]] , [[ 546 1563]]
[[ 546 1560]] , [[ 546 1563]]
[[ 762 1812]] , [[ 762 1817]]
[[ 558 1482]] , [[ 558 1486]]
[[ 616 1550]] , [[ 616 1561]]
[[ 558 1568]] , [[ 558 1573]]
[[ 568 1568]] , [[ 568 1573]]
[[ 556 1568]] , [[ 556 1573]]
[[ 812 1562]] , [[ 812 1566]]
[[ 812 1562]] , [[ 812 1566]]
[[ 736 1568]] , [[ 736 1572]]
[[ 792 1560]] , [[ 792 1568]]
[[ 736 1568]] , [[ 736 1572]]
[[ 792 1560]] , [[ 792 1563]]
[[ 792 1560]] , [[ 792 1563]]
[[ 556 1483]] , [[ 556 1487]]
[[ 706 1471]] , [[ 706 1477]]
[[ 650 1372]] , [[ 650 1377]]
[[ 608 1566]] , [[ 608 1567]]
[[ 792 1560]] , [[ 792 1563]]
[[ 526 1568]] , [[ 526 1579]]
[[ 608 1566]] , [[ 608 1567]]
[[ 524 1548]] , [[ 524 1553]]
[[ 542 1478]] , [[ 542 1483]]
[[ 608 1564]] , [[ 608 1569]]
[[ 522 1550]] , [[ 522 1555]]
[[ 748 1570]] , [[ 748 1574]]
[[ 833 1566]] , [[ 833 1570]]
[[ 834 1564]] , [[ 834 1565]]
[[ 732 1469]] , [[ 731 1470]]
[[ 733 1469]] , [[ 732 1470]]
[[ 556 1368]] , [[ 556 1372]]
[[ 556 1368]] , [[ 556 1372]]
[[ 727 1470]] , [[ 726 1471]]
[[ 748 1370]] , [[ 748 1377]]
[[ 688 1430]] , [[ 688 1434]]
[[ 218 1299]] , [[ 218 1303]]
[[ 218 1298]] , [[ 218 1302]]
[[ 732 1469]] , [[ 731 1470]]
[[ 688 1430]] , [[ 688 1435]]
[[ 524 1476]] , [[ 524 1481]]
[[ 592 1560]] , [[ 592 1567]]
[[ 654 1476]] , [[ 654 1481]]
[[ 460 1484]] , [[ 460 1489]]
[[ 730 1469]] , [[ 729 1470]]
[[ 732 1469]] , [[ 731 1470]]
[[ 625 1478]] , [[ 625 1482]]
[[ 664 1560]] , [[ 664 1567]]
[[ 704 1560]] , [[ 704 1561]]
[[ 748 1370]] , [[ 748 1375]]
[[ 834 1562]] , [[ 834 1563]]
[[ 560 1568]] , [[ 560 1569]]
[[ 726 1570]] , [[ 726 1575]]
[[ 462 1576]] , [[ 462 1581]]
[[ 564 1810]] , [[ 564 1819]]
[[ 519 1792]] , [[ 519 1797]]
[[ 780 1636]] , [[ 780 1641]]
[[  60 1582]] , [[  60 1586]]
[[ 462 1577]] , [[ 462 1581]]
[[ 556 1482]] , [[ 556 1489]]
[[ 558 1552]] , [[ 558 1557]]
[[ 638 1474]] , [[ 638 1483]]
[[ 556 1482]] , [[ 556 1488]]
[[ 638 1474]] , [[ 638 1483]]
[[ 278 1579]] , [[ 278 1583]]
[[ 278 1579]] , [[ 278 1583]]
[[ 866 1566]] , [[ 866 1571]]
[[ 746 1570]] , [[ 746 1575]]
[[ 748 1568]] , [[ 748 1569]]
[[ 546 1736]] , [[ 546 1740]]
[[ 546 1738]] , [[ 546 1743]]
[[ 844 1562]] , [[ 844 1567]]
[[ 844 1562]] , [[ 844 1563]]
[[ 780 1634]] , [[ 780 1639]]
[[ 598 1558]] , [[ 598 1567]]
[[ 572 1812]] , [[ 572 1817]]
[[ 616 1810]] , [[ 616 1815]]
[[ 798 1636]] , [[ 798 1641]]
[[ 252 1579]] , [[ 252 1583]]
[[ 554 1782]] , [[ 554 1787]]
[[ 704 1786]] , [[ 704 1793]]
[[ 254 1578]] , [[ 254 1583]]
[[ 266 1579]] , [[ 266 1583]]
[[ 844 1562]] , [[ 844 1567]]
[[ 598 1554]] , [[ 598 1555]]
[[ 598 1554]] , [[ 598 1555]]
[[ 792 1560]] , [[ 792 1567]]
[[ 658 1565]] , [[ 658 1569]]
[[ 617 1808]] , [[ 617 1812]]
[[ 625 1782]] , [[ 625 1786]]
[[ 625 1782]] , [[ 625 1786]]
[[ 860 1808]] , [[ 860 1809]]
[[ 666 1558]] , [[ 666 1563]]
[[ 920 1594]] , [[ 920 1598]]
[[ 920 1594]] , [[ 920 1598]]
[[ 400 1578]] , [[ 400 1582]]
[[ 690 1648]] , [[ 690 1655]]
[[ 507 1566]] , [[ 507 1575]]
[[ 920 1594]] , [[ 920 1598]]
[[ 422 1577]] , [[ 422 1581]]
[[ 584 1748]] , [[ 584 1755]]
[[ 588 1680]] , [[ 588 1697]]
[[ 732 1774]] , [[ 732 1779]]
[[ 509 1568]] , [[ 509 1569]]
[[ 741 1817]] , [[ 741 1822]]
[[ 508 1751]] , [[ 508 1759]]
[[ 776 1808]] , [[ 776 1817]]
[[ 726 1778]] , [[ 726 1783]]
[[ 824 1816]] , [[ 824 1820]]
[[ 564 1802]] , [[ 564 1807]]
[[ 754 1802]] , [[ 754 1803]]
[[ 758 1796]] , [[ 758 1797]]
[[ 572 1784]] , [[ 572 1789]]
[[ 748 1570]] , [[ 748 1575]]
[[ 772 1810]] , [[ 772 1815]]
[[ 622 1790]] , [[ 622 1802]]
[[ 348 1579]] , [[ 348 1583]]
[[ 524 1574]] , [[ 523 1575]]
[[ 348 1579]] , [[ 348 1583]]
[[ 524 1574]] , [[ 523 1575]]
[[ 416 1578]] , [[ 416 1582]]
[[ 766 1568]] , [[ 766 1572]]
[[ 748 1568]] , [[ 748 1569]]
[[ 780 1638]] , [[ 780 1643]]
[[ 482 1776]] , [[ 482 1783]]
[[ 484 1776]] , [[ 484 1783]]
[[ 688 1762]] , [[ 688 1769]]
[[ 484 1776]] , [[ 484 1783]]
[[ 549 1738]] , [[ 549 1743]]
[[ 728 1778]] , [[ 728 1783]]
[[ 728 1778]] , [[ 728 1783]]
[[ 414 1577]] , [[ 414 1581]]
[[ 740 1766]] , [[ 740 1770]]
[[ 740 1766]] , [[ 740 1770]]
[[ 541 1782]] , [[ 541 1787]]
[[ 730 1766]] , [[ 730 1767]]
[[ 766 1568]] , [[ 766 1573]]
[[ 776 1564]] , [[ 776 1569]]
[[ 671 1424]] , [[ 671 1428]]
[[ 730 1469]] , [[ 729 1470]]
[[ 730 1469]] , [[ 729 1470]]
[[ 744 1570]] , [[ 744 1574]]
[[ 448 1762]] , [[ 448 1769]]
[[ 524 1574]] , [[ 524 1579]]
[[ 654 1776]] , [[ 654 1781]]
[[ 560 1740]] , [[ 560 1741]]
[[ 414 1577]] , [[ 414 1581]]
[[ 488 1571]] , [[ 488 1575]]
[[ 414 1577]] , [[ 414 1581]]
[[ 488 1571]] , [[ 488 1575]]
[[ 484 1571]] , [[ 484 1575]]
[[ 554 1564]] , [[ 554 1567]]
[[ 484 1571]] , [[ 484 1575]]
[[ 696 1430]] , [[ 696 1434]]
[[ 748 1468]] , [[ 748 1473]]
[[  86 1444]] , [[  86 1448]]
[[ 734 1468]] , [[ 734 1473]]
[[ 678 1426]] , [[ 678 1431]]
[[ 556 1572]] , [[ 556 1578]]
[[ 560 1566]] , [[ 560 1571]]
[[ 685 1558]] , [[ 685 1562]]
[[ 516 1576]] , [[ 515 1577]]
[[ 560 1566]] , [[ 560 1571]]
[[ 766 1566]] , [[ 766 1573]]
[[ 606 1556]] , [[ 606 1563]]
[[ 684 1556]] , [[ 684 1562]]
[[ 564 1570]] , [[ 564 1571]]
[[ 700 1556]] , [[ 700 1561]]
[[ 549 1550]] , [[ 548 1551]]
[[ 729 1469]] , [[ 729 1473]]
[[ 700 1556]] , [[ 700 1561]]
[[ 630 1474]] , [[ 630 1479]]
[[ 546 1551]] , [[ 546 1555]]
[[ 736 1568]] , [[ 736 1569]]
[[ 756 1569]] , [[ 756 1573]]
[[ 564 1570]] , [[ 564 1571]]
[[ 690 1552]] , [[ 690 1555]]
[[ 510 1576]] , [[ 510 1581]]
[[ 690 1552]] , [[ 690 1555]]
[[ 582 1570]] , [[ 582 1575]]
[[ 696 1428]] , [[ 696 1433]]
[[ 733 1468]] , [[ 732 1469]]
[[ 814 1558]] , [[ 814 1567]]
[[ 518 1476]] , [[ 518 1481]]
[[ 814 1558]] , [[ 814 1567]]
[[ 768 1568]] , [[ 768 1573]]
[[ 696 1566]] , [[ 696 1574]]
[[ 812 1560]] , [[ 812 1566]]
[[ 782 1568]] , [[ 782 1572]]
[[ 812 1558]] , [[ 812 1566]]
[[ 736 1468]] , [[ 735 1469]]
[[ 736 1468]] , [[ 735 1469]]
[[ 730 1432]] , [[ 730 1436]]
[[ 564 1570]] , [[ 564 1571]]
[[ 548 1574]] , [[ 548 1580]]
[[ 564 1570]] , [[ 564 1571]]
[[ 548 1574]] , [[ 548 1580]]
[[ 673 1426]] , [[ 673 1430]]
[[ 596 1337]] , [[ 596 1341]]
[[ 534 1346]] , [[ 534 1347]]
[[ 630 1344]] , [[ 630 1345]]
[[ 518 1346]] , [[ 518 1347]]
[[ 622 1346]] , [[ 622 1365]]
[[ 368 1348]] , [[ 368 1355]]
[[ 404 1344]] , [[ 404 1354]]
[[ 364 1346]] , [[ 364 1351]]
[[ 364 1346]] , [[ 364 1349]]
[[ 535 1340]] , [[ 535 1341]]
[[ 570 1336]] , [[ 569 1337]]
[[ 210 1301]] , [[ 210 1309]]
[[ 208 1294]] , [[ 208 1299]]
[[ 318 1168]] , [[ 317 1169]]
[[ 411 1072]] , [[ 410 1073]]
[[ 190 1040]] , [[ 190 1041]]
[[ 411 1071]] , [[ 410 1072]]
[[ 187 1014]] , [[ 187 1020]]
[[ 187 1014]] , [[ 187 1020]]
[[ 188 1014]] , [[ 188 1031]]
[[ 188 1012]] , [[ 188 1031]]
[[ 188 1012]] , [[ 188 1031]]
[[246 997]] , [[245 998]]
[[338 996]] , [[337 997]]
[[338 996]] , [[337 997]]
[[339 996]] , [[338 997]]
[[288 996]] , [[287 997]]
[[393 894]] , [[393 895]]
[[397 892]] , [[397 893]]
[[280 996]] , [[279 997]]
[[ 187 1012]] , [[ 187 1020]]
[[ 188 1012]] , [[ 188 1027]]
[[ 411 1071]] , [[ 410 1072]]
[[ 189 1014]] , [[ 189 1015]]
[[ 189 1016]] , [[ 189 1023]]
[[ 190 1040]] , [[ 190 1055]]
[[ 190 1038]] , [[ 190 1059]]
[[ 190 1038]] , [[ 190 1059]]
[[ 188 1014]] , [[ 188 1025]]
[[ 192 1036]] , [[ 192 1037]]
[[ 189 1012]] , [[ 189 1021]]
[[ 189 1014]] , [[ 189 1021]]
[[ 189 1014]] , [[ 189 1023]]
[[ 196 1036]] , [[ 196 1037]]
[[ 189 1016]] , [[ 189 1022]]
[[ 190 1016]] , [[ 190 1023]]
[[ 190 1036]] , [[ 190 1051]]
[[ 189 1016]] , [[ 189 1022]]
[[ 189 1014]] , [[ 189 1023]]
[[ 189 1014]] , [[ 189 1025]]
[[ 196 1034]] , [[ 196 1035]]
[[ 196 1034]] , [[ 196 1035]]
[[ 189 1014]] , [[ 189 1015]]
[[ 412 1074]] , [[ 412 1075]]
[[ 210 1010]] , [[ 210 1016]]
[[ 187 1014]] , [[ 187 1015]]
[[ 186 1014]] , [[ 186 1028]]
[[232 998]] , [[ 232 1001]]
[[238 997]] , [[237 998]]
[[ 190 1018]] , [[ 190 1021]]
[[240 997]] , [[239 998]]
[[ 192 1018]] , [[ 192 1021]]
[[ 188 1018]] , [[ 188 1025]]
[[ 210 1008]] , [[ 209 1009]]
[[ 210 1008]] , [[ 209 1009]]
[[ 407 1076]] , [[ 407 1080]]
[[236 996]] , [[235 997]]
[[ 190 1018]] , [[ 190 1021]]
[[ 190 1018]] , [[ 190 1022]]
[[ 611 1076]] , [[ 610 1077]]
[[ 184 1016]] , [[ 184 1017]]
[[ 602 1076]] , [[ 602 1077]]
[[ 598 1076]] , [[ 598 1079]]
[[ 598 1076]] , [[ 598 1077]]
[[ 603 1076]] , [[ 603 1077]]
[[ 586 1298]] , [[ 586 1299]]
[[ 586 1298]] , [[ 586 1299]]
[[ 402 1112]] , [[ 402 1117]]
[[ 584 1298]] , [[ 584 1303]]
[[ 401 1118]] , [[ 401 1119]]
[[ 401 1118]] , [[ 401 1121]]
[[ 591 1298]] , [[ 590 1299]]
[[ 401 1122]] , [[ 401 1123]]
[[ 164 1030]] , [[ 164 1051]]
[[ 162 1030]] , [[ 162 1047]]
[[430 994]] , [[429 995]]
[[ 166 1016]] , [[ 166 1023]]
[[430 995]] , [[429 996]]
[[ 591 1078]] , [[ 590 1079]]
[[ 394 1148]] , [[ 394 1154]]
[[ 582 1078]] , [[ 582 1079]]
[[ 580 1078]] , [[ 580 1079]]
[[ 585 1078]] , [[ 584 1079]]
[[ 392 1162]] , [[ 392 1181]]
[[ 585 1078]] , [[ 585 1079]]
[[ 581 1080]] , [[ 581 1081]]
[[ 581 1080]] , [[ 579 1082]]
[[ 578 1082]] , [[ 578 1083]]
[[ 577 1082]] , [[ 577 1083]]
[[ 755 1225]] , [[ 755 1231]]
[[ 574 1080]] , [[ 573 1081]]
[[ 398 1178]] , [[ 398 1179]]
[[ 362 1166]] , [[ 362 1173]]
[[ 394 1178]] , [[ 394 1179]]
[[ 358 1216]] , [[ 358 1230]]
[[ 559 1301]] , [[ 558 1302]]
[[ 396 1179]] , [[ 395 1180]]
[[ 734 1254]] , [[ 734 1269]]
[[ 404 1179]] , [[ 403 1180]]
[[ 345 1326]] , [[ 346 1325]]
[[ 556 1078]] , [[ 555 1079]]
[[ 740 1134]] , [[ 740 1161]]
[[ 742 1080]] , [[ 742 1088]]
[[ 740 1084]] , [[ 740 1100]]
[[ 740 1080]] , [[ 740 1105]]
[[422 996]] , [[422 997]]
[[ 551 1078]] , [[ 551 1079]]
[[ 542 1080]] , [[ 542 1087]]
[[ 330 1076]] , [[ 330 1077]]
[[462 996]] , [[462 997]]
[[ 326 1078]] , [[ 326 1087]]
[[ 543 1080]] , [[ 543 1081]]
[[ 730 1076]] , [[ 730 1083]]
[[ 327 1076]] , [[ 325 1078]]
[[ 327 1076]] , [[ 325 1078]]
[[ 728 1076]] , [[ 728 1085]]
[[408 996]] , [[408 997]]
[[ 728 1076]] , [[ 728 1085]]
[[ 728 1078]] , [[ 728 1085]]
[[ 728 1076]] , [[ 728 1083]]
[[408 996]] , [[407 997]]
[[410 996]] , [[409 997]]
[[411 996]] , [[410 997]]
[[411 996]] , [[410 997]]
[[ 329 1076]] , [[ 327 1078]]
[[ 329 1076]] , [[ 327 1078]]
[[ 730 1076]] , [[ 730 1079]]
[[ 329 1076]] , [[ 327 1078]]
[[ 329 1076]] , [[ 328 1077]]
[[ 331 1075]] , [[ 330 1076]]
[[416 996]] , [[415 997]]
[[ 330 1076]] , [[ 330 1081]]
[[555 890]] , [[554 891]]
[[312 894]] , [[312 895]]
[[460 998]] , [[460 999]]
[[759 958]] , [[759 963]]
[[464 998]] , [[ 462 1000]]
[[ 746 1030]] , [[ 746 1042]]
[[ 748 1029]] , [[ 748 1038]]
[[ 552 1078]] , [[ 552 1120]]
[[ 750 1082]] , [[ 750 1084]]
[[ 750 1084]] , [[ 750 1089]]
[[ 556 1078]] , [[ 556 1152]]
[[ 752 1082]] , [[ 752 1087]]
[[ 754 1116]] , [[ 754 1119]]
[[ 569 1077]] , [[ 568 1078]]
[[ 571 1077]] , [[ 570 1078]]
[[ 406 1180]] , [[ 406 1181]]
[[438 998]] , [[437 999]]
[[ 566 1078]] , [[ 566 1150]]
[[ 568 1078]] , [[ 568 1085]]
[[ 751 1256]] , [[ 751 1267]]
[[ 370 1216]] , [[ 370 1235]]
[[ 570 1078]] , [[ 570 1079]]
[[ 775 1084]] , [[ 775 1089]]
[[ 570 1078]] , [[ 570 1079]]
[[ 749 1263]] , [[ 748 1264]]
[[ 746 1264]] , [[ 746 1267]]
[[ 749 1263]] , [[ 748 1264]]
[[448 994]] , [[448 995]]
[[ 746 1265]] , [[ 746 1269]]
[[ 746 1265]] , [[ 746 1269]]
[[ 746 1258]] , [[ 746 1262]]
[[ 751 1260]] , [[ 751 1264]]
[[ 402 1176]] , [[ 402 1200]]
[[ 368 1076]] , [[ 368 1093]]
[[ 372 1078]] , [[ 372 1089]]
[[ 402 1174]] , [[ 402 1175]]
[[ 376 1080]] , [[ 376 1087]]
[[ 597 1077]] , [[ 595 1079]]
[[471 996]] , [[470 997]]
[[ 326 1000]] , [[ 325 1001]]
[[ 172 1011]] , [[ 172 1015]]
[[ 598 1078]] , [[ 598 1079]]
[[ 176 1028]] , [[ 176 1042]]
[[328 998]] , [[327 999]]
[[328 998]] , [[327 999]]
[[ 192 1012]] , [[ 192 1013]]
[[ 185 1028]] , [[ 185 1033]]
[[ 619 1077]] , [[ 619 1078]]
[[ 410 1074]] , [[ 410 1083]]
[[ 621 1077]] , [[ 621 1078]]
[[ 411 1073]] , [[ 410 1074]]
[[ 616 1078]] , [[ 616 1079]]
[[ 616 1078]] , [[ 616 1079]]
[[ 413 1073]] , [[ 413 1076]]
[[ 618 1078]] , [[ 618 1079]]
[[ 618 1078]] , [[ 618 1081]]
[[ 415 1074]] , [[ 415 1076]]
[[ 416 1074]] , [[ 416 1075]]
[[ 417 1074]] , [[ 417 1075]]
[[ 417 1074]] , [[ 417 1075]]
[[ 417 1074]] , [[ 417 1075]]
[[ 624 1079]] , [[ 623 1080]]
[[ 624 1079]] , [[ 624 1081]]
[[ 624 1080]] , [[ 624 1081]]
[[ 207 1102]] , [[ 207 1107]]
[[ 209 1104]] , [[ 209 1105]]
[[ 628 1081]] , [[ 627 1082]]
[[ 209 1116]] , [[ 209 1117]]
[[ 344 1168]] , [[ 343 1169]]
[[ 345 1168]] , [[ 344 1169]]
[[ 217 1238]] , [[ 217 1239]]
[[ 342 1168]] , [[ 341 1169]]
[[ 213 1120]] , [[ 213 1121]]
[[ 213 1120]] , [[ 213 1125]]
[[ 294 1168]] , [[ 293 1169]]
[[ 296 1168]] , [[ 295 1169]]
[[ 636 1080]] , [[ 636 1081]]
[[ 431 1075]] , [[ 430 1076]]
[[ 638 1080]] , [[ 638 1081]]
[[ 638 1080]] , [[ 638 1083]]
[[ 434 1074]] , [[ 434 1075]]
[[302 996]] , [[301 997]]
[[ 434 1074]] , [[ 434 1078]]
[[ 234 1047]] , [[ 234 1051]]
[[ 644 1080]] , [[ 644 1083]]
[[ 236 1044]] , [[ 236 1047]]
[[300 997]] , [[299 998]]
[[ 233 1062]] , [[ 233 1067]]
[[ 444 1074]] , [[ 444 1075]]
[[ 445 1074]] , [[ 444 1075]]
[[ 234 1062]] , [[ 234 1067]]
[[ 240 1058]] , [[ 240 1061]]
[[ 448 1075]] , [[ 447 1076]]
[[302 996]] , [[301 997]]
[[302 996]] , [[301 997]]
[[ 656 1080]] , [[ 656 1083]]
[[ 240 1088]] , [[ 240 1091]]
[[ 451 1075]] , [[ 450 1076]]
[[ 451 1075]] , [[ 450 1076]]
[[ 450 1075]] , [[ 449 1076]]
[[ 658 1080]] , [[ 658 1083]]
[[ 658 1080]] , [[ 658 1085]]
[[ 452 1075]] , [[ 451 1076]]
[[ 452 1076]] , [[ 452 1105]]
[[300 996]] , [[299 997]]
[[ 454 1075]] , [[ 453 1076]]
[[ 457 1170]] , [[ 458 1169]]
[[ 246 1030]] , [[ 246 1037]]
[[296 996]] , [[294 998]]
[[296 996]] , [[294 998]]
[[296 996]] , [[294 998]]
[[297 996]] , [[295 998]]
[[302 996]] , [[301 997]]
[[302 996]] , [[301 997]]
[[304 996]] , [[303 997]]
[[304 996]] , [[303 997]]
[[304 997]] , [[303 998]]
[[295 998]] , [[294 999]]
[[297 998]] , [[296 999]]
[[295 998]] , [[294 999]]
[[292 998]] , [[291 999]]
[[302 996]] , [[301 997]]
[[300 996]] , [[299 997]]
[[302 996]] , [[301 997]]
[[304 996]] , [[303 997]]
[[308 996]] , [[307 997]]
[[307 996]] , [[305 998]]
[[307 996]] , [[305 998]]
[[295 998]] , [[294 999]]
[[308 998]] , [[307 999]]
[[ 237 1018]] , [[ 237 1024]]
[[ 237 1028]] , [[ 237 1033]]
[[ 451 1080]] , [[ 451 1083]]
[[ 450 1080]] , [[ 450 1119]]
[[ 450 1080]] , [[ 450 1085]]
[[ 240 1098]] , [[ 240 1105]]
[[ 238 1098]] , [[ 238 1115]]
[[ 656 1086]] , [[ 656 1087]]
[[ 654 1086]] , [[ 654 1091]]
[[ 658 1084]] , [[ 658 1085]]
[[ 654 1086]] , [[ 654 1087]]
[[ 290 1002]] , [[ 289 1003]]
[[ 288 1002]] , [[ 288 1003]]
[[ 434 1079]] , [[ 433 1080]]
[[ 290 1001]] , [[ 289 1002]]
[[ 244 1000]] , [[ 244 1001]]
[[ 424 1072]] , [[ 424 1101]]
[[ 422 1068]] , [[ 422 1077]]
[[276 994]] , [[275 995]]
[[ 632 1066]] , [[ 632 1067]]
[[ 630 1064]] , [[ 630 1069]]
[[ 630 1064]] , [[ 630 1069]]
[[ 420 1059]] , [[ 420 1066]]
[[ 630 1064]] , [[ 630 1065]]
[[ 416 1062]] , [[ 416 1091]]
[[ 290 1162]] , [[ 289 1163]]
[[ 624 1068]] , [[ 624 1069]]
[[ 404 1065]] , [[ 404 1099]]
[[ 612 1070]] , [[ 612 1071]]
[[ 185 1046]] , [[ 185 1057]]
[[ 180 1054]] , [[ 180 1073]]
[[ 174 1024]] , [[ 174 1025]]
[[220 992]] , [[219 993]]
[[ 179 1000]] , [[ 179 1005]]
[[ 582 1070]] , [[ 582 1071]]
[[ 578 1070]] , [[ 578 1071]]
[[419 988]] , [[418 989]]
[[ 360 1081]] , [[ 360 1086]]
[[ 568 1070]] , [[ 568 1071]]
[[330 888]] , [[330 908]]
[[324 886]] , [[324 892]]
[[750 997]] , [[ 750 1002]]
[[ 755 1017]] , [[ 754 1018]]
[[ 338 1068]] , [[ 337 1069]]
[[748 890]] , [[748 913]]
[[747 897]] , [[747 899]]
[[406 990]] , [[405 991]]
[[734 910]] , [[734 926]]
[[302 888]] , [[302 939]]
[[408 989]] , [[407 990]]
[[404 989]] , [[403 990]]
[[296 888]] , [[296 891]]
[[541 909]] , [[541 913]]
[[292 886]] , [[292 891]]
[[288 886]] , [[288 893]]
[[288 888]] , [[288 891]]
[[286 888]] , [[286 891]]
[[432 990]] , [[431 991]]
[[ 301 1072]] , [[ 300 1073]]
[[277 886]] , [[277 891]]
[[275 886]] , [[275 887]]
[[ 696 1068]] , [[ 696 1069]]
[[500 950]] , [[500 961]]
[[498 918]] , [[498 925]]
[[497 896]] , [[497 903]]
[[494 884]] , [[494 893]]
[[490 882]] , [[490 925]]
[[491 902]] , [[492 901]]
[[691 880]] , [[691 881]]
[[248 886]] , [[247 887]]
[[257 898]] , [[258 897]]
[[471 886]] , [[471 889]]
[[236 888]] , [[236 889]]
[[233 890]] , [[233 891]]
[[230 890]] , [[230 891]]
[[228 890]] , [[228 893]]
[[228 890]] , [[228 891]]
[[228 890]] , [[228 891]]
[[471 889]] , [[470 890]]
[[226 889]] , [[226 905]]
[[224 889]] , [[224 895]]
[[  70 1000]] , [[  69 1001]]
[[  57 1000]] , [[  55 1002]]
[[ 73 997]] , [[ 72 998]]
[[ 202 1008]] , [[ 202 1013]]
[[ 75 996]] , [[ 74 997]]
[[ 202 1008]] , [[ 202 1013]]
[[ 202 1008]] , [[ 202 1013]]
[[ 87 994]] , [[ 86 995]]
[[ 91 995]] , [[ 90 996]]
[[ 84 996]] , [[ 83 997]]
[[462 890]] , [[462 891]]
[[452 890]] , [[452 895]]
[[ 87 998]] , [[ 86 999]]
[[ 90 999]] , [[  89 1000]]
[[  66 1000]] , [[  65 1001]]
[[  66 1000]] , [[  65 1001]]
[[  74 1000]] , [[  73 1001]]
[[ 197 1013]] , [[ 197 1017]]
[[ 197 1013]] , [[ 197 1017]]
[[ 452 1071]] , [[ 451 1072]]
[[451 890]] , [[451 893]]
[[452 890]] , [[452 893]]
[[  67 1000]] , [[  66 1001]]
[[ 70 998]] , [[ 69 999]]
[[ 200 1010]] , [[ 200 1015]]
[[ 94 997]] , [[ 93 998]]
[[ 58 996]] , [[ 58 997]]
[[ 64 994]] , [[ 63 995]]
[[ 76 994]] , [[ 75 995]]
[[ 258 1052]] , [[ 258 1057]]
[[  96 1000]] , [[  95 1001]]
[[ 198 1018]] , [[ 198 1023]]
[[ 660 1087]] , [[ 660 1091]]
[[ 261 1092]] , [[ 261 1096]]
[[ 262 1092]] , [[ 262 1096]]
[[ 472 1090]] , [[ 472 1093]]
[[687 903]] , [[686 904]]
[[678 902]] , [[678 903]]
[[495 899]] , [[494 900]]
[[693 892]] , [[693 894]]
[[695 890]] , [[695 891]]
[[262 886]] , [[262 893]]
[[266 888]] , [[266 893]]
[[268 888]] , [[268 895]]
[[270 885]] , [[270 889]]
[[277 888]] , [[277 892]]
[[280 892]] , [[280 893]]
[[274 892]] , [[274 899]]
[[284 894]] , [[284 895]]
[[512 894]] , [[512 905]]
[[514 906]] , [[514 910]]
[[512 988]] , [[512 991]]
[[516 965]] , [[516 970]]
[[290 894]] , [[290 897]]
[[294 894]] , [[294 895]]
[[308 894]] , [[306 896]]
[[298 894]] , [[298 920]]
[[302 895]] , [[302 896]]
[[494 996]] , [[492 998]]
[[557 910]] , [[557 917]]
[[316 896]] , [[316 901]]
[[333 896]] , [[332 897]]
[[464 999]] , [[ 463 1000]]
[[ 754 1101]] , [[ 754 1103]]
[[ 754 1149]] , [[ 754 1158]]
[[ 760 1114]] , [[ 760 1118]]
[[ 408 1180]] , [[ 408 1181]]
[[447 998]] , [[446 999]]
[[ 411 1178]] , [[ 409 1180]]
[[ 366 1079]] , [[ 366 1107]]
[[ 375 1133]] , [[ 375 1137]]
[[ 370 1077]] , [[ 369 1078]]
[[456 998]] , [[455 999]]
[[456 998]] , [[455 999]]
[[ 370 1036]] , [[ 370 1040]]
[[ 774 1205]] , [[ 774 1224]]
[[467 999]] , [[ 466 1000]]
[[ 592 1080]] , [[ 592 1081]]
[[598 892]] , [[598 893]]
[[406 998]] , [[405 999]]
[[391 908]] , [[391 922]]
[[ 235 1008]] , [[ 236 1007]]
[[ 233 1006]] , [[ 234 1005]]
[[608 896]] , [[608 901]]
[[ 189 1024]] , [[ 190 1023]]
[[ 233 1184]] , [[ 234 1183]]
[[ 190 1056]] , [[ 190 1061]]
[[ 240 1002]] , [[ 240 1003]]
[[ 191 1036]] , [[ 191 1043]]
[[ 192 1018]] , [[ 192 1032]]
[[ 195 1038]] , [[ 195 1049]]
[[ 196 1044]] , [[ 196 1049]]
[[ 414 1076]] , [[ 414 1085]]
[[ 618 1081]] , [[ 618 1083]]
[[ 415 1076]] , [[ 415 1079]]
[[ 620 1082]] , [[ 620 1085]]
[[ 626 1082]] , [[ 625 1083]]
[[ 417 1076]] , [[ 417 1077]]
[[ 417 1076]] , [[ 417 1077]]
[[ 418 1076]] , [[ 418 1077]]
[[ 419 1076]] , [[ 419 1077]]
[[ 419 1076]] , [[ 419 1077]]
[[ 419 1076]] , [[ 419 1077]]
[[ 419 1076]] , [[ 418 1077]]
[[ 419 1075]] , [[ 419 1076]]
[[ 418 1074]] , [[ 418 1075]]
[[ 417 1074]] , [[ 417 1076]]
[[ 627 1080]] , [[ 626 1081]]
[[ 417 1074]] , [[ 417 1075]]
[[ 417 1074]] , [[ 417 1075]]
[[ 417 1074]] , [[ 417 1075]]
[[ 419 1074]] , [[ 419 1075]]
[[ 419 1074]] , [[ 419 1075]]
[[ 419 1074]] , [[ 419 1075]]
[[ 417 1074]] , [[ 417 1075]]
[[ 417 1074]] , [[ 417 1075]]
[[ 417 1074]] , [[ 417 1075]]
[[ 417 1074]] , [[ 417 1075]]
[[ 417 1074]] , [[ 417 1075]]
[[ 417 1074]] , [[ 417 1075]]
[[ 417 1074]] , [[ 417 1075]]
[[ 620 1078]] , [[ 620 1085]]
[[ 629 1078]] , [[ 629 1079]]
[[ 622 1078]] , [[ 622 1079]]
[[ 622 1078]] , [[ 622 1079]]
[[ 622 1078]] , [[ 622 1081]]
[[ 622 1080]] , [[ 622 1085]]
[[ 202 1116]] , [[ 202 1125]]
[[ 624 1083]] , [[ 624 1087]]
[[ 203 1110]] , [[ 203 1111]]
[[ 345 1173]] , [[ 344 1174]]
[[ 622 1085]] , [[ 621 1086]]
[[ 200 1112]] , [[ 200 1116]]
[[ 731 1198]] , [[ 732 1197]]
[[ 622 1076]] , [[ 622 1077]]
[[ 622 1075]] , [[ 621 1076]]
[[ 620 1074]] , [[ 620 1077]]
[[ 616 1076]] , [[ 616 1079]]
[[ 614 1079]] , [[ 613 1080]]
[[ 189 1078]] , [[ 189 1080]]
[[ 187 1078]] , [[ 187 1080]]
[[ 184 1078]] , [[ 184 1115]]
[[ 403 1092]] , [[ 403 1124]]
[[ 178 1070]] , [[ 178 1103]]
[[ 594 1082]] , [[ 594 1083]]
[[ 318 1168]] , [[ 317 1169]]
[[ 319 1166]] , [[ 317 1168]]
[[ 758 1240]] , [[ 758 1247]]
[[ 396 1172]] , [[ 396 1173]]
[[ 558 1301]] , [[ 557 1302]]
[[ 752 1116]] , [[ 752 1117]]
[[ 559 1078]] , [[ 558 1079]]
[[ 546 1228]] , [[ 546 1233]]
[[ 430 1180]] , [[ 429 1181]]
[[ 493 1348]] , [[ 494 1347]]
[[ 184 1177]] , [[ 183 1178]]
[[ 515 1348]] , [[ 516 1347]]
[[ 515 1346]] , [[ 516 1345]]
[[ 678 1294]] , [[ 678 1295]]
[[ 290 1078]] , [[ 290 1111]]
[[ 285 1078]] , [[ 285 1088]]
[[ 291 1108]] , [[ 292 1107]]
[[ 689 1068]] , [[ 688 1069]]
[[ 280 1076]] , [[ 280 1081]]
[[ 687 1070]] , [[ 686 1071]]
[[ 481 1074]] , [[ 481 1075]]
[[ 274 1076]] , [[ 274 1077]]
[[ 657 1289]] , [[ 656 1290]]
[[ 674 1070]] , [[ 674 1071]]
[[ 674 1070]] , [[ 674 1071]]
[[ 270 1076]] , [[ 270 1097]]
[[ 186 1167]] , [[ 185 1168]]
[[ 483 1072]] , [[ 483 1073]]
[[ 483 1072]] , [[ 483 1073]]
[[ 670 1072]] , [[ 670 1073]]
[[ 474 1072]] , [[ 474 1083]]
[[ 269 1079]] , [[ 268 1080]]
[[ 668 1072]] , [[ 668 1073]]
[[ 476 1070]] , [[ 476 1073]]
[[ 476 1070]] , [[ 476 1071]]
[[ 476 1070]] , [[ 476 1073]]
[[ 478 1070]] , [[ 478 1071]]
[[ 683 1071]] , [[ 682 1072]]
[[ 674 1070]] , [[ 674 1071]]
[[ 483 1070]] , [[ 483 1071]]
[[ 486 1068]] , [[ 486 1073]]
[[ 687 1070]] , [[ 685 1072]]
[[ 496 1069]] , [[ 495 1070]]
[[ 298 1078]] , [[ 298 1083]]
[[ 503 1074]] , [[ 503 1075]]
[[ 709 1062]] , [[ 709 1065]]
[[ 515 1078]] , [[ 515 1079]]
[[ 317 1075]] , [[ 316 1076]]
[[156 995]] , [[155 996]]
[[ 190 1166]] , [[ 189 1167]]
[[ 730 1072]] , [[ 730 1079]]
[[ 738 1072]] , [[ 738 1073]]
[[ 744 1073]] , [[ 744 1075]]
[[ 232 1176]] , [[ 232 1181]]
[[ 738 1232]] , [[ 738 1243]]
[[ 566 1072]] , [[ 566 1073]]
[[ 570 1296]] , [[ 570 1297]]
[[ 302 1162]] , [[ 302 1163]]
[[ 406 1170]] , [[ 406 1188]]
[[ 404 1246]] , [[ 404 1255]]
[[ 598 1075]] , [[ 597 1076]]
[[ 188 1010]] , [[ 188 1011]]
[[ 730 1006]] , [[ 730 1009]]
[[ 190 1078]] , [[ 190 1111]]
[[ 412 1102]] , [[ 412 1103]]
[[ 413 1078]] , [[ 413 1089]]
[[ 618 1078]] , [[ 618 1081]]
[[ 200 1132]] , [[ 200 1163]]
[[ 421 1068]] , [[ 419 1070]]
[[ 423 1066]] , [[ 422 1067]]
[[252 994]] , [[251 995]]
[[421 888]] , [[420 889]]
[[416 888]] , [[415 889]]
[[276 998]] , [[276 999]]
[[410 891]] , [[410 903]]
[[ 288 1000]] , [[ 287 1001]]
[[408 895]] , [[408 907]]
[[414 896]] , [[414 899]]
[[414 896]] , [[414 899]]
[[424 894]] , [[424 895]]
[[ 626 1298]] , [[ 626 1299]]
[[ 609 1350]] , [[ 610 1349]]
[[ 402 1338]] , [[ 402 1345]]
[[ 338 1344]] , [[ 338 1349]]
[[ 350 1342]] , [[ 350 1343]]
[[ 532 1340]] , [[ 532 1343]]
[[ 402 1342]] , [[ 402 1355]]
[[ 356 1344]] , [[ 356 1349]]
[[ 534 1340]] , [[ 534 1341]]
[[ 534 1340]] , [[ 534 1341]]
[[ 534 1340]] , [[ 534 1341]]
[[ 308 1344]] , [[ 308 1345]]
[[ 338 1346]] , [[ 338 1351]]
[[ 336 1346]] , [[ 336 1351]]
