[[353 206]] , [[354 205]]
[[  42 1078]] , [[  42 1087]]
[[ 656 1248]] , [[ 656 1255]]
[[  44 1084]] , [[  44 1089]]
[[  28 1040]] , [[  28 1045]]
[[384 743]] , [[384 747]]
[[  44 1070]] , [[  44 1071]]
[[  10 1038]] , [[  10 1045]]
[[  70 1262]] , [[  70 1273]]
[[   0 1060]] , [[   0 1133]]
[[ 688 1430]] , [[ 688 1434]]
[[ 732 1428]] , [[ 732 1435]]
[[ 696 1472]] , [[ 696 1476]]
[[ 730 1428]] , [[ 730 1435]]
[[ 706 1472]] , [[ 706 1477]]
[[ 734 1469]] , [[ 733 1470]]
[[ 558 1552]] , [[ 558 1559]]
[[ 800 1555]] , [[ 800 1561]]
[[ 748 1565]] , [[ 748 1569]]
[[ 688 1430]] , [[ 688 1435]]
[[ 748 1468]] , [[ 748 1472]]
[[ 720 1430]] , [[ 720 1435]]
[[ 572 1558]] , [[ 572 1569]]
[[ 168 1350]] , [[ 168 1354]]
[[ 652 1482]] , [[ 652 1487]]
[[ 727 1470]] , [[ 726 1471]]
[[ 610 1564]] , [[ 610 1569]]
[[ 792 1556]] , [[ 792 1557]]
[[ 649 1558]] , [[ 649 1564]]
[[ 728 1470]] , [[ 727 1471]]
[[ 649 1560]] , [[ 649 1564]]
[[ 656 1368]] , [[ 656 1375]]
[[ 554 1474]] , [[ 554 1478]]
[[ 558 1482]] , [[ 558 1486]]
[[ 672 1486]] , [[ 672 1491]]
[[ 460 1486]] , [[ 460 1490]]
[[ 698 1472]] , [[ 698 1477]]
[[ 654 1478]] , [[ 654 1486]]
[[ 654 1478]] , [[ 654 1486]]
[[ 682 1411]] , [[ 682 1415]]
[[ 676 1486]] , [[ 676 1491]]
[[ 752 1468]] , [[ 752 1472]]
[[ 524 1477]] , [[ 524 1481]]
[[ 668 1406]] , [[ 668 1417]]
[[ 730 1469]] , [[ 730 1473]]
[[ 714 1552]] , [[ 714 1557]]
[[ 714 1552]] , [[ 714 1557]]
[[ 734 1494]] , [[ 734 1498]]
[[ 620 1552]] , [[ 620 1557]]
[[ 624 1480]] , [[ 624 1484]]
[[ 620 1550]] , [[ 620 1557]]
[[ 576 1548]] , [[ 576 1553]]
[[ 712 1552]] , [[ 712 1553]]
[[ 790 1562]] , [[ 790 1567]]
[[ 552 1564]] , [[ 552 1565]]
[[ 546 1552]] , [[ 546 1557]]
[[ 422 1483]] , [[ 422 1488]]
[[ 546 1552]] , [[ 546 1557]]
[[ 710 1473]] , [[ 710 1477]]
[[ 678 1422]] , [[ 678 1423]]
[[ 730 1469]] , [[ 729 1470]]
[[  86 1444]] , [[  86 1447]]
[[ 712 1473]] , [[ 712 1477]]
[[ 674 1424]] , [[ 674 1428]]
[[ 754 1470]] , [[ 754 1474]]
[[ 712 1473]] , [[ 712 1477]]
[[ 646 1474]] , [[ 645 1475]]
[[ 712 1473]] , [[ 712 1477]]
[[ 740 1430]] , [[ 740 1435]]
[[ 730 1469]] , [[ 729 1470]]
[[ 676 1426]] , [[ 676 1431]]
[[  12 1248]] , [[  12 1253]]
[[ 731 1469]] , [[ 731 1473]]
[[252 566]] , [[251 567]]
[[   2 1230]] , [[   2 1231]]
[[  14 1250]] , [[  14 1255]]
[[ 732 1469]] , [[ 732 1470]]
[[ 722 1473]] , [[ 722 1477]]
[[ 710 1473]] , [[ 710 1477]]
[[ 668 1338]] , [[ 668 1343]]
[[ 438 1482]] , [[ 437 1483]]
[[ 438 1482]] , [[ 437 1483]]
[[ 436 1482]] , [[ 435 1483]]
[[ 750 1468]] , [[ 750 1472]]
[[ 449 1482]] , [[ 448 1483]]
[[ 690 1549]] , [[ 690 1553]]
[[ 690 1549]] , [[ 690 1553]]
[[ 508 1488]] , [[ 508 1492]]
[[ 676 1530]] , [[ 676 1535]]
[[ 678 1530]] , [[ 678 1535]]
[[ 508 1488]] , [[ 508 1492]]
[[ 656 1402]] , [[ 656 1407]]
[[ 688 1300]] , [[ 688 1305]]
[[ 720 1428]] , [[ 720 1433]]
[[ 374 1100]] , [[ 374 1105]]
[[ 727 1471]] , [[ 727 1475]]
[[ 784 1562]] , [[ 784 1569]]
[[ 548 1548]] , [[ 548 1553]]
[[ 548 1548]] , [[ 548 1553]]
[[ 430 1484]] , [[ 430 1489]]
[[ 348 1488]] , [[ 348 1492]]
[[ 730 1469]] , [[ 729 1470]]
[[ 346 1488]] , [[ 346 1492]]
[[ 298 1482]] , [[ 298 1487]]
[[ 728 1470]] , [[ 726 1472]]
[[  16 1251]] , [[  16 1253]]
[[ 668 1338]] , [[ 668 1343]]
[[ 668 1338]] , [[ 668 1343]]
[[ 568 1484]] , [[ 568 1488]]
[[ 664 1298]] , [[ 664 1299]]
[[ 560 1482]] , [[ 560 1487]]
[[ 560 1482]] , [[ 560 1487]]
[[ 684 1369]] , [[ 684 1373]]
[[   0 1045]] , [[   0 1053]]
[[ 720 1430]] , [[ 720 1435]]
[[   9 1232]] , [[   9 1237]]
[[ 570 1480]] , [[ 570 1486]]
[[ 664 1298]] , [[ 664 1299]]
[[ 664 1298]] , [[ 664 1299]]
[[  23 1248]] , [[  23 1253]]
[[ 664 1298]] , [[ 664 1299]]
[[  28 1310]] , [[  28 1315]]
[[ 542 1476]] , [[ 542 1481]]
[[ 542 1476]] , [[ 542 1481]]
[[ 518 1477]] , [[ 518 1481]]
[[ 718 1474]] , [[ 718 1479]]
[[ 556 1554]] , [[ 556 1559]]
[[ 512 1478]] , [[ 512 1483]]
[[ 700 1542]] , [[ 700 1551]]
[[ 572 1568]] , [[ 572 1573]]
[[ 788 1564]] , [[ 788 1567]]
[[ 700 1564]] , [[ 700 1567]]
[[ 732 1551]] , [[ 732 1557]]
[[ 732 1551]] , [[ 732 1557]]
[[ 801 1564]] , [[ 801 1568]]
[[ 746 1564]] , [[ 746 1567]]
[[ 514 1478]] , [[ 514 1483]]
[[ 528 1476]] , [[ 527 1477]]
[[ 706 1548]] , [[ 706 1549]]
[[ 550 1564]] , [[ 550 1569]]
[[ 816 1564]] , [[ 816 1568]]
[[ 726 1432]] , [[ 726 1436]]
[[ 660 1372]] , [[ 660 1377]]
[[ 700 1328]] , [[ 700 1333]]
[[ 700 1328]] , [[ 700 1332]]
[[ 528 1476]] , [[ 528 1481]]
[[ 686 1328]] , [[ 686 1332]]
[[ 678 1428]] , [[ 678 1432]]
[[  71 1462]] , [[  70 1463]]
[[  68 1246]] , [[  68 1265]]
[[ 638 1478]] , [[ 638 1484]]
[[ 527 1476]] , [[ 526 1477]]
[[ 829 1566]] , [[ 829 1570]]
[[ 724 1428]] , [[ 724 1429]]
[[ 724 1428]] , [[ 724 1429]]
[[  68 1262]] , [[  68 1267]]
[[ 680 1328]] , [[ 680 1334]]
[[ 561 1477]] , [[ 561 1481]]
[[ 576 1568]] , [[ 576 1573]]
[[ 764 1566]] , [[ 764 1573]]
[[ 522 1575]] , [[ 522 1579]]
[[ 522 1575]] , [[ 522 1579]]
[[ 246 1577]] , [[ 245 1578]]
[[ 522 1575]] , [[ 522 1579]]
[[ 746 1568]] , [[ 746 1574]]
[[ 556 1572]] , [[ 556 1578]]
[[ 746 1568]] , [[ 746 1574]]
[[ 706 1566]] , [[ 706 1571]]
[[ 730 1568]] , [[ 730 1573]]
[[ 784 1776]] , [[ 784 1777]]
[[ 780 1778]] , [[ 780 1783]]
[[ 746 1568]] , [[ 746 1574]]
[[ 778 1566]] , [[ 778 1571]]
[[ 658 1564]] , [[ 658 1569]]
[[ 574 1566]] , [[ 574 1567]]
[[ 542 1552]] , [[ 542 1559]]
[[ 850 1559]] , [[ 850 1561]]
[[ 850 1559]] , [[ 850 1561]]
[[ 513 1782]] , [[ 513 1783]]
[[ 178 1579]] , [[ 178 1583]]
[[ 713 1784]] , [[ 713 1788]]
[[ 500 1802]] , [[ 500 1807]]
[[ 498 1577]] , [[ 498 1581]]
[[ 330 1577]] , [[ 329 1578]]
[[ 552 1566]] , [[ 552 1575]]
[[ 490 1576]] , [[ 490 1580]]
[[ 748 1570]] , [[ 748 1575]]
[[ 492 1576]] , [[ 492 1580]]
[[ 470 1577]] , [[ 470 1581]]
[[ 231 1579]] , [[ 231 1583]]
[[ 231 1579]] , [[ 231 1583]]
[[ 470 1577]] , [[ 470 1581]]
[[ 776 1636]] , [[ 776 1641]]
[[ 470 1577]] , [[ 470 1581]]
[[ 790 1634]] , [[ 790 1639]]
[[ 790 1634]] , [[ 790 1639]]
[[ 666 1648]] , [[ 666 1653]]
[[ 530 1574]] , [[ 529 1575]]
[[ 470 1577]] , [[ 470 1581]]
[[ 470 1577]] , [[ 470 1581]]
[[ 572 1728]] , [[ 572 1737]]
[[ 510 1575]] , [[ 509 1576]]
[[ 508 1575]] , [[ 508 1581]]
[[ 556 1562]] , [[ 556 1569]]
[[ 621 1568]] , [[ 620 1569]]
[[ 886 1566]] , [[ 886 1571]]
[[ 526 1575]] , [[ 526 1579]]
[[ 790 1634]] , [[ 790 1639]]
[[ 526 1575]] , [[ 526 1579]]
[[ 528 1575]] , [[ 528 1579]]
[[ 490 1576]] , [[ 490 1581]]
[[ 596 1787]] , [[ 596 1791]]
[[ 596 1787]] , [[ 596 1791]]
[[ 780 1568]] , [[ 780 1573]]
[[ 594 1786]] , [[ 594 1790]]
[[ 524 1575]] , [[ 524 1579]]
[[ 768 1568]] , [[ 768 1573]]
[[ 588 1564]] , [[ 588 1571]]
[[ 588 1566]] , [[ 588 1571]]
[[ 576 1564]] , [[ 576 1569]]
[[ 852 1566]] , [[ 852 1567]]
[[ 742 1562]] , [[ 742 1567]]
[[ 818 1562]] , [[ 818 1566]]
[[ 800 1562]] , [[ 800 1566]]
[[ 576 1564]] , [[ 576 1569]]
[[ 832 1560]] , [[ 832 1563]]
[[ 698 1555]] , [[ 698 1559]]
[[ 800 1562]] , [[ 800 1567]]
[[ 802 1562]] , [[ 802 1567]]
[[ 844 1559]] , [[ 844 1563]]
[[ 802 1562]] , [[ 802 1567]]
[[ 784 1566]] , [[ 784 1572]]
[[ 802 1562]] , [[ 802 1567]]
[[ 718 1482]] , [[ 718 1487]]
[[ 722 1484]] , [[ 722 1489]]
[[ 804 1562]] , [[ 804 1567]]
[[ 764 1564]] , [[ 764 1574]]
[[ 522 1336]] , [[ 522 1341]]
[[ 588 1568]] , [[ 588 1573]]
[[ 712 1566]] , [[ 712 1574]]
[[ 733 1469]] , [[ 733 1473]]
[[ 240 1370]] , [[ 240 1374]]
[[ 710 1372]] , [[ 710 1376]]
[[ 632 1472]] , [[ 632 1481]]
[[ 710 1372]] , [[ 710 1376]]
[[  52 1294]] , [[  52 1299]]
[[   0 1052]] , [[   0 1065]]
[[  50 1294]] , [[  50 1299]]
[[ 163 1355]] , [[ 163 1359]]
[[ 632 1476]] , [[ 632 1481]]
[[ 666 1339]] , [[ 666 1343]]
[[   0 1250]] , [[   0 1255]]
[[  88 1266]] , [[  86 1268]]
[[ 654 1370]] , [[ 654 1377]]
[[ 366 1086]] , [[ 366 1091]]
[[ 372 1086]] , [[ 372 1090]]
[[ 664 1339]] , [[ 663 1340]]
[[ 160 1369]] , [[ 160 1373]]
[[ 240 1370]] , [[ 240 1374]]
[[ 640 1332]] , [[ 640 1337]]
[[ 640 1332]] , [[ 640 1337]]
[[  85 1265]] , [[  85 1269]]
[[ 735 1468]] , [[ 734 1469]]
[[ 726 1471]] , [[ 725 1472]]
[[ 240 1370]] , [[ 240 1374]]
[[ 676 1406]] , [[ 676 1411]]
[[ 706 1471]] , [[ 706 1475]]
[[ 724 1471]] , [[ 723 1472]]
[[ 428 1514]] , [[ 428 1518]]
[[ 724 1471]] , [[ 723 1472]]
[[ 240 1370]] , [[ 240 1374]]
[[ 736 1468]] , [[ 735 1469]]
[[ 706 1471]] , [[ 706 1475]]
[[ 719 1473]] , [[ 718 1474]]
[[ 540 1568]] , [[ 540 1571]]
[[ 544 1566]] , [[ 544 1567]]
[[ 704 1470]] , [[ 704 1477]]
[[ 684 1302]] , [[ 684 1307]]
[[  72 1276]] , [[  71 1277]]
[[184 572]] , [[184 573]]
[[ 270 1346]] , [[ 270 1350]]
[[  71 1277]] , [[  71 1281]]
[[  71 1277]] , [[  71 1281]]
[[ 666 1339]] , [[ 666 1343]]
[[  72 1277]] , [[  72 1281]]
[[ 219 1292]] , [[ 219 1296]]
[[ 672 1368]] , [[ 672 1373]]
[[ 218 1292]] , [[ 218 1296]]
[[ 666 1339]] , [[ 666 1343]]
[[ 754 1468]] , [[ 754 1473]]
[[ 716 1474]] , [[ 716 1479]]
[[ 716 1474]] , [[ 716 1479]]
[[ 694 1368]] , [[ 694 1373]]
[[ 672 1368]] , [[ 672 1373]]
[[ 744 1431]] , [[ 744 1435]]
[[ 740 1468]] , [[ 740 1475]]
[[ 740 1468]] , [[ 740 1473]]
[[ 666 1338]] , [[ 666 1343]]
[[ 665 1338]] , [[ 664 1339]]
[[ 723 1054]] , [[ 724 1053]]
[[ 665 1338]] , [[ 664 1339]]
[[ 672 1426]] , [[ 672 1430]]
[[  73 1275]] , [[  73 1279]]
[[ 647 1334]] , [[ 647 1338]]
[[  73 1275]] , [[  73 1279]]
[[168 572]] , [[168 573]]
[[  76 1274]] , [[  75 1275]]
[[170 571]] , [[169 572]]
[[168 572]] , [[168 573]]
[[168 572]] , [[168 573]]
[[ 736 1470]] , [[ 736 1475]]
[[601 920]] , [[602 919]]
[[ 725 1058]] , [[ 726 1057]]
[[365 965]] , [[366 964]]
[[477 920]] , [[478 919]]
[[601 920]] , [[602 919]]
[[713 984]] , [[714 983]]
[[601 920]] , [[602 919]]
[[600 920]] , [[601 919]]
[[ 158 1361]] , [[ 158 1365]]
[[ 714 1432]] , [[ 714 1437]]
[[ 564 1570]] , [[ 564 1575]]
[[ 714 1432]] , [[ 714 1437]]
[[170 570]] , [[170 571]]
[[ 668 1339]] , [[ 668 1343]]
[[170 572]] , [[170 575]]
[[669 918]] , [[670 917]]
[[659 760]] , [[660 759]]
[[475 920]] , [[476 919]]
[[ 739 1054]] , [[ 740 1053]]
[[196 571]] , [[195 572]]
[[ 739 1468]] , [[ 738 1469]]
[[ 672 1424]] , [[ 672 1429]]
[[   6 1048]] , [[   6 1053]]
[[  68 1253]] , [[  68 1257]]
[[485 921]] , [[486 920]]
[[ 750 1468]] , [[ 750 1472]]
[[339 986]] , [[340 985]]
[[   6 1048]] , [[   6 1053]]
[[211 564]] , [[209 566]]
[[ 736 1468]] , [[ 735 1469]]
[[ 736 1468]] , [[ 735 1469]]
[[ 558 1474]] , [[ 558 1475]]
[[ 736 1468]] , [[ 735 1469]]
[[ 733 1468]] , [[ 732 1469]]
[[ 524 1475]] , [[ 524 1479]]
[[ 608 1568]] , [[ 608 1575]]
[[ 524 1475]] , [[ 524 1479]]
[[ 529 1474]] , [[ 528 1475]]
[[ 752 1468]] , [[ 752 1473]]
[[ 704 1471]] , [[ 704 1477]]
[[ 736 1468]] , [[ 735 1469]]
[[ 736 1468]] , [[ 735 1469]]
[[ 556 1480]] , [[ 556 1485]]
[[ 705 1471]] , [[ 705 1475]]
[[ 735 1468]] , [[ 734 1469]]
[[ 738 1480]] , [[ 738 1485]]
[[ 692 1568]] , [[ 692 1574]]
[[ 572 1558]] , [[ 572 1563]]
[[ 622 1548]] , [[ 622 1553]]
[[ 756 1802]] , [[ 756 1806]]
[[ 700 1470]] , [[ 700 1474]]
[[ 652 1542]] , [[ 652 1547]]
[[ 812 1562]] , [[ 812 1566]]
[[ 556 1568]] , [[ 556 1573]]
[[ 812 1562]] , [[ 812 1566]]
[[ 792 1560]] , [[ 792 1563]]
[[ 792 1560]] , [[ 792 1563]]
[[ 570 1568]] , [[ 570 1573]]
[[ 680 1548]] , [[ 680 1553]]
[[ 570 1568]] , [[ 570 1573]]
[[ 557 1483]] , [[ 557 1487]]
[[ 530 1548]] , [[ 530 1553]]
[[ 656 1474]] , [[ 656 1481]]
[[ 734 1469]] , [[ 734 1473]]
[[ 720 1370]] , [[ 720 1375]]
[[ 792 1560]] , [[ 792 1563]]
[[ 554 1481]] , [[ 554 1487]]
[[ 608 1566]] , [[ 608 1567]]
[[ 790 1560]] , [[ 790 1563]]
[[ 542 1478]] , [[ 542 1483]]
[[ 656 1474]] , [[ 656 1481]]
[[ 524 1548]] , [[ 524 1549]]
[[ 543 1474]] , [[ 542 1475]]
[[ 766 1568]] , [[ 766 1572]]
[[ 682 1552]] , [[ 682 1563]]
[[ 682 1554]] , [[ 682 1565]]
[[ 784 1468]] , [[ 784 1473]]
[[ 518 1336]] , [[ 517 1337]]
[[ 518 1336]] , [[ 517 1337]]
[[ 158 1360]] , [[ 158 1364]]
[[ 270 1342]] , [[ 270 1347]]
[[ 270 1342]] , [[ 269 1343]]
[[ 666 1298]] , [[ 666 1303]]
[[ 666 1298]] , [[ 666 1303]]
[[  72 1190]] , [[  72 1196]]
[[ 688 1430]] , [[ 688 1435]]
[[ 646 1371]] , [[ 646 1375]]
[[ 544 1472]] , [[ 543 1473]]
[[ 702 1558]] , [[ 702 1569]]
[[ 524 1476]] , [[ 524 1481]]
[[ 616 1478]] , [[ 616 1482]]
[[ 732 1424]] , [[ 732 1429]]
[[ 732 1424]] , [[ 732 1429]]
[[ 554 1474]] , [[ 554 1479]]
[[ 620 1548]] , [[ 620 1553]]
[[ 662 1560]] , [[ 662 1567]]
[[ 732 1370]] , [[ 732 1375]]
[[ 704 1560]] , [[ 704 1561]]
[[ 832 1560]] , [[ 832 1567]]
[[ 750 1568]] , [[ 750 1569]]
[[ 726 1570]] , [[ 726 1575]]
[[ 718 1802]] , [[ 718 1807]]
[[ 780 1636]] , [[ 780 1641]]
[[  60 1582]] , [[  60 1586]]
[[ 312 1579]] , [[ 312 1583]]
[[ 562 1572]] , [[ 562 1577]]
[[ 636 1474]] , [[ 636 1483]]
[[ 556 1482]] , [[ 556 1489]]
[[ 556 1472]] , [[ 556 1478]]
[[ 638 1474]] , [[ 638 1483]]
[[ 556 1472]] , [[ 556 1477]]
[[ 748 1570]] , [[ 748 1575]]
[[ 774 1568]] , [[ 774 1573]]
[[ 640 1474]] , [[ 640 1475]]
[[ 862 1564]] , [[ 862 1565]]
[[ 846 1558]] , [[ 846 1561]]
[[ 546 1724]] , [[ 546 1729]]
[[ 552 1720]] , [[ 552 1722]]
[[ 704 1550]] , [[ 704 1559]]
[[ 718 1562]] , [[ 718 1567]]
[[ 832 1564]] , [[ 832 1568]]
[[ 718 1552]] , [[ 718 1553]]
[[ 616 1810]] , [[ 616 1815]]
[[ 705 1777]] , [[ 705 1781]]
[[ 780 1634]] , [[ 780 1639]]
[[ 238 1579]] , [[ 238 1583]]
[[ 500 1748]] , [[ 500 1753]]
[[ 554 1782]] , [[ 554 1787]]
[[ 745 1570]] , [[ 745 1574]]
[[ 254 1578]] , [[ 254 1583]]
[[ 834 1562]] , [[ 834 1567]]
[[ 661 1548]] , [[ 660 1549]]
[[ 662 1546]] , [[ 662 1547]]
[[ 632 1559]] , [[ 631 1560]]
[[ 792 1560]] , [[ 792 1567]]
[[ 624 1782]] , [[ 624 1786]]
[[ 400 1578]] , [[ 400 1582]]
[[ 704 1692]] , [[ 704 1697]]
[[ 700 1808]] , [[ 700 1815]]
[[ 597 1555]] , [[ 596 1556]]
[[ 912 1579]] , [[ 912 1583]]
[[ 912 1579]] , [[ 912 1583]]
[[ 862 1568]] , [[ 862 1573]]
[[ 920 1594]] , [[ 920 1598]]
[[ 662 1565]] , [[ 662 1569]]
[[ 400 1578]] , [[ 400 1582]]
[[ 894 1571]] , [[ 894 1575]]
[[ 762 1636]] , [[ 762 1640]]
[[ 920 1594]] , [[ 920 1598]]
[[ 579 1752]] , [[ 579 1756]]
[[ 658 1564]] , [[ 658 1569]]
[[ 504 1744]] , [[ 504 1749]]
[[ 752 1570]] , [[ 752 1575]]
[[ 754 1802]] , [[ 754 1804]]
[[ 750 1572]] , [[ 750 1576]]
[[ 536 1816]] , [[ 536 1817]]
[[ 548 1739]] , [[ 548 1743]]
[[ 670 1796]] , [[ 670 1803]]
[[ 660 1792]] , [[ 660 1796]]
[[ 752 1778]] , [[ 752 1787]]
[[ 620 1569]] , [[ 620 1573]]
[[ 560 1800]] , [[ 560 1805]]
[[ 609 1786]] , [[ 608 1787]]
[[ 416 1578]] , [[ 416 1582]]
[[ 620 1569]] , [[ 620 1573]]
[[ 524 1574]] , [[ 523 1575]]
[[ 744 1570]] , [[ 744 1574]]
[[ 524 1574]] , [[ 523 1575]]
[[ 748 1568]] , [[ 748 1569]]
[[ 620 1568]] , [[ 620 1573]]
[[ 523 1574]] , [[ 522 1575]]
[[ 688 1762]] , [[ 688 1769]]
[[ 696 1760]] , [[ 696 1765]]
[[ 548 1738]] , [[ 547 1739]]
[[ 716 1646]] , [[ 716 1650]]
[[ 782 1634]] , [[ 782 1639]]
[[ 416 1577]] , [[ 416 1581]]
[[ 268 1579]] , [[ 268 1583]]
[[ 780 1568]] , [[ 780 1572]]
[[ 780 1568]] , [[ 780 1572]]
[[ 728 1570]] , [[ 728 1574]]
[[ 748 1570]] , [[ 748 1575]]
[[ 268 1579]] , [[ 268 1583]]
[[ 572 1555]] , [[ 572 1563]]
[[ 682 1560]] , [[ 682 1564]]
[[ 685 1376]] , [[ 685 1381]]
[[ 685 1376]] , [[ 685 1381]]
[[ 664 1408]] , [[ 664 1415]]
[[ 776 1564]] , [[ 776 1569]]
[[ 506 1734]] , [[ 506 1738]]
[[ 748 1570]] , [[ 748 1575]]
[[ 448 1762]] , [[ 448 1769]]
[[ 560 1732]] , [[ 560 1737]]
[[ 524 1572]] , [[ 523 1573]]
[[ 746 1570]] , [[ 746 1574]]
[[ 520 1573]] , [[ 520 1574]]
[[ 746 1570]] , [[ 746 1574]]
[[ 746 1570]] , [[ 746 1574]]
[[ 682 1558]] , [[ 682 1563]]
[[ 554 1564]] , [[ 554 1567]]
[[ 369 1013]] , [[ 369 1017]]
[[ 734 1468]] , [[ 734 1473]]
[[ 694 1428]] , [[ 694 1433]]
[[ 694 1428]] , [[ 694 1434]]
[[864 744]] , [[864 755]]
[[ 714 1548]] , [[ 714 1561]]
[[ 714 1550]] , [[ 714 1561]]
[[ 547 1551]] , [[ 547 1555]]
[[ 581 1572]] , [[ 581 1576]]
[[ 606 1556]] , [[ 606 1567]]
[[ 560 1566]] , [[ 560 1571]]
[[ 618 1550]] , [[ 618 1555]]
[[ 606 1556]] , [[ 606 1563]]
[[ 700 1556]] , [[ 700 1561]]
[[ 684 1556]] , [[ 684 1563]]
[[ 622 1474]] , [[ 622 1479]]
[[ 752 1467]] , [[ 752 1471]]
[[ 680 1556]] , [[ 680 1564]]
[[ 744 1468]] , [[ 744 1473]]
[[ 720 1478]] , [[ 720 1485]]
[[ 546 1548]] , [[ 546 1555]]
[[ 768 1568]] , [[ 768 1573]]
[[ 768 1568]] , [[ 768 1573]]
[[ 624 1550]] , [[ 624 1560]]
[[ 768 1568]] , [[ 768 1573]]
[[ 628 1548]] , [[ 628 1553]]
[[ 768 1568]] , [[ 768 1573]]
[[ 702 1368]] , [[ 702 1375]]
[[ 696 1428]] , [[ 696 1433]]
[[ 544 1479]] , [[ 544 1483]]
[[ 716 1473]] , [[ 716 1477]]
[[ 702 1554]] , [[ 702 1561]]
[[ 696 1566]] , [[ 696 1567]]
[[ 814 1558]] , [[ 814 1559]]
[[ 518 1476]] , [[ 518 1481]]
[[ 764 1484]] , [[ 764 1489]]
[[ 764 1484]] , [[ 764 1489]]
[[ 696 1428]] , [[ 696 1433]]
[[ 730 1432]] , [[ 730 1436]]
[[ 698 1430]] , [[ 698 1434]]
[[ 624 1474]] , [[ 624 1480]]
[[ 564 1570]] , [[ 564 1571]]
[[ 718 1474]] , [[ 718 1479]]
[[ 564 1570]] , [[ 564 1571]]
[[ 339 1344]] , [[ 339 1348]]
[[  42 1078]] , [[  42 1087]]
[[ 656 1248]] , [[ 656 1255]]
[[  44 1084]] , [[  44 1089]]
[[  28 1040]] , [[  28 1045]]
[[384 743]] , [[384 747]]
[[  44 1070]] , [[  44 1071]]
[[  10 1038]] , [[  10 1045]]
[[  70 1262]] , [[  70 1273]]
[[   0 1060]] , [[   0 1133]]
[[ 688 1430]] , [[ 688 1434]]
[[ 732 1428]] , [[ 732 1435]]
[[ 696 1472]] , [[ 696 1476]]
[[ 730 1428]] , [[ 730 1435]]
[[ 706 1472]] , [[ 706 1477]]
[[ 734 1469]] , [[ 733 1470]]
[[ 558 1552]] , [[ 558 1559]]
[[ 800 1555]] , [[ 800 1561]]
[[ 748 1565]] , [[ 748 1569]]
[[ 688 1430]] , [[ 688 1435]]
[[ 748 1468]] , [[ 748 1472]]
[[ 720 1430]] , [[ 720 1435]]
[[ 572 1558]] , [[ 572 1569]]
[[ 168 1350]] , [[ 168 1354]]
[[ 652 1482]] , [[ 652 1487]]
[[ 727 1470]] , [[ 726 1471]]
[[ 610 1564]] , [[ 610 1569]]
[[ 792 1556]] , [[ 792 1557]]
[[ 649 1558]] , [[ 649 1564]]
[[ 728 1470]] , [[ 727 1471]]
[[ 649 1560]] , [[ 649 1564]]
[[ 656 1368]] , [[ 656 1375]]
[[ 554 1474]] , [[ 554 1478]]
[[ 558 1482]] , [[ 558 1486]]
[[ 672 1486]] , [[ 672 1491]]
[[ 460 1486]] , [[ 460 1490]]
[[ 698 1472]] , [[ 698 1477]]
[[ 654 1478]] , [[ 654 1486]]
[[ 654 1478]] , [[ 654 1486]]
[[ 682 1411]] , [[ 682 1415]]
[[ 676 1486]] , [[ 676 1491]]
[[ 752 1468]] , [[ 752 1472]]
[[ 524 1477]] , [[ 524 1481]]
[[ 668 1406]] , [[ 668 1417]]
[[ 730 1469]] , [[ 730 1473]]
[[ 714 1552]] , [[ 714 1557]]
[[ 714 1552]] , [[ 714 1557]]
[[ 734 1494]] , [[ 734 1498]]
[[ 620 1552]] , [[ 620 1557]]
[[ 624 1480]] , [[ 624 1484]]
[[ 620 1550]] , [[ 620 1557]]
[[ 576 1548]] , [[ 576 1553]]
[[ 712 1552]] , [[ 712 1553]]
[[ 790 1562]] , [[ 790 1567]]
[[ 552 1564]] , [[ 552 1565]]
[[ 546 1552]] , [[ 546 1557]]
[[ 422 1483]] , [[ 422 1488]]
[[ 546 1552]] , [[ 546 1557]]
[[ 710 1473]] , [[ 710 1477]]
[[ 678 1422]] , [[ 678 1423]]
[[ 730 1469]] , [[ 729 1470]]
[[  86 1444]] , [[  86 1447]]
[[ 712 1473]] , [[ 712 1477]]
[[ 674 1424]] , [[ 674 1428]]
[[ 754 1470]] , [[ 754 1474]]
[[ 712 1473]] , [[ 712 1477]]
[[ 646 1474]] , [[ 645 1475]]
[[ 712 1473]] , [[ 712 1477]]
[[ 740 1430]] , [[ 740 1435]]
[[ 730 1469]] , [[ 729 1470]]
[[ 676 1426]] , [[ 676 1431]]
[[  12 1248]] , [[  12 1253]]
[[ 731 1469]] , [[ 731 1473]]
[[252 566]] , [[251 567]]
[[   2 1230]] , [[   2 1231]]
[[  14 1250]] , [[  14 1255]]
[[ 732 1469]] , [[ 732 1470]]
[[ 722 1473]] , [[ 722 1477]]
[[ 710 1473]] , [[ 710 1477]]
[[ 668 1338]] , [[ 668 1343]]
[[ 438 1482]] , [[ 437 1483]]
[[ 438 1482]] , [[ 437 1483]]
[[ 436 1482]] , [[ 435 1483]]
[[ 750 1468]] , [[ 750 1472]]
[[ 449 1482]] , [[ 448 1483]]
[[ 690 1549]] , [[ 690 1553]]
[[ 690 1549]] , [[ 690 1553]]
[[ 508 1488]] , [[ 508 1492]]
[[ 676 1530]] , [[ 676 1535]]
[[ 678 1530]] , [[ 678 1535]]
[[ 508 1488]] , [[ 508 1492]]
[[ 656 1402]] , [[ 656 1407]]
[[ 688 1300]] , [[ 688 1305]]
[[ 720 1428]] , [[ 720 1433]]
[[ 374 1100]] , [[ 374 1105]]
[[ 727 1471]] , [[ 727 1475]]
[[ 784 1562]] , [[ 784 1569]]
[[ 548 1548]] , [[ 548 1553]]
[[ 548 1548]] , [[ 548 1553]]
[[ 430 1484]] , [[ 430 1489]]
[[ 348 1488]] , [[ 348 1492]]
[[ 730 1469]] , [[ 729 1470]]
[[ 346 1488]] , [[ 346 1492]]
[[ 298 1482]] , [[ 298 1487]]
[[ 728 1470]] , [[ 726 1472]]
[[  16 1251]] , [[  16 1253]]
[[ 668 1338]] , [[ 668 1343]]
[[ 668 1338]] , [[ 668 1343]]
[[ 568 1484]] , [[ 568 1488]]
[[ 664 1298]] , [[ 664 1299]]
[[ 560 1482]] , [[ 560 1487]]
[[ 560 1482]] , [[ 560 1487]]
[[ 684 1369]] , [[ 684 1373]]
[[   0 1045]] , [[   0 1053]]
[[ 720 1430]] , [[ 720 1435]]
[[   9 1232]] , [[   9 1237]]
[[ 570 1480]] , [[ 570 1486]]
[[ 664 1298]] , [[ 664 1299]]
[[ 664 1298]] , [[ 664 1299]]
[[  23 1248]] , [[  23 1253]]
[[ 664 1298]] , [[ 664 1299]]
[[  28 1310]] , [[  28 1315]]
[[ 542 1476]] , [[ 542 1481]]
[[ 542 1476]] , [[ 542 1481]]
[[ 518 1477]] , [[ 518 1481]]
[[ 718 1474]] , [[ 718 1479]]
[[ 556 1554]] , [[ 556 1559]]
[[ 512 1478]] , [[ 512 1483]]
[[ 700 1542]] , [[ 700 1551]]
[[ 572 1568]] , [[ 572 1573]]
[[ 788 1564]] , [[ 788 1567]]
[[ 700 1564]] , [[ 700 1567]]
[[ 732 1551]] , [[ 732 1557]]
[[ 732 1551]] , [[ 732 1557]]
[[ 801 1564]] , [[ 801 1568]]
[[ 746 1564]] , [[ 746 1567]]
[[ 514 1478]] , [[ 514 1483]]
[[ 528 1476]] , [[ 527 1477]]
[[ 706 1548]] , [[ 706 1549]]
[[ 550 1564]] , [[ 550 1569]]
[[ 816 1564]] , [[ 816 1568]]
[[ 726 1432]] , [[ 726 1436]]
[[ 660 1372]] , [[ 660 1377]]
[[ 700 1328]] , [[ 700 1333]]
[[ 700 1328]] , [[ 700 1332]]
[[ 528 1476]] , [[ 528 1481]]
[[ 686 1328]] , [[ 686 1332]]
[[ 678 1428]] , [[ 678 1432]]
[[  71 1462]] , [[  70 1463]]
[[  68 1246]] , [[  68 1265]]
[[ 638 1478]] , [[ 638 1484]]
[[ 527 1476]] , [[ 526 1477]]
[[ 829 1566]] , [[ 829 1570]]
[[ 724 1428]] , [[ 724 1429]]
[[ 724 1428]] , [[ 724 1429]]
[[  68 1262]] , [[  68 1267]]
[[ 680 1328]] , [[ 680 1334]]
[[ 561 1477]] , [[ 561 1481]]
[[ 576 1568]] , [[ 576 1573]]
[[ 764 1566]] , [[ 764 1573]]
[[ 522 1575]] , [[ 522 1579]]
[[ 522 1575]] , [[ 522 1579]]
[[ 246 1577]] , [[ 245 1578]]
[[ 522 1575]] , [[ 522 1579]]
[[ 746 1568]] , [[ 746 1574]]
[[ 556 1572]] , [[ 556 1578]]
[[ 746 1568]] , [[ 746 1574]]
[[ 706 1566]] , [[ 706 1571]]
[[ 730 1568]] , [[ 730 1573]]
[[ 784 1776]] , [[ 784 1777]]
[[ 780 1778]] , [[ 780 1783]]
[[ 746 1568]] , [[ 746 1574]]
[[ 778 1566]] , [[ 778 1571]]
[[ 658 1564]] , [[ 658 1569]]
[[ 574 1566]] , [[ 574 1567]]
[[ 542 1552]] , [[ 542 1559]]
[[ 850 1559]] , [[ 850 1561]]
[[ 850 1559]] , [[ 850 1561]]
[[ 513 1782]] , [[ 513 1783]]
[[ 178 1579]] , [[ 178 1583]]
[[ 713 1784]] , [[ 713 1788]]
[[ 500 1802]] , [[ 500 1807]]
[[ 498 1577]] , [[ 498 1581]]
[[ 330 1577]] , [[ 329 1578]]
[[ 552 1566]] , [[ 552 1575]]
[[ 490 1576]] , [[ 490 1580]]
[[ 748 1570]] , [[ 748 1575]]
[[ 492 1576]] , [[ 492 1580]]
[[ 470 1577]] , [[ 470 1581]]
[[ 231 1579]] , [[ 231 1583]]
[[ 231 1579]] , [[ 231 1583]]
[[ 470 1577]] , [[ 470 1581]]
[[ 776 1636]] , [[ 776 1641]]
[[ 470 1577]] , [[ 470 1581]]
[[ 790 1634]] , [[ 790 1639]]
[[ 790 1634]] , [[ 790 1639]]
[[ 666 1648]] , [[ 666 1653]]
[[ 530 1574]] , [[ 529 1575]]
[[ 470 1577]] , [[ 470 1581]]
[[ 470 1577]] , [[ 470 1581]]
[[ 572 1728]] , [[ 572 1737]]
[[ 510 1575]] , [[ 509 1576]]
[[ 508 1575]] , [[ 508 1581]]
[[ 556 1562]] , [[ 556 1569]]
[[ 621 1568]] , [[ 620 1569]]
[[ 886 1566]] , [[ 886 1571]]
[[ 526 1575]] , [[ 526 1579]]
[[ 790 1634]] , [[ 790 1639]]
[[ 526 1575]] , [[ 526 1579]]
[[ 528 1575]] , [[ 528 1579]]
[[ 490 1576]] , [[ 490 1581]]
[[ 596 1787]] , [[ 596 1791]]
[[ 596 1787]] , [[ 596 1791]]
[[ 780 1568]] , [[ 780 1573]]
[[ 594 1786]] , [[ 594 1790]]
[[ 524 1575]] , [[ 524 1579]]
[[ 768 1568]] , [[ 768 1573]]
[[ 588 1564]] , [[ 588 1571]]
[[ 588 1566]] , [[ 588 1571]]
[[ 576 1564]] , [[ 576 1569]]
[[ 852 1566]] , [[ 852 1567]]
[[ 742 1562]] , [[ 742 1567]]
[[ 818 1562]] , [[ 818 1566]]
[[ 800 1562]] , [[ 800 1566]]
[[ 576 1564]] , [[ 576 1569]]
[[ 832 1560]] , [[ 832 1563]]
[[ 698 1555]] , [[ 698 1559]]
[[ 800 1562]] , [[ 800 1567]]
[[ 802 1562]] , [[ 802 1567]]
[[ 844 1559]] , [[ 844 1563]]
[[ 802 1562]] , [[ 802 1567]]
[[ 784 1566]] , [[ 784 1572]]
[[ 802 1562]] , [[ 802 1567]]
[[ 718 1482]] , [[ 718 1487]]
[[ 722 1484]] , [[ 722 1489]]
[[ 804 1562]] , [[ 804 1567]]
[[ 764 1564]] , [[ 764 1574]]
[[ 522 1336]] , [[ 522 1341]]
[[ 588 1568]] , [[ 588 1573]]
[[ 712 1566]] , [[ 712 1574]]
[[ 733 1469]] , [[ 733 1473]]
[[ 240 1370]] , [[ 240 1374]]
[[ 710 1372]] , [[ 710 1376]]
[[ 632 1472]] , [[ 632 1481]]
[[ 710 1372]] , [[ 710 1376]]
[[  52 1294]] , [[  52 1299]]
[[   0 1052]] , [[   0 1065]]
[[  50 1294]] , [[  50 1299]]
[[ 163 1355]] , [[ 163 1359]]
[[ 632 1476]] , [[ 632 1481]]
[[ 666 1339]] , [[ 666 1343]]
[[   0 1250]] , [[   0 1255]]
[[  88 1266]] , [[  86 1268]]
[[ 654 1370]] , [[ 654 1377]]
[[ 366 1086]] , [[ 366 1091]]
[[ 372 1086]] , [[ 372 1090]]
[[ 664 1339]] , [[ 663 1340]]
[[ 160 1369]] , [[ 160 1373]]
[[ 240 1370]] , [[ 240 1374]]
[[ 640 1332]] , [[ 640 1337]]
[[ 640 1332]] , [[ 640 1337]]
[[  85 1265]] , [[  85 1269]]
[[ 735 1468]] , [[ 734 1469]]
[[ 726 1471]] , [[ 725 1472]]
[[ 240 1370]] , [[ 240 1374]]
[[ 676 1406]] , [[ 676 1411]]
[[ 706 1471]] , [[ 706 1475]]
[[ 724 1471]] , [[ 723 1472]]
[[ 428 1514]] , [[ 428 1518]]
[[ 724 1471]] , [[ 723 1472]]
[[ 240 1370]] , [[ 240 1374]]
[[ 736 1468]] , [[ 735 1469]]
[[ 706 1471]] , [[ 706 1475]]
[[ 719 1473]] , [[ 718 1474]]
[[ 540 1568]] , [[ 540 1571]]
[[ 544 1566]] , [[ 544 1567]]
[[ 704 1470]] , [[ 704 1477]]
[[ 684 1302]] , [[ 684 1307]]
[[  72 1276]] , [[  71 1277]]
[[184 572]] , [[184 573]]
[[ 270 1346]] , [[ 270 1350]]
[[  71 1277]] , [[  71 1281]]
[[  71 1277]] , [[  71 1281]]
[[ 666 1339]] , [[ 666 1343]]
[[  72 1277]] , [[  72 1281]]
[[ 219 1292]] , [[ 219 1296]]
[[ 672 1368]] , [[ 672 1373]]
[[ 218 1292]] , [[ 218 1296]]
[[ 666 1339]] , [[ 666 1343]]
[[ 754 1468]] , [[ 754 1473]]
[[ 716 1474]] , [[ 716 1479]]
[[ 716 1474]] , [[ 716 1479]]
[[ 694 1368]] , [[ 694 1373]]
[[ 672 1368]] , [[ 672 1373]]
[[ 744 1431]] , [[ 744 1435]]
[[ 740 1468]] , [[ 740 1475]]
[[ 740 1468]] , [[ 740 1473]]
[[ 666 1338]] , [[ 666 1343]]
[[ 665 1338]] , [[ 664 1339]]
[[ 723 1054]] , [[ 724 1053]]
[[ 665 1338]] , [[ 664 1339]]
[[ 672 1426]] , [[ 672 1430]]
[[  73 1275]] , [[  73 1279]]
[[ 647 1334]] , [[ 647 1338]]
[[  73 1275]] , [[  73 1279]]
[[168 572]] , [[168 573]]
[[  76 1274]] , [[  75 1275]]
[[170 571]] , [[169 572]]
[[168 572]] , [[168 573]]
[[168 572]] , [[168 573]]
[[ 736 1470]] , [[ 736 1475]]
[[601 920]] , [[602 919]]
[[ 725 1058]] , [[ 726 1057]]
[[365 965]] , [[366 964]]
[[477 920]] , [[478 919]]
[[601 920]] , [[602 919]]
[[713 984]] , [[714 983]]
[[601 920]] , [[602 919]]
[[600 920]] , [[601 919]]
[[ 158 1361]] , [[ 158 1365]]
[[ 714 1432]] , [[ 714 1437]]
[[ 564 1570]] , [[ 564 1575]]
[[ 714 1432]] , [[ 714 1437]]
[[170 570]] , [[170 571]]
[[ 668 1339]] , [[ 668 1343]]
[[170 572]] , [[170 575]]
[[669 918]] , [[670 917]]
[[659 760]] , [[660 759]]
[[475 920]] , [[476 919]]
[[ 739 1054]] , [[ 740 1053]]
[[196 571]] , [[195 572]]
[[ 739 1468]] , [[ 738 1469]]
[[ 672 1424]] , [[ 672 1429]]
[[   6 1048]] , [[   6 1053]]
[[  68 1253]] , [[  68 1257]]
[[485 921]] , [[486 920]]
[[ 750 1468]] , [[ 750 1472]]
[[339 986]] , [[340 985]]
[[   6 1048]] , [[   6 1053]]
[[211 564]] , [[209 566]]
[[ 736 1468]] , [[ 735 1469]]
[[ 736 1468]] , [[ 735 1469]]
[[ 558 1474]] , [[ 558 1475]]
[[ 736 1468]] , [[ 735 1469]]
[[ 733 1468]] , [[ 732 1469]]
[[ 524 1475]] , [[ 524 1479]]
[[ 608 1568]] , [[ 608 1575]]
[[ 524 1475]] , [[ 524 1479]]
[[ 529 1474]] , [[ 528 1475]]
[[ 752 1468]] , [[ 752 1473]]
[[ 704 1471]] , [[ 704 1477]]
[[ 736 1468]] , [[ 735 1469]]
[[ 736 1468]] , [[ 735 1469]]
[[ 556 1480]] , [[ 556 1485]]
[[ 705 1471]] , [[ 705 1475]]
[[ 735 1468]] , [[ 734 1469]]
[[ 738 1480]] , [[ 738 1485]]
[[ 692 1568]] , [[ 692 1574]]
[[ 572 1558]] , [[ 572 1563]]
[[ 622 1548]] , [[ 622 1553]]
[[ 756 1802]] , [[ 756 1806]]
[[ 700 1470]] , [[ 700 1474]]
[[ 652 1542]] , [[ 652 1547]]
[[ 812 1562]] , [[ 812 1566]]
[[ 556 1568]] , [[ 556 1573]]
[[ 812 1562]] , [[ 812 1566]]
[[ 792 1560]] , [[ 792 1563]]
[[ 792 1560]] , [[ 792 1563]]
[[ 570 1568]] , [[ 570 1573]]
[[ 680 1548]] , [[ 680 1553]]
[[ 570 1568]] , [[ 570 1573]]
[[ 557 1483]] , [[ 557 1487]]
[[ 530 1548]] , [[ 530 1553]]
[[ 656 1474]] , [[ 656 1481]]
[[ 734 1469]] , [[ 734 1473]]
[[ 720 1370]] , [[ 720 1375]]
[[ 792 1560]] , [[ 792 1563]]
[[ 554 1481]] , [[ 554 1487]]
[[ 608 1566]] , [[ 608 1567]]
[[ 790 1560]] , [[ 790 1563]]
[[ 542 1478]] , [[ 542 1483]]
[[ 656 1474]] , [[ 656 1481]]
[[ 524 1548]] , [[ 524 1549]]
[[ 543 1474]] , [[ 542 1475]]
[[ 766 1568]] , [[ 766 1572]]
[[ 682 1552]] , [[ 682 1563]]
[[ 682 1554]] , [[ 682 1565]]
[[ 784 1468]] , [[ 784 1473]]
[[ 518 1336]] , [[ 517 1337]]
[[ 518 1336]] , [[ 517 1337]]
[[ 158 1360]] , [[ 158 1364]]
[[ 270 1342]] , [[ 270 1347]]
[[ 270 1342]] , [[ 269 1343]]
[[ 666 1298]] , [[ 666 1303]]
[[ 666 1298]] , [[ 666 1303]]
[[  72 1190]] , [[  72 1196]]
[[ 688 1430]] , [[ 688 1435]]
[[ 646 1371]] , [[ 646 1375]]
[[ 544 1472]] , [[ 543 1473]]
[[ 702 1558]] , [[ 702 1569]]
[[ 524 1476]] , [[ 524 1481]]
[[ 616 1478]] , [[ 616 1482]]
[[ 732 1424]] , [[ 732 1429]]
[[ 732 1424]] , [[ 732 1429]]
[[ 554 1474]] , [[ 554 1479]]
[[ 620 1548]] , [[ 620 1553]]
[[ 662 1560]] , [[ 662 1567]]
[[ 732 1370]] , [[ 732 1375]]
[[ 704 1560]] , [[ 704 1561]]
[[ 832 1560]] , [[ 832 1567]]
[[ 750 1568]] , [[ 750 1569]]
[[ 726 1570]] , [[ 726 1575]]
[[ 718 1802]] , [[ 718 1807]]
[[ 780 1636]] , [[ 780 1641]]
[[  60 1582]] , [[  60 1586]]
[[ 312 1579]] , [[ 312 1583]]
[[ 562 1572]] , [[ 562 1577]]
[[ 636 1474]] , [[ 636 1483]]
[[ 556 1482]] , [[ 556 1489]]
[[ 556 1472]] , [[ 556 1478]]
[[ 638 1474]] , [[ 638 1483]]
[[ 556 1472]] , [[ 556 1477]]
[[ 748 1570]] , [[ 748 1575]]
[[ 774 1568]] , [[ 774 1573]]
[[ 640 1474]] , [[ 640 1475]]
[[ 862 1564]] , [[ 862 1565]]
[[ 846 1558]] , [[ 846 1561]]
[[ 546 1724]] , [[ 546 1729]]
[[ 552 1720]] , [[ 552 1722]]
[[ 704 1550]] , [[ 704 1559]]
[[ 718 1562]] , [[ 718 1567]]
[[ 832 1564]] , [[ 832 1568]]
[[ 718 1552]] , [[ 718 1553]]
[[ 616 1810]] , [[ 616 1815]]
[[ 705 1777]] , [[ 705 1781]]
[[ 780 1634]] , [[ 780 1639]]
[[ 238 1579]] , [[ 238 1583]]
[[ 500 1748]] , [[ 500 1753]]
[[ 554 1782]] , [[ 554 1787]]
[[ 745 1570]] , [[ 745 1574]]
[[ 254 1578]] , [[ 254 1583]]
[[ 834 1562]] , [[ 834 1567]]
[[ 661 1548]] , [[ 660 1549]]
[[ 662 1546]] , [[ 662 1547]]
[[ 632 1559]] , [[ 631 1560]]
[[ 792 1560]] , [[ 792 1567]]
[[ 624 1782]] , [[ 624 1786]]
[[ 400 1578]] , [[ 400 1582]]
[[ 704 1692]] , [[ 704 1697]]
[[ 700 1808]] , [[ 700 1815]]
[[ 597 1555]] , [[ 596 1556]]
[[ 912 1579]] , [[ 912 1583]]
[[ 912 1579]] , [[ 912 1583]]
[[ 862 1568]] , [[ 862 1573]]
[[ 920 1594]] , [[ 920 1598]]
[[ 662 1565]] , [[ 662 1569]]
[[ 400 1578]] , [[ 400 1582]]
[[ 894 1571]] , [[ 894 1575]]
[[ 762 1636]] , [[ 762 1640]]
[[ 920 1594]] , [[ 920 1598]]
[[ 579 1752]] , [[ 579 1756]]
[[ 658 1564]] , [[ 658 1569]]
[[ 504 1744]] , [[ 504 1749]]
[[ 752 1570]] , [[ 752 1575]]
[[ 754 1802]] , [[ 754 1804]]
[[ 750 1572]] , [[ 750 1576]]
[[ 536 1816]] , [[ 536 1817]]
[[ 548 1739]] , [[ 548 1743]]
[[ 670 1796]] , [[ 670 1803]]
[[ 660 1792]] , [[ 660 1796]]
[[ 752 1778]] , [[ 752 1787]]
[[ 620 1569]] , [[ 620 1573]]
[[ 560 1800]] , [[ 560 1805]]
[[ 609 1786]] , [[ 608 1787]]
[[ 416 1578]] , [[ 416 1582]]
[[ 620 1569]] , [[ 620 1573]]
[[ 524 1574]] , [[ 523 1575]]
[[ 744 1570]] , [[ 744 1574]]
[[ 524 1574]] , [[ 523 1575]]
[[ 748 1568]] , [[ 748 1569]]
[[ 620 1568]] , [[ 620 1573]]
[[ 523 1574]] , [[ 522 1575]]
[[ 688 1762]] , [[ 688 1769]]
[[ 696 1760]] , [[ 696 1765]]
[[ 548 1738]] , [[ 547 1739]]
[[ 716 1646]] , [[ 716 1650]]
[[ 782 1634]] , [[ 782 1639]]
[[ 416 1577]] , [[ 416 1581]]
[[ 268 1579]] , [[ 268 1583]]
[[ 780 1568]] , [[ 780 1572]]
[[ 780 1568]] , [[ 780 1572]]
[[ 728 1570]] , [[ 728 1574]]
[[ 748 1570]] , [[ 748 1575]]
[[ 268 1579]] , [[ 268 1583]]
[[ 572 1555]] , [[ 572 1563]]
[[ 682 1560]] , [[ 682 1564]]
[[ 685 1376]] , [[ 685 1381]]
[[ 685 1376]] , [[ 685 1381]]
[[ 664 1408]] , [[ 664 1415]]
[[ 776 1564]] , [[ 776 1569]]
[[ 506 1734]] , [[ 506 1738]]
[[ 748 1570]] , [[ 748 1575]]
[[ 448 1762]] , [[ 448 1769]]
[[ 560 1732]] , [[ 560 1737]]
[[ 524 1572]] , [[ 523 1573]]
[[ 746 1570]] , [[ 746 1574]]
[[ 520 1573]] , [[ 520 1574]]
[[ 746 1570]] , [[ 746 1574]]
[[ 746 1570]] , [[ 746 1574]]
[[ 682 1558]] , [[ 682 1563]]
[[ 554 1564]] , [[ 554 1567]]
[[ 369 1013]] , [[ 369 1017]]
[[ 734 1468]] , [[ 734 1473]]
[[ 694 1428]] , [[ 694 1433]]
[[ 694 1428]] , [[ 694 1434]]
[[864 744]] , [[864 755]]
[[ 714 1548]] , [[ 714 1561]]
[[ 714 1550]] , [[ 714 1561]]
[[ 547 1551]] , [[ 547 1555]]
[[ 581 1572]] , [[ 581 1576]]
[[ 606 1556]] , [[ 606 1567]]
[[ 560 1566]] , [[ 560 1571]]
[[ 618 1550]] , [[ 618 1555]]
[[ 606 1556]] , [[ 606 1563]]
[[ 700 1556]] , [[ 700 1561]]
[[ 684 1556]] , [[ 684 1563]]
[[ 622 1474]] , [[ 622 1479]]
[[ 752 1467]] , [[ 752 1471]]
[[ 680 1556]] , [[ 680 1564]]
[[ 744 1468]] , [[ 744 1473]]
[[ 720 1478]] , [[ 720 1485]]
[[ 546 1548]] , [[ 546 1555]]
[[ 768 1568]] , [[ 768 1573]]
[[ 768 1568]] , [[ 768 1573]]
[[ 624 1550]] , [[ 624 1560]]
[[ 768 1568]] , [[ 768 1573]]
[[ 628 1548]] , [[ 628 1553]]
[[ 768 1568]] , [[ 768 1573]]
[[ 702 1368]] , [[ 702 1375]]
[[ 696 1428]] , [[ 696 1433]]
[[ 544 1479]] , [[ 544 1483]]
[[ 716 1473]] , [[ 716 1477]]
[[ 702 1554]] , [[ 702 1561]]
[[ 696 1566]] , [[ 696 1567]]
[[ 814 1558]] , [[ 814 1559]]
[[ 518 1476]] , [[ 518 1481]]
[[ 764 1484]] , [[ 764 1489]]
[[ 764 1484]] , [[ 764 1489]]
[[ 696 1428]] , [[ 696 1433]]
[[ 730 1432]] , [[ 730 1436]]
[[ 698 1430]] , [[ 698 1434]]
[[ 624 1474]] , [[ 624 1480]]
[[ 564 1570]] , [[ 564 1571]]
[[ 718 1474]] , [[ 718 1479]]
[[ 564 1570]] , [[ 564 1571]]
[[ 339 1344]] , [[ 339 1348]]
[[ 408 1332]] , [[ 408 1333]]
[[ 630 1344]] , [[ 630 1345]]
[[ 568 1340]] , [[ 568 1352]]
[[ 370 1346]] , [[ 370 1347]]
[[ 534 1344]] , [[ 534 1347]]
[[ 618 1344]] , [[ 618 1349]]
[[ 630 1342]] , [[ 630 1343]]
[[ 634 1342]] , [[ 634 1343]]
[[ 634 1342]] , [[ 634 1343]]
[[ 570 1336]] , [[ 569 1337]]
[[ 408 1328]] , [[ 408 1341]]
[[ 606 1296]] , [[ 606 1297]]
[[ 371 1178]] , [[ 371 1181]]
[[ 231 1185]] , [[ 232 1184]]
[[ 190 1040]] , [[ 190 1059]]
[[ 188 1022]] , [[ 188 1029]]
[[ 188 1020]] , [[ 188 1031]]
[[256 996]] , [[255 997]]
[[256 996]] , [[255 997]]
[[256 996]] , [[255 997]]
[[256 996]] , [[255 997]]
[[246 997]] , [[245 998]]
[[393 894]] , [[393 899]]
[[393 894]] , [[392 895]]
[[393 894]] , [[393 899]]
[[393 894]] , [[393 899]]
[[393 894]] , [[393 895]]
[[617 888]] , [[617 891]]
[[617 888]] , [[617 891]]
[[397 892]] , [[397 893]]
[[270 996]] , [[269 997]]
[[246 996]] , [[245 997]]
[[ 188 1012]] , [[ 188 1025]]
[[235 996]] , [[233 998]]
[[246 998]] , [[245 999]]
[[ 189 1018]] , [[ 189 1026]]
[[ 188 1016]] , [[ 188 1027]]
[[ 188 1016]] , [[ 188 1025]]
[[230 996]] , [[230 999]]
[[ 189 1014]] , [[ 189 1015]]
[[243 994]] , [[242 995]]
[[232 996]] , [[ 232 1001]]
[[250 997]] , [[249 998]]
[[ 189 1016]] , [[ 189 1022]]
[[232 998]] , [[ 232 1003]]
[[232 998]] , [[ 232 1005]]
[[ 190 1016]] , [[ 190 1023]]
[[250 997]] , [[ 250 1001]]
[[248 997]] , [[ 248 1001]]
[[248 997]] , [[ 248 1001]]
[[ 189 1014]] , [[ 189 1025]]
[[ 189 1014]] , [[ 189 1015]]
[[ 211 1009]] , [[ 210 1010]]
[[ 188 1016]] , [[ 188 1025]]
[[242 998]] , [[ 242 1003]]
[[ 210 1010]] , [[ 210 1016]]
[[232 998]] , [[232 999]]
[[398 893]] , [[398 896]]
[[398 893]] , [[398 895]]
[[238 997]] , [[237 998]]
[[184 982]] , [[184 983]]
[[236 998]] , [[ 236 1001]]
[[230 998]] , [[ 230 1003]]
[[240 997]] , [[239 998]]
[[240 996]] , [[239 997]]
[[ 615 1075]] , [[ 614 1076]]
[[392 916]] , [[392 917]]
[[236 996]] , [[235 997]]
[[236 996]] , [[235 997]]
[[ 186 1016]] , [[ 186 1017]]
[[236 998]] , [[ 236 1001]]
[[ 184 1016]] , [[ 184 1017]]
[[ 178 1014]] , [[ 178 1017]]
[[ 176 1016]] , [[ 176 1027]]
[[ 176 1014]] , [[ 176 1017]]
[[ 402 1110]] , [[ 402 1117]]
[[ 402 1110]] , [[ 402 1117]]
[[ 596 1076]] , [[ 596 1077]]
[[ 402 1112]] , [[ 402 1117]]
[[ 601 1076]] , [[ 600 1077]]
[[ 601 1076]] , [[ 601 1077]]
[[ 401 1120]] , [[ 401 1121]]
[[ 599 1076]] , [[ 599 1077]]
[[ 172 1014]] , [[ 172 1015]]
[[ 173 1052]] , [[ 174 1051]]
[[594 888]] , [[594 891]]
[[232 998]] , [[ 232 1001]]
[[592 889]] , [[591 890]]
[[329 998]] , [[328 999]]
[[ 582 1078]] , [[ 582 1079]]
[[304 998]] , [[303 999]]
[[326 998]] , [[325 999]]
[[ 166 1004]] , [[ 166 1015]]
[[ 585 1078]] , [[ 584 1079]]
[[ 214 1000]] , [[ 214 1001]]
[[ 162 1004]] , [[ 162 1007]]
[[ 160 1004]] , [[ 160 1005]]
[[ 415 1000]] , [[ 414 1001]]
[[ 356 1039]] , [[ 356 1043]]
[[ 398 1180]] , [[ 398 1181]]
[[446 998]] , [[445 999]]
[[ 573 1078]] , [[ 571 1080]]
[[ 364 1144]] , [[ 364 1151]]
[[ 759 1163]] , [[ 759 1169]]
[[ 394 1178]] , [[ 394 1179]]
[[ 738 1252]] , [[ 738 1253]]
[[ 564 1078]] , [[ 563 1079]]
[[ 404 1179]] , [[ 403 1180]]
[[ 560 1078]] , [[ 559 1079]]
[[ 759 1020]] , [[ 758 1021]]
[[ 340 1074]] , [[ 340 1077]]
[[ 555 1078]] , [[ 553 1080]]
[[ 554 1078]] , [[ 552 1080]]
[[ 553 1078]] , [[ 553 1079]]
[[ 552 1078]] , [[ 550 1080]]
[[746 952]] , [[746 959]]
[[ 332 1076]] , [[ 332 1077]]
[[ 332 1076]] , [[ 332 1077]]
[[ 738 1031]] , [[ 738 1052]]
[[740 952]] , [[740 959]]
[[ 732 1076]] , [[ 732 1085]]
[[ 732 1078]] , [[ 732 1079]]
[[ 326 1076]] , [[ 326 1077]]
[[ 131 1000]] , [[ 130 1001]]
[[408 996]] , [[408 997]]
[[408 996]] , [[408 997]]
[[736 954]] , [[736 963]]
[[ 327 1076]] , [[ 327 1077]]
[[ 327 1076]] , [[ 327 1077]]
[[408 996]] , [[407 997]]
[[736 958]] , [[736 963]]
[[736 958]] , [[736 963]]
[[734 928]] , [[734 943]]
[[734 928]] , [[734 943]]
[[411 996]] , [[410 997]]
[[411 996]] , [[410 997]]
[[411 996]] , [[410 997]]
[[452 996]] , [[451 997]]
[[454 996]] , [[453 997]]
[[454 996]] , [[454 997]]
[[738 926]] , [[738 945]]
[[458 996]] , [[458 997]]
[[540 856]] , [[540 861]]
[[ 133 1012]] , [[ 134 1011]]
[[312 894]] , [[312 915]]
[[759 936]] , [[759 943]]
[[759 907]] , [[759 960]]
[[468 998]] , [[467 999]]
[[470 998]] , [[469 999]]
[[ 750 1030]] , [[ 750 1038]]
[[ 554 1078]] , [[ 554 1153]]
[[ 556 1078]] , [[ 556 1135]]
[[436 998]] , [[435 999]]
[[ 556 1078]] , [[ 556 1109]]
[[ 753 1104]] , [[ 753 1111]]
[[ 769 1005]] , [[ 769 1009]]
[[ 771 1005]] , [[ 771 1009]]
[[ 564 1078]] , [[ 564 1087]]
[[336 893]] , [[336 919]]
[[440 998]] , [[439 999]]
[[488 997]] , [[487 998]]
[[ 370 1216]] , [[ 370 1234]]
[[ 404 1179]] , [[ 403 1180]]
[[ 775 1049]] , [[ 775 1055]]
[[ 570 1078]] , [[ 570 1079]]
[[408 996]] , [[407 997]]
[[ 402 1176]] , [[ 402 1192]]
[[ 402 1176]] , [[ 402 1192]]
[[ 402 1176]] , [[ 402 1199]]
[[340 893]] , [[340 897]]
[[ 402 1176]] , [[ 402 1199]]
[[ 746 1258]] , [[ 746 1262]]
[[ 402 1176]] , [[ 402 1199]]
[[ 369 1240]] , [[ 369 1244]]
[[ 372 1154]] , [[ 372 1167]]
[[ 779 1074]] , [[ 779 1080]]
[[456 996]] , [[455 997]]
[[ 374 1081]] , [[ 374 1087]]
[[ 593 1078]] , [[ 592 1079]]
[[ 322 1000]] , [[ 321 1001]]
[[596 890]] , [[596 895]]
[[474 996]] , [[473 997]]
[[ 240 1000]] , [[ 240 1001]]
[[ 174 1024]] , [[ 174 1056]]
[[ 188 1010]] , [[ 188 1015]]
[[170 934]] , [[170 941]]
[[396 918]] , [[396 921]]
[[332 998]] , [[331 999]]
[[ 192 1012]] , [[ 192 1013]]
[[ 409 1074]] , [[ 409 1083]]
[[ 190 1054]] , [[ 190 1065]]
[[ 411 1073]] , [[ 410 1074]]
[[ 195 1024]] , [[ 195 1025]]
[[ 413 1072]] , [[ 412 1073]]
[[ 413 1072]] , [[ 412 1073]]
[[ 198 1054]] , [[ 198 1059]]
[[ 415 1073]] , [[ 414 1074]]
[[ 415 1073]] , [[ 414 1074]]
[[ 198 1038]] , [[ 198 1055]]
[[ 200 1040]] , [[ 200 1055]]
[[ 201 1040]] , [[ 201 1045]]
[[296 998]] , [[295 999]]
[[ 203 1046]] , [[ 203 1051]]
[[ 418 1074]] , [[ 417 1075]]
[[ 419 1074]] , [[ 419 1075]]
[[ 420 1074]] , [[ 419 1075]]
[[ 626 1080]] , [[ 626 1081]]
[[ 626 1080]] , [[ 626 1081]]
[[ 422 1075]] , [[ 421 1076]]
[[ 628 1081]] , [[ 627 1082]]
[[ 209 1118]] , [[ 209 1119]]
[[ 210 1120]] , [[ 210 1127]]
[[ 345 1168]] , [[ 344 1169]]
[[ 213 1120]] , [[ 212 1121]]
[[ 632 1078]] , [[ 632 1081]]
[[ 632 1080]] , [[ 632 1083]]
[[ 213 1124]] , [[ 213 1129]]
[[ 214 1122]] , [[ 214 1151]]
[[ 430 1074]] , [[ 430 1075]]
[[ 220 1042]] , [[ 220 1043]]
[[ 432 1075]] , [[ 432 1076]]
[[ 433 1074]] , [[ 433 1075]]
[[ 220 1040]] , [[ 220 1049]]
[[222 958]] , [[222 963]]
[[ 232 1046]] , [[ 232 1055]]
[[298 997]] , [[297 998]]
[[ 439 1074]] , [[ 438 1075]]
[[308 997]] , [[307 998]]
[[226 918]] , [[226 923]]
[[301 996]] , [[299 998]]
[[301 996]] , [[299 998]]
[[ 233 1060]] , [[ 233 1065]]
[[302 996]] , [[302 997]]
[[302 996]] , [[301 997]]
[[309 996]] , [[308 997]]
[[226 932]] , [[226 933]]
[[224 918]] , [[224 929]]
[[ 448 1075]] , [[ 447 1076]]
[[ 658 1081]] , [[ 657 1082]]
[[302 996]] , [[301 997]]
[[302 996]] , [[301 997]]
[[ 240 1038]] , [[ 240 1053]]
[[ 450 1075]] , [[ 450 1085]]
[[ 450 1075]] , [[ 450 1105]]
[[300 996]] , [[299 997]]
[[ 246 1036]] , [[ 246 1037]]
[[232 910]] , [[232 911]]
[[ 457 1170]] , [[ 458 1169]]
[[ 246 1030]] , [[ 246 1037]]
[[ 239 1022]] , [[ 239 1029]]
[[232 896]] , [[232 897]]
[[434 894]] , [[434 911]]
[[436 894]] , [[435 895]]
[[230 896]] , [[230 907]]
[[230 896]] , [[230 907]]
[[ 245 1034]] , [[ 246 1033]]
[[ 245 1034]] , [[ 246 1033]]
[[ 253 1008]] , [[ 254 1007]]
[[ 253 1008]] , [[ 254 1007]]
[[ 255 1010]] , [[ 256 1009]]
[[229 898]] , [[229 899]]
[[ 255 1010]] , [[ 256 1009]]
[[229 898]] , [[229 899]]
[[232 900]] , [[232 905]]
[[232 900]] , [[232 913]]
[[234 900]] , [[234 905]]
[[234 900]] , [[234 905]]
[[234 900]] , [[234 905]]
[[230 898]] , [[230 940]]
[[230 898]] , [[230 940]]
[[ 243 1036]] , [[ 244 1035]]
[[236 898]] , [[234 900]]
[[ 294 1000]] , [[ 293 1001]]
[[ 298 1000]] , [[ 297 1001]]
[[ 306 1000]] , [[ 305 1001]]
[[ 304 1001]] , [[ 303 1002]]
[[ 304 1001]] , [[ 303 1002]]
[[ 659 1084]] , [[ 659 1085]]
[[ 656 1086]] , [[ 656 1087]]
[[ 453 1080]] , [[ 452 1081]]
[[ 451 1080]] , [[ 450 1081]]
[[ 446 1079]] , [[ 446 1118]]
[[ 446 1079]] , [[ 446 1083]]
[[226 906]] , [[226 907]]
[[ 231 1042]] , [[ 232 1041]]
[[ 290 1002]] , [[ 289 1003]]
[[222 934]] , [[222 935]]
[[206 932]] , [[206 943]]
[[289 998]] , [[288 999]]
[[276 998]] , [[275 999]]
[[208 898]] , [[208 901]]
[[ 422 1060]] , [[ 422 1087]]
[[ 422 1059]] , [[ 422 1095]]
[[ 422 1059]] , [[ 422 1096]]
[[283 989]] , [[282 990]]
[[ 429 1061]] , [[ 428 1062]]
[[ 204 1024]] , [[ 204 1045]]
[[ 628 1066]] , [[ 628 1067]]
[[ 408 1064]] , [[ 408 1099]]
[[224 994]] , [[224 995]]
[[ 402 1067]] , [[ 402 1075]]
[[222 994]] , [[ 222 1003]]
[[ 198 1008]] , [[ 198 1013]]
[[ 196 1008]] , [[ 196 1013]]
[[384 926]] , [[384 935]]
[[173 999]] , [[ 172 1000]]
[[ 162 1014]] , [[ 162 1021]]
[[218 991]] , [[217 992]]
[[354 984]] , [[354 991]]
[[ 572 1070]] , [[ 572 1071]]
[[ 356 1070]] , [[ 356 1071]]
[[ 135 1010]] , [[ 136 1009]]
[[ 131 1010]] , [[ 132 1009]]
[[427 990]] , [[426 991]]
[[ 759 1002]] , [[ 759 1009]]
[[424 991]] , [[423 992]]
[[312 886]] , [[312 919]]
[[310 887]] , [[310 923]]
[[736 974]] , [[736 985]]
[[306 888]] , [[306 889]]
[[550 883]] , [[549 884]]
[[300 888]] , [[300 939]]
[[317 887]] , [[316 888]]
[[543 884]] , [[543 889]]
[[294 888]] , [[294 889]]
[[720 876]] , [[720 879]]
[[718 876]] , [[718 879]]
[[716 878]] , [[716 879]]
[[716 876]] , [[716 879]]
[[282 886]] , [[282 891]]
[[ 707 1068]] , [[ 707 1069]]
[[714 876]] , [[714 877]]
[[706 872]] , [[706 879]]
[[505 979]] , [[505 980]]
[[500 928]] , [[500 935]]
[[499 908]] , [[499 913]]
[[702 879]] , [[701 880]]
[[690 876]] , [[690 887]]
[[697 878]] , [[696 879]]
[[695 879]] , [[695 880]]
[[253 871]] , [[253 880]]
[[478 884]] , [[478 896]]
[[474 884]] , [[474 897]]
[[683 884]] , [[683 885]]
[[664 886]] , [[664 891]]
[[660 888]] , [[660 895]]
[[656 888]] , [[656 897]]
[[654 888]] , [[654 901]]
[[654 888]] , [[654 891]]
[[469 889]] , [[468 890]]
[[226 889]] , [[226 899]]
[[652 888]] , [[652 889]]
[[650 888]] , [[650 895]]
[[224 889]] , [[224 895]]
[[224 889]] , [[224 897]]
[[469 889]] , [[468 890]]
[[ 70 996]] , [[ 70 997]]
[[230 900]] , [[230 901]]
[[ 58 996]] , [[ 58 997]]
[[ 86 994]] , [[ 85 995]]
[[456 890]] , [[456 895]]
[[226 894]] , [[226 899]]
[[226 894]] , [[226 895]]
[[650 889]] , [[649 890]]
[[648 888]] , [[648 891]]
[[452 890]] , [[452 893]]
[[450 890]] , [[450 913]]
[[450 890]] , [[450 906]]
[[450 890]] , [[450 897]]
[[450 890]] , [[450 897]]
[[  89 1000]] , [[  88 1001]]
[[  89 1000]] , [[  88 1001]]
[[ 197 1013]] , [[ 197 1017]]
[[646 888]] , [[646 897]]
[[648 888]] , [[648 889]]
[[452 890]] , [[452 907]]
[[454 890]] , [[454 895]]
[[ 59 998]] , [[  57 1000]]
[[456 890]] , [[456 907]]
[[458 890]] , [[458 897]]
[[656 890]] , [[656 895]]
[[660 890]] , [[660 891]]
[[ 80 997]] , [[ 79 998]]
[[664 898]] , [[664 907]]
[[  90 1005]] , [[  89 1006]]
[[  87 1008]] , [[  85 1010]]
[[  88 1010]] , [[  87 1011]]
[[ 102 1010]] , [[ 101 1011]]
[[ 666 1087]] , [[ 666 1091]]
[[480 903]] , [[479 904]]
[[493 901]] , [[492 902]]
[[693 894]] , [[693 895]]
[[494 862]] , [[494 867]]
[[260 887]] , [[260 895]]
[[699 883]] , [[699 887]]
[[699 884]] , [[699 887]]
[[701 884]] , [[701 885]]
[[694 882]] , [[694 887]]
[[ 229 1020]] , [[ 230 1019]]
[[702 880]] , [[702 886]]
[[ 273 1016]] , [[ 274 1015]]
[[508 892]] , [[508 907]]
[[280 894]] , [[280 897]]
[[282 894]] , [[282 939]]
[[514 958]] , [[514 971]]
[[516 944]] , [[516 951]]
[[733 886]] , [[732 887]]
[[ 111 1020]] , [[ 112 1019]]
[[726 888]] , [[726 889]]
[[728 882]] , [[728 889]]
[[734 886]] , [[734 887]]
[[304 895]] , [[304 901]]
[[559 895]] , [[559 901]]
[[ 131 1026]] , [[ 132 1025]]
[[562 894]] , [[560 896]]
[[767 924]] , [[767 929]]
[[ 558 1082]] , [[ 558 1139]]
[[ 754 1130]] , [[ 754 1135]]
[[ 758 1100]] , [[ 758 1105]]
[[ 566 1080]] , [[ 566 1081]]
[[338 895]] , [[338 920]]
[[ 570 1080]] , [[ 570 1087]]
[[454 999]] , [[ 453 1000]]
[[ 775 1132]] , [[ 775 1139]]
[[ 783 1076]] , [[ 783 1084]]
[[350 894]] , [[350 904]]
[[352 894]] , [[352 903]]
[[460 998]] , [[459 999]]
[[ 406 1174]] , [[ 406 1179]]
[[594 892]] , [[594 893]]
[[ 328 1003]] , [[ 327 1004]]
[[609 946]] , [[610 945]]
[[370 954]] , [[370 959]]
[[602 894]] , [[602 895]]
[[400 989]] , [[400 998]]
[[396 924]] , [[396 925]]
[[174 858]] , [[174 859]]
[[ 253 1006]] , [[ 254 1005]]
[[ 347 1000]] , [[ 346 1001]]
[[ 190 1014]] , [[ 190 1021]]
[[401 900]] , [[399 902]]
[[ 191 1022]] , [[ 191 1025]]
[[256 999]] , [[ 256 1005]]
[[232 998]] , [[ 232 1000]]
[[232 998]] , [[ 232 1000]]
[[ 196 1044]] , [[ 196 1048]]
[[ 415 1076]] , [[ 415 1084]]
[[ 197 1040]] , [[ 197 1050]]
[[ 418 1077]] , [[ 417 1078]]
[[ 417 1076]] , [[ 416 1077]]
[[ 201 1056]] , [[ 201 1065]]
[[258 998]] , [[ 258 1003]]
[[ 203 1052]] , [[ 203 1057]]
[[258 998]] , [[ 258 1003]]
[[258 998]] , [[ 258 1003]]
[[258 998]] , [[ 258 1003]]
[[258 998]] , [[ 258 1003]]
[[258 998]] , [[ 258 1001]]
[[258 998]] , [[ 258 1001]]
[[264 998]] , [[264 999]]
[[ 419 1075]] , [[ 418 1076]]
[[270 998]] , [[270 999]]
[[268 998]] , [[268 999]]
[[268 998]] , [[268 999]]
[[268 998]] , [[268 999]]
[[268 998]] , [[268 999]]
[[268 998]] , [[268 999]]
[[270 998]] , [[270 999]]
[[270 998]] , [[270 999]]
[[270 998]] , [[270 999]]
[[268 998]] , [[268 999]]
[[290 998]] , [[ 290 1003]]
[[290 998]] , [[ 290 1003]]
[[270 998]] , [[270 999]]
[[ 417 1074]] , [[ 417 1075]]
[[ 417 1074]] , [[ 417 1075]]
[[ 418 1074]] , [[ 418 1075]]
[[ 418 1074]] , [[ 418 1075]]
[[ 417 1074]] , [[ 416 1075]]
[[ 419 1075]] , [[ 418 1076]]
[[ 624 1081]] , [[ 624 1085]]
[[ 416 1080]] , [[ 416 1083]]
[[ 624 1085]] , [[ 624 1087]]
[[ 201 1112]] , [[ 201 1113]]
[[ 419 1080]] , [[ 419 1081]]
[[ 620 1084]] , [[ 620 1087]]
[[ 414 1076]] , [[ 413 1077]]
[[ 414 1072]] , [[ 414 1073]]
[[ 414 1070]] , [[ 413 1071]]
[[ 417 1070]] , [[ 417 1071]]
[[ 415 1072]] , [[ 415 1075]]
[[ 411 1076]] , [[ 411 1079]]
[[ 232 1001]] , [[ 231 1002]]
[[ 186 1054]] , [[ 186 1073]]
[[ 188 1052]] , [[ 188 1053]]
[[ 602 1086]] , [[ 602 1091]]
[[ 176 1054]] , [[ 176 1063]]
[[ 176 1068]] , [[ 176 1069]]
[[ 395 1102]] , [[ 395 1115]]
[[ 393 1132]] , [[ 393 1134]]
[[ 314 1165]] , [[ 313 1166]]
[[ 272 1166]] , [[ 271 1167]]
[[ 398 1172]] , [[ 398 1173]]
[[ 759 1090]] , [[ 759 1095]]
[[ 349 1078]] , [[ 347 1080]]
[[ 544 1214]] , [[ 544 1225]]
[[ 140 1174]] , [[ 139 1175]]
[[ 701 1296]] , [[ 701 1297]]
[[ 726 1094]] , [[ 726 1097]]
[[ 688 1292]] , [[ 688 1297]]
[[ 684 1296]] , [[ 684 1297]]
[[ 681 1304]] , [[ 682 1303]]
[[ 699 1066]] , [[ 699 1067]]
[[ 492 1074]] , [[ 492 1107]]
[[ 488 1072]] , [[ 488 1091]]
[[126 994]] , [[126 995]]
[[ 484 1072]] , [[ 484 1079]]
[[102 996]] , [[101 997]]
[[ 678 1072]] , [[ 678 1073]]
[[ 480 1074]] , [[ 480 1128]]
[[ 144 1166]] , [[ 143 1167]]
[[ 478 1070]] , [[ 478 1081]]
[[ 478 1070]] , [[ 478 1073]]
[[ 477 1072]] , [[ 477 1073]]
[[ 269 1078]] , [[ 269 1079]]
[[ 670 1070]] , [[ 670 1071]]
[[ 670 1070]] , [[ 670 1071]]
[[ 483 1072]] , [[ 483 1073]]
[[ 95 996]] , [[ 94 997]]
[[ 668 1072]] , [[ 668 1073]]
[[ 476 1070]] , [[ 476 1073]]
[[ 478 1077]] , [[ 479 1076]]
[[ 478 1077]] , [[ 479 1076]]
[[ 78 998]] , [[  76 1000]]
[[112 996]] , [[111 997]]
[[ 482 1069]] , [[ 482 1070]]
[[ 484 1068]] , [[ 484 1069]]
[[ 190 1008]] , [[ 190 1013]]
[[104 995]] , [[103 996]]
[[ 489 1070]] , [[ 488 1071]]
[[130 994]] , [[130 995]]
[[ 500 1070]] , [[ 500 1073]]
[[ 702 1068]] , [[ 700 1070]]
[[114 996]] , [[114 997]]
[[ 313 1076]] , [[ 313 1077]]
[[ 718 1068]] , [[ 717 1069]]
[[507 987]] , [[506 988]]
[[ 133 1335]] , [[ 134 1334]]
[[ 335 1071]] , [[ 334 1072]]
[[ 334 1072]] , [[ 334 1079]]
[[ 345 1071]] , [[ 344 1072]]
[[ 408 1170]] , [[ 408 1171]]
[[ 560 1221]] , [[ 560 1239]]
[[ 362 1070]] , [[ 362 1071]]
[[ 746 1284]] , [[ 746 1288]]
[[ 160 1100]] , [[ 160 1109]]
[[ 306 1162]] , [[ 306 1163]]
[[ 306 1164]] , [[ 305 1165]]
[[ 256 1000]] , [[ 256 1003]]
[[ 312 1000]] , [[ 310 1002]]
[[ 347 1001]] , [[ 346 1002]]
[[ 190 1016]] , [[ 190 1021]]
[[ 412 1086]] , [[ 412 1087]]
[[ 412 1098]] , [[ 413 1097]]
[[ 415 1074]] , [[ 415 1075]]
[[ 207 1159]] , [[ 208 1158]]
[[256 996]] , [[ 256 1001]]
[[252 994]] , [[251 995]]
[[400 886]] , [[400 927]]
[[402 887]] , [[402 925]]
[[636 886]] , [[636 905]]
[[406 890]] , [[406 898]]
[[644 889]] , [[643 890]]
[[412 893]] , [[412 900]]
[[642 892]] , [[642 893]]
[[642 893]] , [[641 894]]
[[642 893]] , [[641 894]]
[[429 966]] , [[430 965]]
[[ 438 1258]] , [[ 438 1265]]
[[ 625 1336]] , [[ 626 1335]]
[[ 596 1335]] , [[ 596 1339]]
[[ 402 1342]] , [[ 402 1345]]
[[ 532 1338]] , [[ 532 1341]]
[[ 568 1336]] , [[ 568 1337]]
[[ 534 1340]] , [[ 534 1343]]
[[ 534 1340]] , [[ 534 1345]]
[[ 424 1306]] , [[ 424 1313]]
[[ 404 1340]] , [[ 404 1345]]
[[ 404 1340]] , [[ 404 1345]]
[[ 534 1340]] , [[ 534 1341]]
[[ 534 1340]] , [[ 534 1341]]
[[ 658 1345]] , [[ 658 1349]]
