[[225 206]] , [[226 205]]
[[657 784]] , [[657 785]]
[[  42 1076]] , [[  42 1087]]
[[  28 1040]] , [[  28 1045]]
[[  10 1038]] , [[  10 1045]]
[[422 735]] , [[422 740]]
[[   0 1052]] , [[   0 1063]]
[[  32 1037]] , [[  32 1041]]
[[  44 1082]] , [[  44 1089]]
[[   0 1052]] , [[   0 1057]]
[[ 732 1428]] , [[ 732 1435]]
[[ 662 1372]] , [[ 662 1377]]
[[ 735 1469]] , [[ 734 1470]]
[[ 690 1325]] , [[ 690 1329]]
[[ 750 1470]] , [[ 750 1475]]
[[ 688 1430]] , [[ 688 1434]]
[[ 702 1548]] , [[ 702 1549]]
[[ 686 1554]] , [[ 686 1555]]
[[ 828 1560]] , [[ 828 1567]]
[[ 730 1428]] , [[ 730 1435]]
[[ 688 1430]] , [[ 688 1435]]
[[ 688 1430]] , [[ 688 1435]]
[[ 577 1566]] , [[ 578 1565]]
[[ 641 1270]] , [[ 641 1275]]
[[ 698 1472]] , [[ 698 1477]]
[[ 700 1470]] , [[ 700 1471]]
[[ 792 1556]] , [[ 792 1557]]
[[ 684 1550]] , [[ 684 1557]]
[[ 630 1554]] , [[ 630 1559]]
[[  86 1444]] , [[  86 1448]]
[[ 654 1482]] , [[ 654 1487]]
[[ 511 1337]] , [[ 511 1341]]
[[ 729 1470]] , [[ 728 1471]]
[[ 654 1478]] , [[ 654 1487]]
[[ 460 1486]] , [[ 460 1490]]
[[ 654 1478]] , [[ 654 1487]]
[[ 730 1469]] , [[ 729 1470]]
[[ 698 1472]] , [[ 698 1477]]
[[ 698 1472]] , [[ 698 1477]]
[[ 632 1370]] , [[ 632 1375]]
[[ 460 1486]] , [[ 460 1491]]
[[ 682 1410]] , [[ 682 1415]]
[[ 731 1469]] , [[ 731 1473]]
[[ 640 1390]] , [[ 640 1399]]
[[ 682 1409]] , [[ 682 1415]]
[[ 730 1469]] , [[ 730 1473]]
[[ 614 1550]] , [[ 614 1555]]
[[ 698 1472]] , [[ 698 1477]]
[[ 612 1552]] , [[ 612 1557]]
[[ 754 1472]] , [[ 754 1477]]
[[ 576 1548]] , [[ 576 1553]]
[[ 734 1494]] , [[ 734 1498]]
[[ 546 1552]] , [[ 546 1557]]
[[ 570 1556]] , [[ 570 1559]]
[[ 790 1562]] , [[ 790 1567]]
[[ 612 1546]] , [[ 612 1551]]
[[ 752 1472]] , [[ 752 1477]]
[[ 612 1546]] , [[ 612 1551]]
[[ 729 1469]] , [[ 728 1470]]
[[ 668 1404]] , [[ 668 1409]]
[[ 678 1422]] , [[ 678 1423]]
[[ 704 1430]] , [[ 704 1435]]
[[ 731 1469]] , [[ 730 1470]]
[[ 668 1404]] , [[ 668 1409]]
[[ 731 1469]] , [[ 730 1470]]
[[ 754 1470]] , [[ 754 1474]]
[[ 712 1473]] , [[ 712 1477]]
[[ 734 1468]] , [[ 733 1469]]
[[  12 1248]] , [[  12 1253]]
[[ 740 1430]] , [[ 740 1435]]
[[ 668 1404]] , [[ 668 1409]]
[[   2 1225]] , [[   2 1233]]
[[ 740 1430]] , [[ 740 1435]]
[[433 974]] , [[434 973]]
[[252 566]] , [[251 567]]
[[   1 1232]] , [[   1 1237]]
[[ 638 1394]] , [[ 638 1399]]
[[ 710 1473]] , [[ 710 1477]]
[[ 723 1472]] , [[ 722 1473]]
[[ 656 1338]] , [[ 656 1342]]
[[ 704 1471]] , [[ 704 1477]]
[[ 704 1471]] , [[ 704 1477]]
[[ 704 1471]] , [[ 704 1477]]
[[ 655 1338]] , [[ 655 1342]]
[[ 704 1471]] , [[ 704 1475]]
[[ 676 1530]] , [[ 676 1535]]
[[ 676 1530]] , [[ 676 1535]]
[[ 704 1471]] , [[ 704 1475]]
[[ 508 1488]] , [[ 508 1492]]
[[ 508 1488]] , [[ 508 1492]]
[[ 704 1471]] , [[ 704 1475]]
[[  13 1324]] , [[  12 1325]]
[[   2 1036]] , [[   2 1037]]
[[ 374 1100]] , [[ 374 1105]]
[[   1 1036]] , [[   1 1037]]
[[ 737 1468]] , [[ 736 1469]]
[[ 683 1557]] , [[ 683 1561]]
[[ 348 1488]] , [[ 348 1492]]
[[ 349 1488]] , [[ 349 1492]]
[[ 514 1480]] , [[ 514 1488]]
[[ 430 1484]] , [[ 430 1489]]
[[  16 1253]] , [[  15 1254]]
[[ 298 1482]] , [[ 298 1487]]
[[ 514 1480]] , [[ 514 1488]]
[[ 668 1338]] , [[ 668 1343]]
[[   0 1217]] , [[   0 1221]]
[[  16 1250]] , [[  16 1259]]
[[  12 1324]] , [[  12 1329]]
[[ 560 1482]] , [[ 560 1487]]
[[   8 1237]] , [[   8 1243]]
[[ 706 1372]] , [[ 706 1377]]
[[ 686 1369]] , [[ 686 1373]]
[[ 704 1368]] , [[ 704 1373]]
[[254 566]] , [[253 567]]
[[ 704 1368]] , [[ 704 1373]]
[[   0 1136]] , [[   0 1145]]
[[ 720 1430]] , [[ 720 1435]]
[[ 370 1086]] , [[ 370 1093]]
[[  24 1249]] , [[  24 1253]]
[[798 610]] , [[798 611]]
[[   7 1094]] , [[   7 1099]]
[[  60 1288]] , [[  60 1293]]
[[ 524 1476]] , [[ 524 1480]]
[[ 525 1476]] , [[ 525 1480]]
[[ 525 1476]] , [[ 525 1480]]
[[ 670 1422]] , [[ 670 1426]]
[[ 702 1550]] , [[ 702 1555]]
[[ 720 1476]] , [[ 720 1481]]
[[ 512 1478]] , [[ 512 1483]]
[[ 788 1564]] , [[ 788 1567]]
[[ 700 1564]] , [[ 700 1567]]
[[ 732 1551]] , [[ 732 1557]]
[[ 704 1550]] , [[ 704 1553]]
[[ 704 1548]] , [[ 704 1553]]
[[ 746 1564]] , [[ 746 1569]]
[[ 700 1564]] , [[ 699 1565]]
[[ 528 1476]] , [[ 527 1477]]
[[ 720 1474]] , [[ 720 1479]]
[[ 514 1478]] , [[ 514 1482]]
[[ 704 1550]] , [[ 704 1551]]
[[ 550 1564]] , [[ 550 1569]]
[[ 678 1428]] , [[ 678 1432]]
[[ 700 1328]] , [[ 700 1333]]
[[ 684 1326]] , [[ 684 1333]]
[[ 684 1326]] , [[ 684 1333]]
[[ 678 1428]] , [[ 678 1433]]
[[  68 1244]] , [[  68 1267]]
[[ 670 1418]] , [[ 670 1425]]
[[ 678 1428]] , [[ 678 1433]]
[[  67 1100]] , [[  67 1121]]
[[ 527 1476]] , [[ 526 1477]]
[[  71 1462]] , [[  70 1463]]
[[ 792 1564]] , [[ 792 1569]]
[[ 684 1326]] , [[ 684 1333]]
[[ 684 1326]] , [[ 684 1327]]
[[  71 1196]] , [[  71 1197]]
[[ 630 1275]] , [[ 630 1279]]
[[ 752 1468]] , [[ 752 1473]]
[[ 800 1566]] , [[ 800 1571]]
[[ 790 1564]] , [[ 790 1565]]
[[ 556 1574]] , [[ 556 1578]]
[[ 748 1568]] , [[ 748 1575]]
[[ 510 1576]] , [[ 510 1581]]
[[ 718 1570]] , [[ 718 1574]]
[[ 736 1568]] , [[ 736 1573]]
[[ 746 1568]] , [[ 746 1575]]
[[ 788 1566]] , [[ 788 1567]]
[[ 572 1566]] , [[ 572 1567]]
[[ 778 1566]] , [[ 778 1567]]
[[ 474 1577]] , [[ 474 1581]]
[[ 255 1579]] , [[ 255 1583]]
[[ 736 1568]] , [[ 736 1573]]
[[ 568 1564]] , [[ 568 1575]]
[[ 704 1557]] , [[ 704 1561]]
[[ 658 1564]] , [[ 658 1569]]
[[ 708 1550]] , [[ 708 1552]]
[[ 702 1550]] , [[ 702 1557]]
[[ 704 1552]] , [[ 704 1559]]
[[ 572 1780]] , [[ 572 1785]]
[[ 528 1574]] , [[ 528 1578]]
[[ 528 1574]] , [[ 528 1578]]
[[ 578 1788]] , [[ 578 1793]]
[[ 332 1577]] , [[ 332 1583]]
[[ 508 1576]] , [[ 508 1581]]
[[ 544 1566]] , [[ 544 1567]]
[[ 608 1570]] , [[ 608 1574]]
[[ 734 1568]] , [[ 734 1573]]
[[ 471 1576]] , [[ 470 1577]]
[[ 490 1576]] , [[ 490 1580]]
[[ 470 1577]] , [[ 470 1581]]
[[ 470 1577]] , [[ 470 1581]]
[[ 483 1576]] , [[ 483 1580]]
[[ 470 1577]] , [[ 470 1581]]
[[ 530 1574]] , [[ 529 1575]]
[[ 470 1577]] , [[ 470 1581]]
[[ 470 1577]] , [[ 470 1581]]
[[ 776 1636]] , [[ 776 1641]]
[[ 608 1568]] , [[ 608 1569]]
[[ 530 1574]] , [[ 530 1579]]
[[ 530 1574]] , [[ 529 1575]]
[[ 720 1642]] , [[ 720 1651]]
[[ 527 1574]] , [[ 526 1575]]
[[ 554 1572]] , [[ 554 1577]]
[[ 602 1558]] , [[ 602 1567]]
[[ 809 1564]] , [[ 809 1568]]
[[ 809 1564]] , [[ 809 1568]]
[[ 510 1575]] , [[ 510 1581]]
[[ 470 1577]] , [[ 470 1581]]
[[ 510 1575]] , [[ 510 1581]]
[[ 508 1575]] , [[ 508 1581]]
[[ 528 1575]] , [[ 528 1579]]
[[ 492 1576]] , [[ 492 1581]]
[[ 524 1742]] , [[ 524 1748]]
[[ 736 1568]] , [[ 736 1573]]
[[ 474 1577]] , [[ 474 1581]]
[[ 510 1575]] , [[ 510 1576]]
[[ 803 1564]] , [[ 803 1568]]
[[ 574 1564]] , [[ 574 1569]]
[[ 576 1564]] , [[ 576 1569]]
[[ 730 1482]] , [[ 730 1487]]
[[ 588 1566]] , [[ 588 1571]]
[[ 846 1559]] , [[ 846 1565]]
[[ 800 1562]] , [[ 800 1567]]
[[ 742 1562]] , [[ 742 1567]]
[[ 744 1563]] , [[ 744 1567]]
[[ 845 1559]] , [[ 844 1560]]
[[ 540 1476]] , [[ 540 1481]]
[[ 685 1562]] , [[ 685 1566]]
[[ 685 1562]] , [[ 685 1566]]
[[ 744 1468]] , [[ 744 1473]]
[[ 672 1550]] , [[ 672 1557]]
[[ 712 1566]] , [[ 712 1573]]
[[ 730 1480]] , [[ 730 1485]]
[[ 730 1480]] , [[ 730 1485]]
[[ 730 1480]] , [[ 730 1485]]
[[ 722 1484]] , [[ 722 1489]]
[[ 722 1484]] , [[ 722 1489]]
[[   4 1046]] , [[   4 1049]]
[[ 712 1566]] , [[ 712 1574]]
[[ 764 1564]] , [[ 764 1573]]
[[ 710 1432]] , [[ 710 1436]]
[[  60 1288]] , [[  60 1289]]
[[ 686 1372]] , [[ 686 1377]]
[[ 710 1372]] , [[ 710 1376]]
[[  21 1316]] , [[  20 1317]]
[[  60 1288]] , [[  60 1293]]
[[266 567]] , [[265 568]]
[[  81 1271]] , [[  81 1275]]
[[ 666 1339]] , [[ 666 1343]]
[[ 672 1370]] , [[ 672 1374]]
[[  14 1322]] , [[  14 1327]]
[[238 566]] , [[238 569]]
[[238 566]] , [[238 567]]
[[ 161 1355]] , [[ 161 1359]]
[[233 566]] , [[231 568]]
[[ 366 1086]] , [[ 366 1090]]
[[ 640 1332]] , [[ 640 1337]]
[[ 159 1360]] , [[ 158 1361]]
[[ 640 1332]] , [[ 640 1337]]
[[ 641 1266]] , [[ 641 1273]]
[[ 641 1266]] , [[ 641 1273]]
[[218 568]] , [[217 569]]
[[ 240 1370]] , [[ 240 1374]]
[[ 735 1468]] , [[ 734 1469]]
[[210 570]] , [[210 571]]
[[ 240 1370]] , [[ 240 1374]]
[[ 732 1469]] , [[ 731 1470]]
[[ 706 1471]] , [[ 706 1475]]
[[ 724 1471]] , [[ 723 1472]]
[[ 706 1471]] , [[ 706 1475]]
[[ 778 1366]] , [[ 778 1370]]
[[ 676 1406]] , [[ 676 1411]]
[[ 734 1468]] , [[ 734 1473]]
[[ 704 1470]] , [[ 704 1474]]
[[ 670 1564]] , [[ 670 1568]]
[[ 620 1565]] , [[ 620 1569]]
[[ 674 1424]] , [[ 674 1425]]
[[   2 1046]] , [[   2 1051]]
[[   2 1046]] , [[   2 1051]]
[[ 315 1060]] , [[ 316 1059]]
[[ 664 1339]] , [[ 664 1343]]
[[176 572]] , [[176 575]]
[[176 572]] , [[176 574]]
[[ 219 1292]] , [[ 219 1296]]
[[ 512 1070]] , [[ 512 1074]]
[[  72 1277]] , [[  72 1281]]
[[ 666 1339]] , [[ 666 1343]]
[[  72 1277]] , [[  72 1281]]
[[ 219 1292]] , [[ 219 1296]]
[[ 672 1368]] , [[ 672 1373]]
[[ 706 1472]] , [[ 706 1477]]
[[ 706 1472]] , [[ 706 1477]]
[[ 670 1368]] , [[ 670 1372]]
[[ 666 1339]] , [[ 666 1343]]
[[ 672 1368]] , [[ 672 1373]]
[[ 666 1338]] , [[ 666 1343]]
[[ 666 1338]] , [[ 666 1343]]
[[  73 1275]] , [[  73 1276]]
[[  73 1275]] , [[  73 1276]]
[[712 984]] , [[713 983]]
[[  73 1275]] , [[  73 1279]]
[[ 728 1424]] , [[ 728 1431]]
[[170 572]] , [[170 573]]
[[169 572]] , [[169 573]]
[[169 572]] , [[169 573]]
[[ 723 1054]] , [[ 724 1053]]
[[168 572]] , [[168 573]]
[[ 723 1054]] , [[ 724 1053]]
[[601 920]] , [[602 919]]
[[601 920]] , [[602 919]]
[[ 656 1370]] , [[ 656 1375]]
[[477 920]] , [[478 919]]
[[365 965]] , [[366 964]]
[[601 920]] , [[602 919]]
[[653 762]] , [[654 761]]
[[477 920]] , [[478 919]]
[[601 920]] , [[602 919]]
[[704 966]] , [[704 972]]
[[706 966]] , [[706 967]]
[[ 666 1338]] , [[ 666 1343]]
[[ 159 1360]] , [[ 158 1361]]
[[ 714 1432]] , [[ 714 1437]]
[[ 668 1338]] , [[ 667 1339]]
[[595 920]] , [[596 919]]
[[   2 1054]] , [[   2 1059]]
[[480 919]] , [[483 919]]
[[657 760]] , [[658 759]]
[[645 608]] , [[646 607]]
[[620 918]] , [[621 917]]
[[479 920]] , [[480 919]]
[[481 920]] , [[482 919]]
[[ 716 1432]] , [[ 716 1436]]
[[ 714 1370]] , [[ 714 1375]]
[[   1 1032]] , [[   1 1037]]
[[   6 1048]] , [[   6 1053]]
[[659 918]] , [[660 917]]
[[ 672 1424]] , [[ 672 1429]]
[[345 954]] , [[346 953]]
[[   0 1032]] , [[   0 1043]]
[[ 769 1052]] , [[ 770 1051]]
[[ 114 1438]] , [[ 114 1442]]
[[ 112 1439]] , [[ 112 1443]]
[[ 704 1471]] , [[ 704 1475]]
[[ 728 1432]] , [[ 728 1436]]
[[ 726 1432]] , [[ 726 1436]]
[[ 558 1474]] , [[ 558 1482]]
[[ 600 1562]] , [[ 600 1566]]
[[ 554 1474]] , [[ 554 1481]]
[[ 702 1470]] , [[ 702 1474]]
[[ 733 1468]] , [[ 732 1469]]
[[ 731 1469]] , [[ 731 1473]]
[[ 728 1432]] , [[ 728 1436]]
[[ 668 1424]] , [[ 668 1428]]
[[ 522 1476]] , [[ 522 1483]]
[[ 752 1468]] , [[ 752 1474]]
[[ 668 1424]] , [[ 668 1428]]
[[ 702 1470]] , [[ 702 1474]]
[[ 546 1560]] , [[ 546 1567]]
[[ 657 1550]] , [[ 657 1555]]
[[ 706 1472]] , [[ 706 1477]]
[[  38 1582]] , [[  38 1587]]
[[ 731 1469]] , [[ 731 1473]]
[[ 412 1498]] , [[ 412 1503]]
[[ 610 1562]] , [[ 610 1567]]
[[ 812 1562]] , [[ 812 1566]]
[[ 792 1560]] , [[ 792 1563]]
[[ 608 1560]] , [[ 608 1569]]
[[ 608 1560]] , [[ 608 1569]]
[[ 556 1568]] , [[ 556 1573]]
[[ 532 1546]] , [[ 532 1547]]
[[ 556 1568]] , [[ 556 1573]]
[[ 656 1474]] , [[ 656 1481]]
[[ 557 1483]] , [[ 557 1487]]
[[ 706 1471]] , [[ 706 1477]]
[[ 768 1468]] , [[ 768 1472]]
[[  66 1234]] , [[  66 1241]]
[[ 554 1481]] , [[ 554 1487]]
[[ 656 1474]] , [[ 656 1481]]
[[ 790 1560]] , [[ 790 1567]]
[[ 412 1516]] , [[ 412 1520]]
[[ 656 1474]] , [[ 656 1481]]
[[ 654 1408]] , [[ 654 1415]]
[[ 428 1492]] , [[ 428 1497]]
[[ 721 1472]] , [[ 720 1473]]
[[ 833 1566]] , [[ 833 1570]]
[[ 653 1545]] , [[ 653 1549]]
[[ 653 1545]] , [[ 653 1549]]
[[ 556 1368]] , [[ 556 1372]]
[[ 388 1287]] , [[ 388 1291]]
[[ 388 1287]] , [[ 388 1291]]
[[ 518 1336]] , [[ 517 1337]]
[[ 670 1298]] , [[ 670 1303]]
[[ 666 1298]] , [[ 666 1303]]
[[ 218 1298]] , [[ 218 1303]]
[[  72 1190]] , [[  72 1196]]
[[  66 1190]] , [[  66 1199]]
[[ 166 1352]] , [[ 165 1353]]
[[ 162 1357]] , [[ 162 1361]]
[[ 731 1469]] , [[ 730 1470]]
[[ 640 1476]] , [[ 640 1481]]
[[ 544 1472]] , [[ 543 1473]]
[[ 524 1476]] , [[ 524 1481]]
[[ 646 1370]] , [[ 646 1375]]
[[ 646 1370]] , [[ 646 1375]]
[[ 543 1473]] , [[ 543 1477]]
[[ 622 1478]] , [[ 622 1482]]
[[ 594 1560]] , [[ 594 1569]]
[[ 638 1328]] , [[ 638 1332]]
[[ 594 1560]] , [[ 594 1567]]
[[ 662 1560]] , [[ 662 1567]]
[[ 562 1566]] , [[ 562 1567]]
[[ 750 1568]] , [[ 750 1569]]
[[ 780 1636]] , [[ 780 1641]]
[[ 312 1579]] , [[ 312 1583]]
[[ 312 1579]] , [[ 312 1583]]
[[ 406 1578]] , [[ 406 1582]]
[[ 884 1570]] , [[ 884 1574]]
[[ 556 1472]] , [[ 556 1478]]
[[ 638 1474]] , [[ 638 1483]]
[[ 670 1408]] , [[ 670 1413]]
[[ 556 1472]] , [[ 556 1477]]
[[ 746 1370]] , [[ 746 1375]]
[[ 848 1568]] , [[ 848 1572]]
[[ 748 1568]] , [[ 748 1569]]
[[ 680 1424]] , [[ 680 1429]]
[[ 640 1474]] , [[ 640 1475]]
[[ 598 1558]] , [[ 598 1567]]
[[ 782 1634]] , [[ 782 1639]]
[[ 780 1634]] , [[ 780 1639]]
[[ 760 1468]] , [[ 760 1472]]
[[ 728 1558]] , [[ 728 1567]]
[[ 728 1558]] , [[ 728 1567]]
[[ 721 1558]] , [[ 722 1557]]
[[ 506 1702]] , [[ 506 1705]]
[[ 798 1636]] , [[ 798 1641]]
[[ 742 1570]] , [[ 742 1574]]
[[ 748 1568]] , [[ 748 1569]]
[[ 780 1634]] , [[ 780 1639]]
[[ 496 1748]] , [[ 496 1753]]
[[ 528 1568]] , [[ 528 1575]]
[[ 745 1570]] , [[ 745 1574]]
[[ 628 1561]] , [[ 628 1565]]
[[ 560 1545]] , [[ 560 1549]]
[[ 604 1540]] , [[ 604 1545]]
[[ 728 1558]] , [[ 728 1567]]
[[ 628 1560]] , [[ 628 1565]]
[[ 536 1571]] , [[ 536 1575]]
[[ 530 1571]] , [[ 530 1575]]
[[ 920 1594]] , [[ 920 1598]]
[[ 750 1798]] , [[ 750 1804]]
[[ 678 1552]] , [[ 678 1557]]
[[ 533 1571]] , [[ 533 1575]]
[[ 400 1578]] , [[ 400 1582]]
[[ 662 1565]] , [[ 662 1569]]
[[ 912 1579]] , [[ 912 1583]]
[[ 676 1558]] , [[ 676 1562]]
[[ 894 1571]] , [[ 894 1575]]
[[ 588 1570]] , [[ 588 1575]]
[[ 920 1594]] , [[ 920 1598]]
[[  20 1582]] , [[  20 1587]]
[[ 586 1748]] , [[ 586 1755]]
[[ 680 1554]] , [[ 680 1559]]
[[ 620 1569]] , [[ 620 1573]]
[[ 700 1570]] , [[ 700 1574]]
[[ 668 1800]] , [[ 668 1805]]
[[ 892 1568]] , [[ 892 1573]]
[[ 754 1802]] , [[ 754 1803]]
[[ 542 1739]] , [[ 542 1743]]
[[ 616 1780]] , [[ 615 1781]]
[[ 617 1780]] , [[ 616 1781]]
[[ 742 1768]] , [[ 742 1769]]
[[ 838 1564]] , [[ 838 1569]]
[[ 744 1792]] , [[ 744 1793]]
[[ 780 1636]] , [[ 780 1641]]
[[ 269 1578]] , [[ 268 1579]]
[[ 844 1560]] , [[ 844 1567]]
[[ 744 1570]] , [[ 744 1574]]
[[ 636 1568]] , [[ 636 1575]]
[[ 562 1572]] , [[ 562 1576]]
[[ 844 1560]] , [[ 844 1563]]
[[ 844 1560]] , [[ 844 1563]]
[[ 562 1572]] , [[ 562 1576]]
[[ 728 1642]] , [[ 728 1647]]
[[ 782 1634]] , [[ 782 1637]]
[[ 782 1634]] , [[ 782 1637]]
[[ 784 1634]] , [[ 784 1639]]
[[ 416 1577]] , [[ 416 1581]]
[[ 560 1572]] , [[ 560 1576]]
[[ 414 1577]] , [[ 414 1581]]
[[ 616 1568]] , [[ 616 1573]]
[[ 618 1568]] , [[ 618 1573]]
[[ 780 1568]] , [[ 780 1572]]
[[ 780 1568]] , [[ 780 1572]]
[[ 780 1568]] , [[ 780 1572]]
[[ 598 1553]] , [[ 597 1554]]
[[ 572 1554]] , [[ 572 1559]]
[[ 796 1341]] , [[ 796 1345]]
[[ 816 1344]] , [[ 816 1349]]
[[ 685 1376]] , [[ 685 1381]]
[[ 546 1560]] , [[ 546 1565]]
[[ 524 1574]] , [[ 524 1579]]
[[ 556 1562]] , [[ 556 1563]]
[[ 558 1740]] , [[ 558 1745]]
[[ 525 1572]] , [[ 524 1573]]
[[ 488 1571]] , [[ 488 1575]]
[[ 550 1568]] , [[ 550 1575]]
[[ 488 1571]] , [[ 488 1575]]
[[ 550 1568]] , [[ 550 1575]]
[[ 554 1564]] , [[ 554 1567]]
[[ 554 1553]] , [[ 554 1559]]
[[ 702 1560]] , [[ 702 1567]]
[[ 356 1006]] , [[ 356 1007]]
[[ 696 1428]] , [[ 696 1429]]
[[ 671 1424]] , [[ 671 1428]]
[[ 678 1426]] , [[ 678 1432]]
[[572 730]] , [[572 735]]
[[ 674 1544]] , [[ 674 1551]]
[[ 674 1544]] , [[ 674 1551]]
[[ 714 1550]] , [[ 714 1561]]
[[ 560 1566]] , [[ 560 1571]]
[[ 546 1550]] , [[ 546 1552]]
[[ 588 1564]] , [[ 588 1569]]
[[ 674 1544]] , [[ 674 1553]]
[[ 618 1550]] , [[ 618 1555]]
[[ 684 1556]] , [[ 684 1562]]
[[ 608 1552]] , [[ 608 1554]]
[[ 729 1469]] , [[ 729 1473]]
[[ 796 1342]] , [[ 796 1346]]
[[ 546 1548]] , [[ 546 1549]]
[[ 706 1370]] , [[ 706 1375]]
[[ 540 1476]] , [[ 540 1481]]
[[ 526 1476]] , [[ 526 1481]]
[[ 692 1564]] , [[ 692 1569]]
[[ 696 1554]] , [[ 696 1559]]
[[ 546 1546]] , [[ 546 1555]]
[[ 690 1552]] , [[ 690 1555]]
[[ 444 1494]] , [[ 444 1499]]
[[ 628 1548]] , [[ 628 1553]]
[[ 284 1344]] , [[ 284 1349]]
[[ 702 1368]] , [[ 702 1375]]
[[ 720 1476]] , [[ 720 1481]]
[[ 746 1470]] , [[ 746 1475]]
[[ 544 1479]] , [[ 544 1483]]
[[ 814 1558]] , [[ 814 1567]]
[[ 544 1479]] , [[ 544 1483]]
[[ 732 1470]] , [[ 732 1475]]
[[ 721 1472]] , [[ 720 1473]]
[[ 518 1476]] , [[ 518 1481]]
[[ 684 1370]] , [[ 684 1375]]
[[ 698 1430]] , [[ 698 1434]]
[[ 740 1427]] , [[ 740 1431]]
[[ 736 1468]] , [[ 735 1469]]
[[ 718 1474]] , [[ 718 1479]]
[[ 624 1474]] , [[ 624 1480]]
[[ 718 1474]] , [[ 718 1479]]
[[ 328 1344]] , [[ 328 1348]]
[[657 784]] , [[657 785]]
[[  42 1076]] , [[  42 1087]]
[[  28 1040]] , [[  28 1045]]
[[  10 1038]] , [[  10 1045]]
[[422 735]] , [[422 740]]
[[   0 1052]] , [[   0 1063]]
[[  32 1037]] , [[  32 1041]]
[[  44 1082]] , [[  44 1089]]
[[   0 1052]] , [[   0 1057]]
[[ 732 1428]] , [[ 732 1435]]
[[ 662 1372]] , [[ 662 1377]]
[[ 735 1469]] , [[ 734 1470]]
[[ 690 1325]] , [[ 690 1329]]
[[ 750 1470]] , [[ 750 1475]]
[[ 688 1430]] , [[ 688 1434]]
[[ 702 1548]] , [[ 702 1549]]
[[ 686 1554]] , [[ 686 1555]]
[[ 828 1560]] , [[ 828 1567]]
[[ 730 1428]] , [[ 730 1435]]
[[ 688 1430]] , [[ 688 1435]]
[[ 688 1430]] , [[ 688 1435]]
[[ 577 1566]] , [[ 578 1565]]
[[ 641 1270]] , [[ 641 1275]]
[[ 698 1472]] , [[ 698 1477]]
[[ 700 1470]] , [[ 700 1471]]
[[ 792 1556]] , [[ 792 1557]]
[[ 684 1550]] , [[ 684 1557]]
[[ 630 1554]] , [[ 630 1559]]
[[  86 1444]] , [[  86 1448]]
[[ 654 1482]] , [[ 654 1487]]
[[ 511 1337]] , [[ 511 1341]]
[[ 729 1470]] , [[ 728 1471]]
[[ 654 1478]] , [[ 654 1487]]
[[ 460 1486]] , [[ 460 1490]]
[[ 654 1478]] , [[ 654 1487]]
[[ 730 1469]] , [[ 729 1470]]
[[ 698 1472]] , [[ 698 1477]]
[[ 698 1472]] , [[ 698 1477]]
[[ 632 1370]] , [[ 632 1375]]
[[ 460 1486]] , [[ 460 1491]]
[[ 682 1410]] , [[ 682 1415]]
[[ 731 1469]] , [[ 731 1473]]
[[ 640 1390]] , [[ 640 1399]]
[[ 682 1409]] , [[ 682 1415]]
[[ 730 1469]] , [[ 730 1473]]
[[ 614 1550]] , [[ 614 1555]]
[[ 698 1472]] , [[ 698 1477]]
[[ 612 1552]] , [[ 612 1557]]
[[ 754 1472]] , [[ 754 1477]]
[[ 576 1548]] , [[ 576 1553]]
[[ 734 1494]] , [[ 734 1498]]
[[ 546 1552]] , [[ 546 1557]]
[[ 570 1556]] , [[ 570 1559]]
[[ 790 1562]] , [[ 790 1567]]
[[ 612 1546]] , [[ 612 1551]]
[[ 752 1472]] , [[ 752 1477]]
[[ 612 1546]] , [[ 612 1551]]
[[ 729 1469]] , [[ 728 1470]]
[[ 668 1404]] , [[ 668 1409]]
[[ 678 1422]] , [[ 678 1423]]
[[ 704 1430]] , [[ 704 1435]]
[[ 731 1469]] , [[ 730 1470]]
[[ 668 1404]] , [[ 668 1409]]
[[ 731 1469]] , [[ 730 1470]]
[[ 754 1470]] , [[ 754 1474]]
[[ 712 1473]] , [[ 712 1477]]
[[ 734 1468]] , [[ 733 1469]]
[[  12 1248]] , [[  12 1253]]
[[ 740 1430]] , [[ 740 1435]]
[[ 668 1404]] , [[ 668 1409]]
[[   2 1225]] , [[   2 1233]]
[[ 740 1430]] , [[ 740 1435]]
[[433 974]] , [[434 973]]
[[252 566]] , [[251 567]]
[[   1 1232]] , [[   1 1237]]
[[ 638 1394]] , [[ 638 1399]]
[[ 710 1473]] , [[ 710 1477]]
[[ 723 1472]] , [[ 722 1473]]
[[ 656 1338]] , [[ 656 1342]]
[[ 704 1471]] , [[ 704 1477]]
[[ 704 1471]] , [[ 704 1477]]
[[ 704 1471]] , [[ 704 1477]]
[[ 655 1338]] , [[ 655 1342]]
[[ 704 1471]] , [[ 704 1475]]
[[ 676 1530]] , [[ 676 1535]]
[[ 676 1530]] , [[ 676 1535]]
[[ 704 1471]] , [[ 704 1475]]
[[ 508 1488]] , [[ 508 1492]]
[[ 508 1488]] , [[ 508 1492]]
[[ 704 1471]] , [[ 704 1475]]
[[  13 1324]] , [[  12 1325]]
[[   2 1036]] , [[   2 1037]]
[[ 374 1100]] , [[ 374 1105]]
[[   1 1036]] , [[   1 1037]]
[[ 737 1468]] , [[ 736 1469]]
[[ 683 1557]] , [[ 683 1561]]
[[ 348 1488]] , [[ 348 1492]]
[[ 349 1488]] , [[ 349 1492]]
[[ 514 1480]] , [[ 514 1488]]
[[ 430 1484]] , [[ 430 1489]]
[[  16 1253]] , [[  15 1254]]
[[ 298 1482]] , [[ 298 1487]]
[[ 514 1480]] , [[ 514 1488]]
[[ 668 1338]] , [[ 668 1343]]
[[   0 1217]] , [[   0 1221]]
[[  16 1250]] , [[  16 1259]]
[[  12 1324]] , [[  12 1329]]
[[ 560 1482]] , [[ 560 1487]]
[[   8 1237]] , [[   8 1243]]
[[ 706 1372]] , [[ 706 1377]]
[[ 686 1369]] , [[ 686 1373]]
[[ 704 1368]] , [[ 704 1373]]
[[254 566]] , [[253 567]]
[[ 704 1368]] , [[ 704 1373]]
[[   0 1136]] , [[   0 1145]]
[[ 720 1430]] , [[ 720 1435]]
[[ 370 1086]] , [[ 370 1093]]
[[  24 1249]] , [[  24 1253]]
[[798 610]] , [[798 611]]
[[   7 1094]] , [[   7 1099]]
[[  60 1288]] , [[  60 1293]]
[[ 524 1476]] , [[ 524 1480]]
[[ 525 1476]] , [[ 525 1480]]
[[ 525 1476]] , [[ 525 1480]]
[[ 670 1422]] , [[ 670 1426]]
[[ 702 1550]] , [[ 702 1555]]
[[ 720 1476]] , [[ 720 1481]]
[[ 512 1478]] , [[ 512 1483]]
[[ 788 1564]] , [[ 788 1567]]
[[ 700 1564]] , [[ 700 1567]]
[[ 732 1551]] , [[ 732 1557]]
[[ 704 1550]] , [[ 704 1553]]
[[ 704 1548]] , [[ 704 1553]]
[[ 746 1564]] , [[ 746 1569]]
[[ 700 1564]] , [[ 699 1565]]
[[ 528 1476]] , [[ 527 1477]]
[[ 720 1474]] , [[ 720 1479]]
[[ 514 1478]] , [[ 514 1482]]
[[ 704 1550]] , [[ 704 1551]]
[[ 550 1564]] , [[ 550 1569]]
[[ 678 1428]] , [[ 678 1432]]
[[ 700 1328]] , [[ 700 1333]]
[[ 684 1326]] , [[ 684 1333]]
[[ 684 1326]] , [[ 684 1333]]
[[ 678 1428]] , [[ 678 1433]]
[[  68 1244]] , [[  68 1267]]
[[ 670 1418]] , [[ 670 1425]]
[[ 678 1428]] , [[ 678 1433]]
[[  67 1100]] , [[  67 1121]]
[[ 527 1476]] , [[ 526 1477]]
[[  71 1462]] , [[  70 1463]]
[[ 792 1564]] , [[ 792 1569]]
[[ 684 1326]] , [[ 684 1333]]
[[ 684 1326]] , [[ 684 1327]]
[[  71 1196]] , [[  71 1197]]
[[ 630 1275]] , [[ 630 1279]]
[[ 752 1468]] , [[ 752 1473]]
[[ 800 1566]] , [[ 800 1571]]
[[ 790 1564]] , [[ 790 1565]]
[[ 556 1574]] , [[ 556 1578]]
[[ 748 1568]] , [[ 748 1575]]
[[ 510 1576]] , [[ 510 1581]]
[[ 718 1570]] , [[ 718 1574]]
[[ 736 1568]] , [[ 736 1573]]
[[ 746 1568]] , [[ 746 1575]]
[[ 788 1566]] , [[ 788 1567]]
[[ 572 1566]] , [[ 572 1567]]
[[ 778 1566]] , [[ 778 1567]]
[[ 474 1577]] , [[ 474 1581]]
[[ 255 1579]] , [[ 255 1583]]
[[ 736 1568]] , [[ 736 1573]]
[[ 568 1564]] , [[ 568 1575]]
[[ 704 1557]] , [[ 704 1561]]
[[ 658 1564]] , [[ 658 1569]]
[[ 708 1550]] , [[ 708 1552]]
[[ 702 1550]] , [[ 702 1557]]
[[ 704 1552]] , [[ 704 1559]]
[[ 572 1780]] , [[ 572 1785]]
[[ 528 1574]] , [[ 528 1578]]
[[ 528 1574]] , [[ 528 1578]]
[[ 578 1788]] , [[ 578 1793]]
[[ 332 1577]] , [[ 332 1583]]
[[ 508 1576]] , [[ 508 1581]]
[[ 544 1566]] , [[ 544 1567]]
[[ 608 1570]] , [[ 608 1574]]
[[ 734 1568]] , [[ 734 1573]]
[[ 471 1576]] , [[ 470 1577]]
[[ 490 1576]] , [[ 490 1580]]
[[ 470 1577]] , [[ 470 1581]]
[[ 470 1577]] , [[ 470 1581]]
[[ 483 1576]] , [[ 483 1580]]
[[ 470 1577]] , [[ 470 1581]]
[[ 530 1574]] , [[ 529 1575]]
[[ 470 1577]] , [[ 470 1581]]
[[ 470 1577]] , [[ 470 1581]]
[[ 776 1636]] , [[ 776 1641]]
[[ 608 1568]] , [[ 608 1569]]
[[ 530 1574]] , [[ 530 1579]]
[[ 530 1574]] , [[ 529 1575]]
[[ 720 1642]] , [[ 720 1651]]
[[ 527 1574]] , [[ 526 1575]]
[[ 554 1572]] , [[ 554 1577]]
[[ 602 1558]] , [[ 602 1567]]
[[ 809 1564]] , [[ 809 1568]]
[[ 809 1564]] , [[ 809 1568]]
[[ 510 1575]] , [[ 510 1581]]
[[ 470 1577]] , [[ 470 1581]]
[[ 510 1575]] , [[ 510 1581]]
[[ 508 1575]] , [[ 508 1581]]
[[ 528 1575]] , [[ 528 1579]]
[[ 492 1576]] , [[ 492 1581]]
[[ 524 1742]] , [[ 524 1748]]
[[ 736 1568]] , [[ 736 1573]]
[[ 474 1577]] , [[ 474 1581]]
[[ 510 1575]] , [[ 510 1576]]
[[ 803 1564]] , [[ 803 1568]]
[[ 574 1564]] , [[ 574 1569]]
[[ 576 1564]] , [[ 576 1569]]
[[ 730 1482]] , [[ 730 1487]]
[[ 588 1566]] , [[ 588 1571]]
[[ 846 1559]] , [[ 846 1565]]
[[ 800 1562]] , [[ 800 1567]]
[[ 742 1562]] , [[ 742 1567]]
[[ 744 1563]] , [[ 744 1567]]
[[ 845 1559]] , [[ 844 1560]]
[[ 540 1476]] , [[ 540 1481]]
[[ 685 1562]] , [[ 685 1566]]
[[ 685 1562]] , [[ 685 1566]]
[[ 744 1468]] , [[ 744 1473]]
[[ 672 1550]] , [[ 672 1557]]
[[ 712 1566]] , [[ 712 1573]]
[[ 730 1480]] , [[ 730 1485]]
[[ 730 1480]] , [[ 730 1485]]
[[ 730 1480]] , [[ 730 1485]]
[[ 722 1484]] , [[ 722 1489]]
[[ 722 1484]] , [[ 722 1489]]
[[   4 1046]] , [[   4 1049]]
[[ 712 1566]] , [[ 712 1574]]
[[ 764 1564]] , [[ 764 1573]]
[[ 710 1432]] , [[ 710 1436]]
[[  60 1288]] , [[  60 1289]]
[[ 686 1372]] , [[ 686 1377]]
[[ 710 1372]] , [[ 710 1376]]
[[  21 1316]] , [[  20 1317]]
[[  60 1288]] , [[  60 1293]]
[[266 567]] , [[265 568]]
[[  81 1271]] , [[  81 1275]]
[[ 666 1339]] , [[ 666 1343]]
[[ 672 1370]] , [[ 672 1374]]
[[  14 1322]] , [[  14 1327]]
[[238 566]] , [[238 569]]
[[238 566]] , [[238 567]]
[[ 161 1355]] , [[ 161 1359]]
[[233 566]] , [[231 568]]
[[ 366 1086]] , [[ 366 1090]]
[[ 640 1332]] , [[ 640 1337]]
[[ 159 1360]] , [[ 158 1361]]
[[ 640 1332]] , [[ 640 1337]]
[[ 641 1266]] , [[ 641 1273]]
[[ 641 1266]] , [[ 641 1273]]
[[218 568]] , [[217 569]]
[[ 240 1370]] , [[ 240 1374]]
[[ 735 1468]] , [[ 734 1469]]
[[210 570]] , [[210 571]]
[[ 240 1370]] , [[ 240 1374]]
[[ 732 1469]] , [[ 731 1470]]
[[ 706 1471]] , [[ 706 1475]]
[[ 724 1471]] , [[ 723 1472]]
[[ 706 1471]] , [[ 706 1475]]
[[ 778 1366]] , [[ 778 1370]]
[[ 676 1406]] , [[ 676 1411]]
[[ 734 1468]] , [[ 734 1473]]
[[ 704 1470]] , [[ 704 1474]]
[[ 670 1564]] , [[ 670 1568]]
[[ 620 1565]] , [[ 620 1569]]
[[ 674 1424]] , [[ 674 1425]]
[[   2 1046]] , [[   2 1051]]
[[   2 1046]] , [[   2 1051]]
[[ 315 1060]] , [[ 316 1059]]
[[ 664 1339]] , [[ 664 1343]]
[[176 572]] , [[176 575]]
[[176 572]] , [[176 574]]
[[ 219 1292]] , [[ 219 1296]]
[[ 512 1070]] , [[ 512 1074]]
[[  72 1277]] , [[  72 1281]]
[[ 666 1339]] , [[ 666 1343]]
[[  72 1277]] , [[  72 1281]]
[[ 219 1292]] , [[ 219 1296]]
[[ 672 1368]] , [[ 672 1373]]
[[ 706 1472]] , [[ 706 1477]]
[[ 706 1472]] , [[ 706 1477]]
[[ 670 1368]] , [[ 670 1372]]
[[ 666 1339]] , [[ 666 1343]]
[[ 672 1368]] , [[ 672 1373]]
[[ 666 1338]] , [[ 666 1343]]
[[ 666 1338]] , [[ 666 1343]]
[[  73 1275]] , [[  73 1276]]
[[  73 1275]] , [[  73 1276]]
[[712 984]] , [[713 983]]
[[  73 1275]] , [[  73 1279]]
[[ 728 1424]] , [[ 728 1431]]
[[170 572]] , [[170 573]]
[[169 572]] , [[169 573]]
[[169 572]] , [[169 573]]
[[ 723 1054]] , [[ 724 1053]]
[[168 572]] , [[168 573]]
[[ 723 1054]] , [[ 724 1053]]
[[601 920]] , [[602 919]]
[[601 920]] , [[602 919]]
[[ 656 1370]] , [[ 656 1375]]
[[477 920]] , [[478 919]]
[[365 965]] , [[366 964]]
[[601 920]] , [[602 919]]
[[653 762]] , [[654 761]]
[[477 920]] , [[478 919]]
[[601 920]] , [[602 919]]
[[704 966]] , [[704 972]]
[[706 966]] , [[706 967]]
[[ 666 1338]] , [[ 666 1343]]
[[ 159 1360]] , [[ 158 1361]]
[[ 714 1432]] , [[ 714 1437]]
[[ 668 1338]] , [[ 667 1339]]
[[595 920]] , [[596 919]]
[[   2 1054]] , [[   2 1059]]
[[480 919]] , [[483 919]]
[[657 760]] , [[658 759]]
[[645 608]] , [[646 607]]
[[620 918]] , [[621 917]]
[[479 920]] , [[480 919]]
[[481 920]] , [[482 919]]
[[ 716 1432]] , [[ 716 1436]]
[[ 714 1370]] , [[ 714 1375]]
[[   1 1032]] , [[   1 1037]]
[[   6 1048]] , [[   6 1053]]
[[659 918]] , [[660 917]]
[[ 672 1424]] , [[ 672 1429]]
[[345 954]] , [[346 953]]
[[   0 1032]] , [[   0 1043]]
[[ 769 1052]] , [[ 770 1051]]
[[ 114 1438]] , [[ 114 1442]]
[[ 112 1439]] , [[ 112 1443]]
[[ 704 1471]] , [[ 704 1475]]
[[ 728 1432]] , [[ 728 1436]]
[[ 726 1432]] , [[ 726 1436]]
[[ 558 1474]] , [[ 558 1482]]
[[ 600 1562]] , [[ 600 1566]]
[[ 554 1474]] , [[ 554 1481]]
[[ 702 1470]] , [[ 702 1474]]
[[ 733 1468]] , [[ 732 1469]]
[[ 731 1469]] , [[ 731 1473]]
[[ 728 1432]] , [[ 728 1436]]
[[ 668 1424]] , [[ 668 1428]]
[[ 522 1476]] , [[ 522 1483]]
[[ 752 1468]] , [[ 752 1474]]
[[ 668 1424]] , [[ 668 1428]]
[[ 702 1470]] , [[ 702 1474]]
[[ 546 1560]] , [[ 546 1567]]
[[ 657 1550]] , [[ 657 1555]]
[[ 706 1472]] , [[ 706 1477]]
[[  38 1582]] , [[  38 1587]]
[[ 731 1469]] , [[ 731 1473]]
[[ 412 1498]] , [[ 412 1503]]
[[ 610 1562]] , [[ 610 1567]]
[[ 812 1562]] , [[ 812 1566]]
[[ 792 1560]] , [[ 792 1563]]
[[ 608 1560]] , [[ 608 1569]]
[[ 608 1560]] , [[ 608 1569]]
[[ 556 1568]] , [[ 556 1573]]
[[ 532 1546]] , [[ 532 1547]]
[[ 556 1568]] , [[ 556 1573]]
[[ 656 1474]] , [[ 656 1481]]
[[ 557 1483]] , [[ 557 1487]]
[[ 706 1471]] , [[ 706 1477]]
[[ 768 1468]] , [[ 768 1472]]
[[  66 1234]] , [[  66 1241]]
[[ 554 1481]] , [[ 554 1487]]
[[ 656 1474]] , [[ 656 1481]]
[[ 790 1560]] , [[ 790 1567]]
[[ 412 1516]] , [[ 412 1520]]
[[ 656 1474]] , [[ 656 1481]]
[[ 654 1408]] , [[ 654 1415]]
[[ 428 1492]] , [[ 428 1497]]
[[ 721 1472]] , [[ 720 1473]]
[[ 833 1566]] , [[ 833 1570]]
[[ 653 1545]] , [[ 653 1549]]
[[ 653 1545]] , [[ 653 1549]]
[[ 556 1368]] , [[ 556 1372]]
[[ 388 1287]] , [[ 388 1291]]
[[ 388 1287]] , [[ 388 1291]]
[[ 518 1336]] , [[ 517 1337]]
[[ 670 1298]] , [[ 670 1303]]
[[ 666 1298]] , [[ 666 1303]]
[[ 218 1298]] , [[ 218 1303]]
[[  72 1190]] , [[  72 1196]]
[[  66 1190]] , [[  66 1199]]
[[ 166 1352]] , [[ 165 1353]]
[[ 162 1357]] , [[ 162 1361]]
[[ 731 1469]] , [[ 730 1470]]
[[ 640 1476]] , [[ 640 1481]]
[[ 544 1472]] , [[ 543 1473]]
[[ 524 1476]] , [[ 524 1481]]
[[ 646 1370]] , [[ 646 1375]]
[[ 646 1370]] , [[ 646 1375]]
[[ 543 1473]] , [[ 543 1477]]
[[ 622 1478]] , [[ 622 1482]]
[[ 594 1560]] , [[ 594 1569]]
[[ 638 1328]] , [[ 638 1332]]
[[ 594 1560]] , [[ 594 1567]]
[[ 662 1560]] , [[ 662 1567]]
[[ 562 1566]] , [[ 562 1567]]
[[ 750 1568]] , [[ 750 1569]]
[[ 780 1636]] , [[ 780 1641]]
[[ 312 1579]] , [[ 312 1583]]
[[ 312 1579]] , [[ 312 1583]]
[[ 406 1578]] , [[ 406 1582]]
[[ 884 1570]] , [[ 884 1574]]
[[ 556 1472]] , [[ 556 1478]]
[[ 638 1474]] , [[ 638 1483]]
[[ 670 1408]] , [[ 670 1413]]
[[ 556 1472]] , [[ 556 1477]]
[[ 746 1370]] , [[ 746 1375]]
[[ 848 1568]] , [[ 848 1572]]
[[ 748 1568]] , [[ 748 1569]]
[[ 680 1424]] , [[ 680 1429]]
[[ 640 1474]] , [[ 640 1475]]
[[ 598 1558]] , [[ 598 1567]]
[[ 782 1634]] , [[ 782 1639]]
[[ 780 1634]] , [[ 780 1639]]
[[ 760 1468]] , [[ 760 1472]]
[[ 728 1558]] , [[ 728 1567]]
[[ 728 1558]] , [[ 728 1567]]
[[ 721 1558]] , [[ 722 1557]]
[[ 506 1702]] , [[ 506 1705]]
[[ 798 1636]] , [[ 798 1641]]
[[ 742 1570]] , [[ 742 1574]]
[[ 748 1568]] , [[ 748 1569]]
[[ 780 1634]] , [[ 780 1639]]
[[ 496 1748]] , [[ 496 1753]]
[[ 528 1568]] , [[ 528 1575]]
[[ 745 1570]] , [[ 745 1574]]
[[ 628 1561]] , [[ 628 1565]]
[[ 560 1545]] , [[ 560 1549]]
[[ 604 1540]] , [[ 604 1545]]
[[ 728 1558]] , [[ 728 1567]]
[[ 628 1560]] , [[ 628 1565]]
[[ 536 1571]] , [[ 536 1575]]
[[ 530 1571]] , [[ 530 1575]]
[[ 920 1594]] , [[ 920 1598]]
[[ 750 1798]] , [[ 750 1804]]
[[ 678 1552]] , [[ 678 1557]]
[[ 533 1571]] , [[ 533 1575]]
[[ 400 1578]] , [[ 400 1582]]
[[ 662 1565]] , [[ 662 1569]]
[[ 912 1579]] , [[ 912 1583]]
[[ 676 1558]] , [[ 676 1562]]
[[ 894 1571]] , [[ 894 1575]]
[[ 588 1570]] , [[ 588 1575]]
[[ 920 1594]] , [[ 920 1598]]
[[  20 1582]] , [[  20 1587]]
[[ 586 1748]] , [[ 586 1755]]
[[ 680 1554]] , [[ 680 1559]]
[[ 620 1569]] , [[ 620 1573]]
[[ 700 1570]] , [[ 700 1574]]
[[ 668 1800]] , [[ 668 1805]]
[[ 892 1568]] , [[ 892 1573]]
[[ 754 1802]] , [[ 754 1803]]
[[ 542 1739]] , [[ 542 1743]]
[[ 616 1780]] , [[ 615 1781]]
[[ 617 1780]] , [[ 616 1781]]
[[ 742 1768]] , [[ 742 1769]]
[[ 838 1564]] , [[ 838 1569]]
[[ 744 1792]] , [[ 744 1793]]
[[ 780 1636]] , [[ 780 1641]]
[[ 269 1578]] , [[ 268 1579]]
[[ 844 1560]] , [[ 844 1567]]
[[ 744 1570]] , [[ 744 1574]]
[[ 636 1568]] , [[ 636 1575]]
[[ 562 1572]] , [[ 562 1576]]
[[ 844 1560]] , [[ 844 1563]]
[[ 844 1560]] , [[ 844 1563]]
[[ 562 1572]] , [[ 562 1576]]
[[ 728 1642]] , [[ 728 1647]]
[[ 782 1634]] , [[ 782 1637]]
[[ 782 1634]] , [[ 782 1637]]
[[ 784 1634]] , [[ 784 1639]]
[[ 416 1577]] , [[ 416 1581]]
[[ 560 1572]] , [[ 560 1576]]
[[ 414 1577]] , [[ 414 1581]]
[[ 616 1568]] , [[ 616 1573]]
[[ 618 1568]] , [[ 618 1573]]
[[ 780 1568]] , [[ 780 1572]]
[[ 780 1568]] , [[ 780 1572]]
[[ 780 1568]] , [[ 780 1572]]
[[ 598 1553]] , [[ 597 1554]]
[[ 572 1554]] , [[ 572 1559]]
[[ 796 1341]] , [[ 796 1345]]
[[ 816 1344]] , [[ 816 1349]]
[[ 685 1376]] , [[ 685 1381]]
[[ 546 1560]] , [[ 546 1565]]
[[ 524 1574]] , [[ 524 1579]]
[[ 556 1562]] , [[ 556 1563]]
[[ 558 1740]] , [[ 558 1745]]
[[ 525 1572]] , [[ 524 1573]]
[[ 488 1571]] , [[ 488 1575]]
[[ 550 1568]] , [[ 550 1575]]
[[ 488 1571]] , [[ 488 1575]]
[[ 550 1568]] , [[ 550 1575]]
[[ 554 1564]] , [[ 554 1567]]
[[ 554 1553]] , [[ 554 1559]]
[[ 702 1560]] , [[ 702 1567]]
[[ 356 1006]] , [[ 356 1007]]
[[ 696 1428]] , [[ 696 1429]]
[[ 671 1424]] , [[ 671 1428]]
[[ 678 1426]] , [[ 678 1432]]
[[572 730]] , [[572 735]]
[[ 674 1544]] , [[ 674 1551]]
[[ 674 1544]] , [[ 674 1551]]
[[ 714 1550]] , [[ 714 1561]]
[[ 560 1566]] , [[ 560 1571]]
[[ 546 1550]] , [[ 546 1552]]
[[ 588 1564]] , [[ 588 1569]]
[[ 674 1544]] , [[ 674 1553]]
[[ 618 1550]] , [[ 618 1555]]
[[ 684 1556]] , [[ 684 1562]]
[[ 608 1552]] , [[ 608 1554]]
[[ 729 1469]] , [[ 729 1473]]
[[ 796 1342]] , [[ 796 1346]]
[[ 546 1548]] , [[ 546 1549]]
[[ 706 1370]] , [[ 706 1375]]
[[ 540 1476]] , [[ 540 1481]]
[[ 526 1476]] , [[ 526 1481]]
[[ 692 1564]] , [[ 692 1569]]
[[ 696 1554]] , [[ 696 1559]]
[[ 546 1546]] , [[ 546 1555]]
[[ 690 1552]] , [[ 690 1555]]
[[ 444 1494]] , [[ 444 1499]]
[[ 628 1548]] , [[ 628 1553]]
[[ 284 1344]] , [[ 284 1349]]
[[ 702 1368]] , [[ 702 1375]]
[[ 720 1476]] , [[ 720 1481]]
[[ 746 1470]] , [[ 746 1475]]
[[ 544 1479]] , [[ 544 1483]]
[[ 814 1558]] , [[ 814 1567]]
[[ 544 1479]] , [[ 544 1483]]
[[ 732 1470]] , [[ 732 1475]]
[[ 721 1472]] , [[ 720 1473]]
[[ 518 1476]] , [[ 518 1481]]
[[ 684 1370]] , [[ 684 1375]]
[[ 698 1430]] , [[ 698 1434]]
[[ 740 1427]] , [[ 740 1431]]
[[ 736 1468]] , [[ 735 1469]]
[[ 718 1474]] , [[ 718 1479]]
[[ 624 1474]] , [[ 624 1480]]
[[ 718 1474]] , [[ 718 1479]]
[[ 328 1344]] , [[ 328 1348]]
[[ 798 1328]] , [[ 798 1335]]
[[ 568 1340]] , [[ 568 1357]]
[[ 798 1330]] , [[ 798 1335]]
[[ 568 1340]] , [[ 568 1352]]
[[ 568 1340]] , [[ 568 1357]]
[[ 610 1342]] , [[ 610 1343]]
[[ 610 1342]] , [[ 610 1343]]
[[ 610 1342]] , [[ 610 1347]]
[[ 610 1342]] , [[ 610 1347]]
[[ 408 1334]] , [[ 408 1339]]
[[ 404 1312]] , [[ 404 1323]]
[[ 619 1340]] , [[ 620 1339]]
[[ 313 1168]] , [[ 312 1169]]
[[ 614 1076]] , [[ 614 1077]]
[[ 192 1022]] , [[ 192 1035]]
[[284 998]] , [[ 284 1003]]
[[256 997]] , [[256 999]]
[[392 894]] , [[392 907]]
[[392 894]] , [[392 907]]
[[394 894]] , [[394 895]]
[[393 894]] , [[393 895]]
[[399 892]] , [[397 894]]
[[618 888]] , [[618 891]]
[[617 888]] , [[617 891]]
[[617 888]] , [[617 891]]
[[617 888]] , [[617 891]]
[[617 888]] , [[617 891]]
[[393 854]] , [[393 858]]
[[393 854]] , [[393 858]]
[[618 888]] , [[618 891]]
[[399 892]] , [[398 893]]
[[399 892]] , [[399 895]]
[[230 996]] , [[230 999]]
[[399 892]] , [[399 893]]
[[392 894]] , [[392 896]]
[[ 246 1000]] , [[ 245 1001]]
[[288 998]] , [[287 999]]
[[286 997]] , [[285 998]]
[[392 892]] , [[392 895]]
[[294 994]] , [[293 995]]
[[ 323 1002]] , [[ 324 1001]]
[[399 892]] , [[397 894]]
[[394 894]] , [[394 895]]
[[232 998]] , [[ 232 1005]]
[[399 894]] , [[399 895]]
[[399 894]] , [[399 895]]
[[232 998]] , [[ 232 1003]]
[[394 894]] , [[394 895]]
[[394 894]] , [[394 895]]
[[394 894]] , [[394 895]]
[[ 211 1009]] , [[ 210 1010]]
[[ 211 1009]] , [[ 210 1010]]
[[232 998]] , [[ 232 1001]]
[[ 210 1010]] , [[ 210 1016]]
[[397 894]] , [[397 895]]
[[242 998]] , [[ 242 1003]]
[[398 894]] , [[398 896]]
[[618 888]] , [[618 889]]
[[616 888]] , [[616 891]]
[[397 893]] , [[397 895]]
[[396 893]] , [[395 894]]
[[395 893]] , [[394 894]]
[[395 893]] , [[394 894]]
[[178 984]] , [[178 989]]
[[394 893]] , [[393 894]]
[[ 181 1022]] , [[ 181 1027]]
[[392 894]] , [[392 898]]
[[390 920]] , [[390 927]]
[[390 920]] , [[390 927]]
[[232 998]] , [[ 232 1001]]
[[390 924]] , [[390 929]]
[[246 998]] , [[246 999]]
[[234 997]] , [[234 999]]
[[234 997]] , [[234 999]]
[[232 997]] , [[231 998]]
[[ 596 1076]] , [[ 596 1077]]
[[ 596 1076]] , [[ 596 1077]]
[[ 176 1016]] , [[ 176 1017]]
[[ 596 1076]] , [[ 596 1077]]
[[ 170 1030]] , [[ 170 1031]]
[[ 168 1030]] , [[ 168 1035]]
[[ 600 1076]] , [[ 600 1077]]
[[ 166 1030]] , [[ 166 1056]]
[[ 190 1008]] , [[ 190 1015]]
[[ 170 1008]] , [[ 170 1015]]
[[146 862]] , [[146 885]]
[[428 995]] , [[427 996]]
[[603 940]] , [[604 939]]
[[430 995]] , [[429 996]]
[[ 164 1009]] , [[ 164 1011]]
[[404 996]] , [[403 997]]
[[406 996]] , [[405 997]]
[[326 998]] , [[326 999]]
[[ 196 1008]] , [[ 196 1013]]
[[404 998]] , [[ 404 1001]]
[[ 326 1001]] , [[ 325 1002]]
[[ 404 1000]] , [[ 403 1001]]
[[352 982]] , [[352 995]]
[[ 416 1000]] , [[ 415 1001]]
[[ 364 1115]] , [[ 364 1121]]
[[340 944]] , [[340 949]]
[[ 356 1075]] , [[ 356 1093]]
[[ 564 1078]] , [[ 564 1079]]
[[ 763 1128]] , [[ 763 1133]]
[[ 558 1078]] , [[ 558 1112]]
[[ 397 1178]] , [[ 395 1180]]
[[ 349 1074]] , [[ 348 1075]]
[[ 562 1078]] , [[ 560 1080]]
[[ 344 1074]] , [[ 344 1076]]
[[752 998]] , [[ 752 1009]]
[[ 750 1000]] , [[ 750 1007]]
[[ 338 1076]] , [[ 338 1077]]
[[ 338 1076]] , [[ 337 1077]]
[[ 719 1320]] , [[ 720 1319]]
[[ 719 1320]] , [[ 720 1319]]
[[312 892]] , [[312 911]]
[[416 996]] , [[415 997]]
[[ 740 1035]] , [[ 740 1039]]
[[460 996]] , [[459 997]]
[[306 894]] , [[306 910]]
[[464 996]] , [[463 997]]
[[ 328 1076]] , [[ 328 1077]]
[[ 135 1000]] , [[ 134 1001]]
[[408 996]] , [[408 997]]
[[736 954]] , [[736 959]]
[[736 954]] , [[736 962]]
[[734 924]] , [[734 947]]
[[408 996]] , [[408 997]]
[[408 996]] , [[408 997]]
[[736 953]] , [[736 963]]
[[734 924]] , [[734 945]]
[[734 940]] , [[734 945]]
[[302 894]] , [[302 913]]
[[302 894]] , [[302 910]]
[[734 928]] , [[734 947]]
[[736 956]] , [[736 961]]
[[736 956]] , [[736 961]]
[[736 952]] , [[736 959]]
[[736 953]] , [[736 959]]
[[310 894]] , [[309 895]]
[[312 894]] , [[311 895]]
[[312 894]] , [[311 895]]
[[476 848]] , [[476 853]]
[[552 890]] , [[552 891]]
[[561 889]] , [[560 890]]
[[314 894]] , [[314 895]]
[[314 893]] , [[314 911]]
[[763 964]] , [[763 975]]
[[765 954]] , [[764 955]]
[[432 998]] , [[431 999]]
[[ 345 1076]] , [[ 345 1080]]
[[ 754 1029]] , [[ 754 1041]]
[[758 952]] , [[758 961]]
[[438 998]] , [[437 999]]
[[ 563 1078]] , [[ 562 1079]]
[[438 998]] , [[437 999]]
[[436 998]] , [[435 999]]
[[438 998]] , [[437 999]]
[[570 888]] , [[570 891]]
[[338 893]] , [[338 927]]
[[342 893]] , [[341 894]]
[[ 402 1180]] , [[ 402 1194]]
[[ 568 1078]] , [[ 568 1113]]
[[ 172 1004]] , [[ 172 1005]]
[[464 996]] , [[464 997]]
[[340 894]] , [[340 931]]
[[ 568 1078]] , [[ 568 1079]]
[[ 568 1078]] , [[ 568 1079]]
[[ 568 1078]] , [[ 568 1081]]
[[ 327 1346]] , [[ 328 1345]]
[[ 568 1078]] , [[ 568 1081]]
[[ 402 1176]] , [[ 402 1199]]
[[ 570 1078]] , [[ 570 1079]]
[[ 370 1214]] , [[ 370 1234]]
[[ 581 1078]] , [[ 579 1080]]
[[462 996]] , [[461 997]]
[[354 928]] , [[354 932]]
[[ 590 1078]] , [[ 589 1079]]
[[427 996]] , [[425 998]]
[[462 996]] , [[460 998]]
[[154 862]] , [[154 863]]
[[598 890]] , [[598 899]]
[[398 996]] , [[ 398 1008]]
[[ 188 1010]] , [[ 188 1013]]
[[328 998]] , [[327 999]]
[[390 920]] , [[390 931]]
[[610 890]] , [[610 891]]
[[400 920]] , [[400 923]]
[[234 998]] , [[234 999]]
[[ 188 1052]] , [[ 188 1063]]
[[ 398 1035]] , [[ 398 1039]]
[[ 193 1054]] , [[ 193 1059]]
[[ 191 1014]] , [[ 191 1021]]
[[258 998]] , [[258 999]]
[[258 998]] , [[258 999]]
[[260 998]] , [[260 999]]
[[260 998]] , [[260 999]]
[[ 198 1038]] , [[ 198 1057]]
[[274 998]] , [[274 999]]
[[294 998]] , [[293 999]]
[[294 998]] , [[293 999]]
[[192 936]] , [[192 943]]
[[296 998]] , [[295 999]]
[[290 998]] , [[289 999]]
[[ 206 1044]] , [[ 206 1049]]
[[292 998]] , [[291 999]]
[[ 421 1074]] , [[ 420 1075]]
[[ 423 1074]] , [[ 422 1075]]
[[ 208 1042]] , [[ 208 1048]]
[[ 423 1075]] , [[ 422 1076]]
[[ 628 1080]] , [[ 628 1083]]
[[ 628 1080]] , [[ 628 1087]]
[[ 211 1120]] , [[ 211 1129]]
[[ 632 1080]] , [[ 632 1081]]
[[ 429 1074]] , [[ 428 1075]]
[[ 428 1074]] , [[ 427 1075]]
[[ 632 1080]] , [[ 632 1081]]
[[ 634 1079]] , [[ 634 1081]]
[[ 220 1040]] , [[ 220 1041]]
[[282 998]] , [[282 999]]
[[ 220 1042]] , [[ 220 1043]]
[[ 219 1040]] , [[ 219 1044]]
[[286 998]] , [[286 999]]
[[214 938]] , [[214 943]]
[[302 996]] , [[301 997]]
[[224 936]] , [[224 939]]
[[ 234 1038]] , [[ 234 1057]]
[[218 938]] , [[218 942]]
[[220 898]] , [[220 901]]
[[232 936]] , [[232 943]]
[[222 938]] , [[222 955]]
[[302 996]] , [[300 998]]
[[224 924]] , [[224 933]]
[[226 924]] , [[226 925]]
[[ 237 1056]] , [[ 238 1055]]
[[236 912]] , [[236 919]]
[[236 912]] , [[236 927]]
[[302 996]] , [[301 997]]
[[ 448 1075]] , [[ 448 1081]]
[[224 912]] , [[224 916]]
[[226 926]] , [[226 935]]
[[ 235 1026]] , [[ 235 1033]]
[[300 996]] , [[300 997]]
[[300 996]] , [[300 997]]
[[ 243 1036]] , [[ 244 1035]]
[[300 996]] , [[299 997]]
[[234 894]] , [[234 897]]
[[ 246 1036]] , [[ 246 1037]]
[[ 239 1022]] , [[ 239 1029]]
[[298 996]] , [[297 997]]
[[666 894]] , [[666 905]]
[[232 894]] , [[232 895]]
[[232 894]] , [[232 895]]
[[235 906]] , [[236 905]]
[[434 895]] , [[434 913]]
[[232 896]] , [[232 897]]
[[434 896]] , [[434 926]]
[[434 896]] , [[434 927]]
[[434 896]] , [[434 897]]
[[434 896]] , [[434 937]]
[[666 896]] , [[666 897]]
[[229 898]] , [[229 899]]
[[666 896]] , [[666 897]]
[[434 895]] , [[433 896]]
[[434 894]] , [[434 895]]
[[434 894]] , [[434 895]]
[[434 894]] , [[434 895]]
[[447 895]] , [[446 896]]
[[434 896]] , [[434 941]]
[[434 896]] , [[433 897]]
[[236 898]] , [[234 900]]
[[247 966]] , [[248 965]]
[[ 243 1034]] , [[ 244 1033]]
[[230 900]] , [[230 911]]
[[235 901]] , [[234 902]]
[[ 241 1040]] , [[ 242 1039]]
[[ 241 1040]] , [[ 242 1039]]
[[ 448 1080]] , [[ 448 1116]]
[[ 448 1081]] , [[ 448 1089]]
[[ 292 1002]] , [[ 291 1003]]
[[ 292 1002]] , [[ 291 1003]]
[[ 291 1002]] , [[ 289 1004]]
[[ 290 1002]] , [[ 289 1003]]
[[424 898]] , [[424 921]]
[[218 906]] , [[218 955]]
[[212 938]] , [[212 953]]
[[221 968]] , [[222 967]]
[[208 922]] , [[208 923]]
[[208 898]] , [[208 907]]
[[205 906]] , [[205 907]]
[[417 885]] , [[416 886]]
[[283 990]] , [[281 992]]
[[283 988]] , [[282 989]]
[[286 988]] , [[285 989]]
[[206 892]] , [[206 893]]
[[279 990]] , [[277 992]]
[[242 992]] , [[242 993]]
[[ 412 1063]] , [[ 412 1095]]
[[226 994]] , [[225 995]]
[[386 886]] , [[386 907]]
[[224 994]] , [[223 995]]
[[180 976]] , [[180 983]]
[[222 994]] , [[221 995]]
[[228 993]] , [[227 994]]
[[377 910]] , [[377 927]]
[[216 992]] , [[216 995]]
[[ 362 1011]] , [[ 362 1015]]
[[ 157 1072]] , [[ 158 1071]]
[[ 153 1076]] , [[ 154 1075]]
[[414 989]] , [[413 990]]
[[388 990]] , [[388 991]]
[[564 882]] , [[564 901]]
[[333 904]] , [[334 903]]
[[333 886]] , [[331 888]]
[[426 990]] , [[425 991]]
[[315 888]] , [[315 903]]
[[ 119 1012]] , [[ 120 1011]]
[[ 117 1012]] , [[ 118 1011]]
[[738 945]] , [[738 957]]
[[ 115 1008]] , [[ 116 1007]]
[[442 846]] , [[442 851]]
[[548 883]] , [[547 884]]
[[547 883]] , [[546 884]]
[[725 882]] , [[725 883]]
[[542 884]] , [[542 889]]
[[293 872]] , [[293 877]]
[[291 872]] , [[290 873]]
[[289 872]] , [[289 876]]
[[289 871]] , [[288 872]]
[[712 872]] , [[712 881]]
[[432 990]] , [[431 991]]
[[282 870]] , [[282 871]]
[[281 870]] , [[281 876]]
[[281 885]] , [[280 886]]
[[710 876]] , [[710 877]]
[[698 878]] , [[698 879]]
[[268 873]] , [[268 877]]
[[265 876]] , [[265 881]]
[[261 871]] , [[261 881]]
[[257 871]] , [[257 881]]
[[265 898]] , [[266 897]]
[[689 880]] , [[689 882]]
[[685 881]] , [[685 883]]
[[245 872]] , [[244 873]]
[[468 886]] , [[468 895]]
[[466 887]] , [[465 888]]
[[473 888]] , [[472 889]]
[[473 888]] , [[472 889]]
[[458 888]] , [[458 895]]
[[654 888]] , [[654 889]]
[[654 888]] , [[654 889]]
[[456 888]] , [[456 893]]
[[471 888]] , [[470 889]]
[[650 888]] , [[650 895]]
[[650 888]] , [[650 895]]
[[652 888]] , [[652 889]]
[[230 900]] , [[230 901]]
[[470 889]] , [[469 890]]
[[230 900]] , [[230 901]]
[[230 900]] , [[230 901]]
[[228 890]] , [[228 891]]
[[456 890]] , [[456 895]]
[[463 890]] , [[461 892]]
[[225 884]] , [[225 889]]
[[225 880]] , [[225 884]]
[[648 888]] , [[648 891]]
[[646 888]] , [[646 899]]
[[646 888]] , [[646 893]]
[[646 888]] , [[646 891]]
[[646 888]] , [[646 891]]
[[450 890]] , [[450 897]]
[[450 889]] , [[450 897]]
[[  89 1000]] , [[  88 1001]]
[[220 887]] , [[220 895]]
[[223 880]] , [[223 885]]
[[648 888]] , [[648 893]]
[[467 946]] , [[468 945]]
[[465 890]] , [[463 892]]
[[652 888]] , [[652 893]]
[[471 944]] , [[472 943]]
[[460 890]] , [[460 913]]
[[464 890]] , [[464 893]]
[[662 894]] , [[662 895]]
[[468 898]] , [[468 915]]
[[666 903]] , [[666 905]]
[[668 907]] , [[668 909]]
[[474 908]] , [[474 909]]
[[491 909]] , [[490 910]]
[[  94 1009]] , [[  93 1010]]
[[248 892]] , [[248 896]]
[[470 862]] , [[470 867]]
[[480 860]] , [[480 861]]
[[476 860]] , [[476 865]]
[[260 878]] , [[260 879]]
[[476 854]] , [[476 859]]
[[248 852]] , [[248 853]]
[[254 848]] , [[254 851]]
[[270 878]] , [[269 879]]
[[700 878]] , [[700 881]]
[[275 880]] , [[274 881]]
[[712 886]] , [[711 887]]
[[711 885]] , [[711 886]]
[[712 880]] , [[712 886]]
[[721 887]] , [[721 888]]
[[514 932]] , [[514 939]]
[[288 894]] , [[288 897]]
[[722 878]] , [[722 885]]
[[733 887]] , [[732 888]]
[[442 854]] , [[442 859]]
[[296 860]] , [[296 861]]
[[444 854]] , [[444 859]]
[[734 888]] , [[734 891]]
[[308 895]] , [[308 917]]
[[744 892]] , [[744 897]]
[[750 869]] , [[750 873]]
[[324 896]] , [[324 915]]
[[ 355 1078]] , [[ 355 1079]]
[[ 756 1101]] , [[ 756 1119]]
[[ 564 1081]] , [[ 563 1082]]
[[474 998]] , [[473 999]]
[[ 155 1024]] , [[ 156 1023]]
[[499 998]] , [[ 497 1000]]
[[344 897]] , [[344 941]]
[[ 777 1116]] , [[ 777 1117]]
[[ 781 1068]] , [[ 781 1072]]
[[ 163 1024]] , [[ 164 1023]]
[[ 165 1024]] , [[ 166 1023]]
[[357 924]] , [[357 934]]
[[ 586 1080]] , [[ 586 1087]]
[[152 872]] , [[152 873]]
[[ 179 1026]] , [[ 180 1025]]
[[611 938]] , [[612 937]]
[[600 893]] , [[600 895]]
[[158 870]] , [[158 881]]
[[391 900]] , [[391 915]]
[[392 902]] , [[392 907]]
[[638 839]] , [[638 843]]
[[395 900]] , [[395 901]]
[[ 253 1006]] , [[ 254 1005]]
[[ 246 1002]] , [[ 246 1007]]
[[618 897]] , [[617 898]]
[[ 250 1000]] , [[ 250 1005]]
[[396 900]] , [[394 902]]
[[403 896]] , [[401 898]]
[[403 896]] , [[401 898]]
[[238 998]] , [[237 999]]
[[ 196 1040]] , [[ 196 1047]]
[[258 999]] , [[ 258 1005]]
[[ 198 1040]] , [[ 198 1051]]
[[ 200 1056]] , [[ 200 1063]]
[[256 999]] , [[ 256 1001]]
[[188 908]] , [[188 919]]
[[258 998]] , [[ 258 1003]]
[[192 934]] , [[192 939]]
[[192 934]] , [[192 939]]
[[410 897]] , [[410 903]]
[[200 964]] , [[200 975]]
[[200 964]] , [[200 975]]
[[200 964]] , [[200 975]]
[[200 966]] , [[200 975]]
[[264 998]] , [[264 999]]
[[200 966]] , [[200 973]]
[[200 966]] , [[200 973]]
[[200 966]] , [[200 973]]
[[200 966]] , [[200 973]]
[[200 966]] , [[200 973]]
[[200 966]] , [[200 973]]
[[200 966]] , [[200 973]]
[[200 966]] , [[200 973]]
[[200 966]] , [[200 973]]
[[200 966]] , [[200 973]]
[[200 964]] , [[200 971]]
[[200 964]] , [[200 971]]
[[200 964]] , [[200 971]]
[[270 998]] , [[ 270 1001]]
[[292 998]] , [[ 292 1003]]
[[268 998]] , [[268 999]]
[[296 998]] , [[296 999]]
[[256 998]] , [[256 999]]
[[296 998]] , [[295 999]]
[[ 414 1076]] , [[ 414 1081]]
[[ 246 1002]] , [[ 246 1003]]
[[ 414 1080]] , [[ 414 1098]]
[[ 622 1086]] , [[ 622 1087]]
[[ 270 1004]] , [[ 270 1005]]
[[ 414 1080]] , [[ 413 1081]]
[[ 236 1000]] , [[ 236 1001]]
[[232 996]] , [[232 997]]
[[234 994]] , [[233 995]]
[[234 994]] , [[234 995]]
[[250 994]] , [[250 995]]
[[ 194 1038]] , [[ 194 1039]]
[[184 972]] , [[184 993]]
[[ 226 1004]] , [[ 226 1009]]
[[ 182 1024]] , [[ 182 1039]]
[[ 182 1072]] , [[ 182 1112]]
[[ 182 1020]] , [[ 182 1023]]
[[ 170 1030]] , [[ 170 1053]]
[[ 590 1080]] , [[ 590 1085]]
[[ 586 1078]] , [[ 586 1079]]
[[ 169 1312]] , [[ 170 1311]]
[[ 150 1128]] , [[ 150 1133]]
[[ 272 1166]] , [[ 271 1167]]
[[ 556 1078]] , [[ 556 1131]]
[[ 757 1025]] , [[ 757 1030]]
[[ 424 1179]] , [[ 423 1180]]
[[ 734 1083]] , [[ 734 1085]]
[[ 706 1256]] , [[ 706 1261]]
[[ 314 1084]] , [[ 314 1118]]
[[ 510 1180]] , [[ 510 1182]]
[[ 156 1176]] , [[ 156 1177]]
[[ 154 1174]] , [[ 153 1175]]
[[ 248 1000]] , [[ 247 1001]]
[[ 695 1061]] , [[ 695 1067]]
[[ 689 1068]] , [[ 688 1069]]
[[494 886]] , [[494 897]]
[[ 678 1065]] , [[ 678 1069]]
[[496 888]] , [[496 891]]
[[102 996]] , [[101 997]]
[[ 676 1072]] , [[ 676 1073]]
[[ 272 1076]] , [[ 272 1086]]
[[ 80 996]] , [[ 80 997]]
[[ 81 996]] , [[ 79 998]]
[[ 683 1070]] , [[ 682 1071]]
[[ 476 1072]] , [[ 476 1073]]
[[ 86 996]] , [[ 85 997]]
[[ 84 996]] , [[ 83 997]]
[[ 84 996]] , [[ 83 997]]
[[488 886]] , [[488 887]]
[[ 476 1070]] , [[ 476 1073]]
[[ 478 1075]] , [[ 479 1074]]
[[ 76 998]] , [[ 76 999]]
[[ 76 998]] , [[ 76 999]]
[[  57 1018]] , [[  58 1017]]
[[  57 1016]] , [[  58 1015]]
[[ 92 996]] , [[ 91 997]]
[[126 995]] , [[125 996]]
[[104 995]] , [[103 996]]
[[488 883]] , [[488 899]]
[[ 88 996]] , [[ 88 997]]
[[497 886]] , [[497 889]]
[[ 697 1068]] , [[ 697 1069]]
[[ 207 1008]] , [[ 207 1013]]
[[512 956]] , [[512 957]]
[[ 713 1064]] , [[ 713 1067]]
[[138 996]] , [[138 997]]
[[309 888]] , [[309 889]]
[[ 329 1071]] , [[ 328 1072]]
[[ 339 1260]] , [[ 340 1259]]
[[ 345 1260]] , [[ 346 1259]]
[[468 988]] , [[467 989]]
[[ 200 1166]] , [[ 200 1167]]
[[ 406 1170]] , [[ 406 1175]]
[[482 988]] , [[482 989]]
[[ 373 1172]] , [[ 373 1175]]
[[ 580 1072]] , [[ 580 1073]]
[[ 172 1158]] , [[ 172 1163]]
[[ 407 1146]] , [[ 407 1151]]
[[318 998]] , [[317 999]]
[[402 992]] , [[402 999]]
[[186 990]] , [[186 995]]
[[ 751 1012]] , [[ 751 1018]]
[[ 619 1080]] , [[ 618 1081]]
[[ 347 1002]] , [[ 346 1003]]
[[ 272 1001]] , [[ 271 1002]]
[[ 622 1076]] , [[ 622 1077]]
[[198 944]] , [[198 954]]
[[195 894]] , [[195 898]]
[[634 883]] , [[633 884]]
[[425 956]] , [[426 955]]
[[622 840]] , [[622 845]]
[[640 887]] , [[639 888]]
[[480 846]] , [[480 851]]
[[646 891]] , [[645 892]]
[[488 846]] , [[488 851]]
[[464 840]] , [[464 841]]
[[426 844]] , [[426 849]]
[[640 892]] , [[640 895]]
[[ 218 1198]] , [[ 218 1215]]
[[ 434 1230]] , [[ 434 1243]]
[[ 586 1335]] , [[ 586 1339]]
[[ 533 1339]] , [[ 532 1340]]
[[ 373 1338]] , [[ 372 1339]]
[[ 701 1358]] , [[ 702 1357]]
[[ 626 1297]] , [[ 625 1298]]
[[ 625 1298]] , [[ 625 1299]]
[[ 626 1298]] , [[ 626 1299]]
[[ 424 1306]] , [[ 424 1313]]
[[ 424 1306]] , [[ 424 1313]]
[[ 404 1340]] , [[ 404 1345]]
[[ 424 1306]] , [[ 424 1313]]
[[ 532 1340]] , [[ 532 1345]]
