[[417 111]] , [[418 110]]
[[750 516]] , [[750 517]]
[[377 516]] , [[377 522]]
[[752 514]] , [[752 515]]
[[787 535]] , [[787 539]]
[[831 530]] , [[832 529]]
[[478 516]] , [[478 517]]
[[752 514]] , [[752 515]]
[[486 518]] , [[486 523]]
[[752 514]] , [[752 515]]
[[575 168]] , [[574 169]]
[[827 530]] , [[828 529]]
[[813 514]] , [[812 515]]
[[377 516]] , [[377 520]]
[[665 530]] , [[666 529]]
[[478 518]] , [[478 519]]
[[783 514]] , [[781 516]]
[[478 518]] , [[478 519]]
[[750 160]] , [[750 165]]
[[750 158]] , [[750 162]]
[[744 716]] , [[744 718]]
[[665 530]] , [[666 529]]
[[476 518]] , [[476 519]]
[[804 514]] , [[804 515]]
[[736 516]] , [[736 519]]
[[846 624]] , [[846 631]]
[[476 542]] , [[476 543]]
[[834 518]] , [[834 523]]
[[476 542]] , [[476 543]]
[[488 518]] , [[488 523]]
[[834 518]] , [[834 523]]
[[510 518]] , [[510 523]]
[[478 531]] , [[478 544]]
[[834 518]] , [[834 523]]
[[308 528]] , [[308 533]]
[[846 558]] , [[846 559]]
[[464 654]] , [[464 659]]
[[464 654]] , [[464 659]]
[[476 516]] , [[476 517]]
[[819 524]] , [[820 523]]
[[822 542]] , [[822 546]]
[[832 567]] , [[832 569]]
[[284 546]] , [[284 547]]
[[838 520]] , [[838 529]]
[[470 656]] , [[470 661]]
[[650 632]] , [[650 635]]
[[358 750]] , [[358 755]]
[[284 546]] , [[283 547]]
[[474 710]] , [[474 717]]
[[496 516]] , [[496 525]]
[[464 672]] , [[464 689]]
[[824 542]] , [[824 546]]
[[464 672]] , [[464 689]]
[[665 720]] , [[666 719]]
[[665 720]] , [[666 719]]
[[841 568]] , [[842 567]]
[[650 636]] , [[650 637]]
[[838 520]] , [[838 521]]
[[836 519]] , [[836 529]]
[[298 538]] , [[298 543]]
[[847 568]] , [[848 567]]
[[280 549]] , [[280 555]]
[[650 632]] , [[650 635]]
[[466 640]] , [[466 651]]
[[650 632]] , [[650 635]]
[[290 560]] , [[291 559]]
[[302 536]] , [[302 539]]
[[288 560]] , [[289 559]]
[[654 782]] , [[654 801]]
[[464 664]] , [[464 669]]
[[720 718]] , [[720 723]]
[[838 520]] , [[838 529]]
[[650 628]] , [[650 629]]
[[302 536]] , [[302 539]]
[[650 628]] , [[650 629]]
[[466 622]] , [[466 631]]
[[836 518]] , [[836 523]]
[[836 518]] , [[836 523]]
[[283 547]] , [[282 548]]
[[300 540]] , [[300 549]]
[[822 542]] , [[822 546]]
[[304 538]] , [[304 539]]
[[650 628]] , [[650 629]]
[[843 576]] , [[844 575]]
[[282 547]] , [[282 551]]
[[472 520]] , [[472 527]]
[[466 622]] , [[466 627]]
[[466 622]] , [[466 627]]
[[482 786]] , [[482 790]]
[[286 550]] , [[286 551]]
[[458 640]] , [[458 647]]
[[466 664]] , [[466 665]]
[[458 640]] , [[458 645]]
[[288 554]] , [[288 559]]
[[304 538]] , [[304 539]]
[[466 622]] , [[466 627]]
[[282 548]] , [[282 557]]
[[282 548]] , [[282 557]]
[[466 622]] , [[466 627]]
[[475 534]] , [[473 536]]
[[302 538]] , [[302 539]]
[[522 528]] , [[522 533]]
[[474 518]] , [[474 519]]
[[847 578]] , [[848 577]]
[[290 559]] , [[291 558]]
[[522 528]] , [[522 533]]
[[810 514]] , [[809 515]]
[[474 694]] , [[474 701]]
[[648 636]] , [[648 637]]
[[302 540]] , [[302 541]]
[[656 770]] , [[655 771]]
[[646 636]] , [[646 659]]
[[654 632]] , [[654 633]]
[[522 528]] , [[522 533]]
[[289 549]] , [[288 550]]
[[468 666]] , [[468 673]]
[[380 514]] , [[380 515]]
[[486 514]] , [[486 515]]
[[847 576]] , [[848 575]]
[[833 530]] , [[834 529]]
[[282 548]] , [[282 549]]
[[843 548]] , [[844 547]]
[[486 782]] , [[486 793]]
[[376 514]] , [[376 523]]
[[764 514]] , [[764 515]]
[[518 520]] , [[518 525]]
[[282 546]] , [[282 547]]
[[822 542]] , [[822 546]]
[[654 670]] , [[654 679]]
[[841 570]] , [[842 569]]
[[660 810]] , [[660 827]]
[[841 570]] , [[842 569]]
[[758 514]] , [[758 515]]
[[758 514]] , [[758 515]]
[[841 570]] , [[842 569]]
[[304 536]] , [[304 543]]
[[798 514]] , [[797 515]]
[[764 710]] , [[764 719]]
[[510 516]] , [[510 525]]
[[472 540]] , [[472 543]]
[[303 536]] , [[303 541]]
[[764 710]] , [[764 711]]
[[712 720]] , [[711 721]]
[[821 524]] , [[822 523]]
[[821 524]] , [[822 523]]
[[806 514]] , [[805 515]]
[[848 548]] , [[848 555]]
[[488 514]] , [[488 517]]
[[802 514]] , [[801 515]]
[[786 512]] , [[785 513]]
[[450 532]] , [[450 536]]
[[824 534]] , [[824 539]]
[[450 532]] , [[450 537]]
[[711 721]] , [[711 725]]
[[822 542]] , [[822 546]]
[[480 534]] , [[480 535]]
[[650 632]] , [[650 642]]
[[ 472 1035]] , [[ 472 1036]]
[[464 704]] , [[464 711]]
[[ 492 1014]] , [[ 492 1021]]
[[311 749]] , [[310 750]]
[[312 747]] , [[311 748]]
[[465 644]] , [[465 648]]
[[662 856]] , [[662 859]]
[[286 728]] , [[286 733]]
[[320 744]] , [[320 745]]
[[464 630]] , [[464 631]]
[[486 776]] , [[486 793]]
[[650 630]] , [[650 634]]
[[659 766]] , [[659 771]]
[[294 710]] , [[293 711]]
[[670 866]] , [[671 865]]
[[466 780]] , [[466 785]]
[[670 866]] , [[671 865]]
[[468 814]] , [[468 819]]
[[304 742]] , [[304 745]]
[[288 725]] , [[288 733]]
[[468 866]] , [[468 871]]
[[295 708]] , [[295 709]]
[[487 836]] , [[487 841]]
[[468 809]] , [[468 813]]
[[290 724]] , [[290 733]]
[[326 740]] , [[326 741]]
[[837 774]] , [[837 778]]
[[485 768]] , [[485 783]]
[[485 768]] , [[485 783]]
[[654 760]] , [[654 767]]
[[681 848]] , [[681 852]]
[[326 740]] , [[326 741]]
[[484 768]] , [[484 772]]
[[295 684]] , [[295 685]]
[[320 738]] , [[320 745]]
[[290 726]] , [[290 733]]
[[484 768]] , [[484 772]]
[[299 693]] , [[298 694]]
[[ 486 1006]] , [[ 486 1011]]
[[470 640]] , [[470 647]]
[[673 922]] , [[673 923]]
[[834 928]] , [[834 935]]
[[836 772]] , [[836 775]]
[[836 772]] , [[836 775]]
[[468 768]] , [[468 783]]
[[840 618]] , [[840 619]]
[[658 616]] , [[658 619]]
[[306 744]] , [[306 745]]
[[290 672]] , [[290 703]]
[[838 622]] , [[838 623]]
[[730 728]] , [[730 733]]
[[660 812]] , [[660 813]]
[[467 654]] , [[467 655]]
[[842 638]] , [[842 651]]
[[842 638]] , [[842 651]]
[[836 564]] , [[836 569]]
[[840 652]] , [[840 659]]
[[470 644]] , [[470 652]]
[[760 714]] , [[760 717]]
[[841 546]] , [[842 545]]
[[650 646]] , [[650 647]]
[[458 541]] , [[458 543]]
[[304 540]] , [[304 543]]
[[474 510]] , [[474 511]]
[[486 514]] , [[486 517]]
[[486 514]] , [[486 517]]
[[472 538]] , [[472 541]]
[[840 562]] , [[840 563]]
[[802 706]] , [[802 707]]
[[304 540]] , [[304 541]]
[[488 960]] , [[488 977]]
[[824 542]] , [[824 547]]
[[304 542]] , [[304 543]]
[[473 530]] , [[473 531]]
[[462 874]] , [[462 879]]
[[464 722]] , [[464 731]]
[[648 624]] , [[648 633]]
[[662 856]] , [[662 857]]
[[696 894]] , [[696 899]]
[[834 534]] , [[834 539]]
[[454 544]] , [[454 577]]
[[470 542]] , [[470 543]]
[[464 640]] , [[464 641]]
[[841 620]] , [[842 619]]
[[648 624]] , [[648 625]]
[[839 642]] , [[840 641]]
[[462 632]] , [[462 641]]
[[680 856]] , [[680 858]]
[[466 852]] , [[466 861]]
[[646 616]] , [[646 621]]
[[483 792]] , [[483 794]]
[[654 771]] , [[654 779]]
[[483 792]] , [[483 794]]
[[648 628]] , [[648 629]]
[[654 772]] , [[654 778]]
[[472 528]] , [[472 533]]
[[642 582]] , [[642 587]]
[[646 584]] , [[646 589]]
[[824 540]] , [[824 541]]
[[472 528]] , [[472 533]]
[[298 540]] , [[298 549]]
[[835 594]] , [[836 593]]
[[472 528]] , [[472 533]]
[[830 516]] , [[830 517]]
[[830 516]] , [[830 517]]
[[830 516]] , [[830 517]]
[[300 540]] , [[300 541]]
[[472 528]] , [[472 533]]
[[520 516]] , [[520 521]]
[[520 516]] , [[520 521]]
[[838 536]] , [[838 541]]
[[776 512]] , [[775 513]]
[[470 532]] , [[470 542]]
[[502 518]] , [[502 523]]
[[838 526]] , [[838 527]]
[[300 538]] , [[300 545]]
[[480 770]] , [[480 773]]
[[320 528]] , [[320 535]]
[[320 528]] , [[320 535]]
[[470 539]] , [[470 541]]
[[465 813]] , [[465 816]]
[[647 628]] , [[647 631]]
[[648 626]] , [[647 627]]
[[847 580]] , [[848 579]]
[[470 532]] , [[470 541]]
[[502 518]] , [[502 523]]
[[300 538]] , [[300 541]]
[[648 628]] , [[648 629]]
[[460 648]] , [[460 653]]
[[470 532]] , [[470 533]]
[[473 516]] , [[473 517]]
[[472 516]] , [[472 529]]
[[748 513]] , [[747 514]]
[[450 514]] , [[450 518]]
[[374 516]] , [[374 517]]
[[478 514]] , [[478 515]]
[[298 538]] , [[298 546]]
[[374 516]] , [[374 517]]
[[469 698]] , [[470 697]]
[[650 628]] , [[650 629]]
[[774 512]] , [[774 513]]
[[476 514]] , [[476 517]]
[[798 512]] , [[798 513]]
[[472 514]] , [[472 527]]
[[298 538]] , [[298 546]]
[[472 514]] , [[472 527]]
[[648 630]] , [[648 631]]
[[466 660]] , [[466 669]]
[[464 654]] , [[464 665]]
[[298 538]] , [[298 547]]
[[458 710]] , [[458 717]]
[[466 660]] , [[466 669]]
[[469 700]] , [[470 699]]
[[650 780]] , [[650 807]]
[[374 516]] , [[374 523]]
[[803 524]] , [[804 523]]
[[474 541]] , [[473 542]]
[[646 636]] , [[646 637]]
[[650 782]] , [[650 791]]
[[465 654]] , [[464 655]]
[[468 534]] , [[468 538]]
[[800 512]] , [[800 513]]
[[480 518]] , [[480 523]]
[[514 518]] , [[514 523]]
[[302 538]] , [[302 544]]
[[512 516]] , [[512 521]]
[[ 490 1000]] , [[ 490 1001]]
[[654 630]] , [[654 633]]
[[306 536]] , [[306 537]]
[[481 533]] , [[481 535]]
[[467 654]] , [[467 656]]
[[306 540]] , [[306 541]]
[[488 826]] , [[488 831]]
[[470 628]] , [[470 633]]
[[484 774]] , [[484 783]]
[[470 628]] , [[470 633]]
[[469 654]] , [[469 655]]
[[480 536]] , [[480 537]]
[[654 622]] , [[654 635]]
[[654 622]] , [[654 635]]
[[704 721]] , [[704 725]]
[[467 654]] , [[466 655]]
[[652 620]] , [[652 637]]
[[306 540]] , [[306 549]]
[[647 581]] , [[647 585]]
[[306 540]] , [[306 549]]
[[656 770]] , [[656 774]]
[[290 546]] , [[289 547]]
[[288 546]] , [[288 547]]
[[484 762]] , [[484 767]]
[[470 636]] , [[470 637]]
[[650 638]] , [[650 641]]
[[650 618]] , [[650 625]]
[[850 545]] , [[850 553]]
[[654 618]] , [[654 623]]
[[778 512]] , [[778 513]]
[[844 532]] , [[844 539]]
[[675 534]] , [[676 533]]
[[284 551]] , [[284 557]]
[[284 551]] , [[284 555]]
[[840 702]] , [[840 707]]
[[768 712]] , [[768 717]]
[[746 714]] , [[746 719]]
[[480 526]] , [[480 533]]
[[844 532]] , [[844 535]]
[[284 550]] , [[284 559]]
[[480 526]] , [[480 531]]
[[667 530]] , [[668 529]]
[[768 515]] , [[767 516]]
[[678 257]] , [[678 261]]
[[789 514]] , [[788 515]]
[[681 256]] , [[681 260]]
[[576 258]] , [[576 262]]
[[671 532]] , [[672 531]]
[[817 520]] , [[818 519]]
[[773 138]] , [[773 143]]
[[379 514]] , [[379 518]]
[[752 159]] , [[752 163]]
[[379 514]] , [[379 519]]
[[667 530]] , [[668 529]]
[[631 263]] , [[631 268]]
[[480 514]] , [[480 521]]
[[768 514]] , [[766 516]]
[[667 532]] , [[668 531]]
[[768 514]] , [[766 516]]
[[297 674]] , [[297 687]]
[[296 698]] , [[296 703]]
[[296 708]] , [[296 709]]
[[294 674]] , [[294 677]]
[[838 628]] , [[838 631]]
[[320 746]] , [[320 749]]
[[320 746]] , [[320 747]]
[[654 762]] , [[654 767]]
[[320 742]] , [[320 744]]
[[654 760]] , [[654 793]]
[[295 683]] , [[294 684]]
[[292 710]] , [[292 719]]
[[656 762]] , [[656 773]]
[[841 962]] , [[842 961]]
[[840 776]] , [[840 777]]
[[678 820]] , [[678 829]]
[[470 810]] , [[470 813]]
[[678 820]] , [[678 829]]
[[840 776]] , [[840 781]]
[[320 742]] , [[320 743]]
[[320 742]] , [[320 743]]
[[836 790]] , [[836 791]]
[[654 768]] , [[654 783]]
[[840 776]] , [[840 781]]
[[488 768]] , [[488 781]]
[[674 928]] , [[674 941]]
[[296 890]] , [[296 894]]
[[334 898]] , [[334 907]]
[[840 776]] , [[840 781]]
[[676 926]] , [[676 927]]
[[470 784]] , [[470 793]]
[[330 896]] , [[330 901]]
[[676 926]] , [[676 927]]
[[468 810]] , [[468 813]]
[[468 810]] , [[468 811]]
[[298 888]] , [[298 893]]
[[488 772]] , [[488 781]]
[[468 832]] , [[468 849]]
[[840 776]] , [[840 779]]
[[468 810]] , [[468 813]]
[[840 772]] , [[840 773]]
[[836 926]] , [[836 927]]
[[318 742]] , [[318 743]]
[[483 767]] , [[483 772]]
[[484 768]] , [[484 774]]
[[658 760]] , [[658 761]]
[[470 626]] , [[470 627]]
[[484 770]] , [[484 775]]
[[319 744]] , [[317 746]]
[[658 760]] , [[658 761]]
[[314 744]] , [[314 747]]
[[487 782]] , [[487 791]]
[[651 630]] , [[651 631]]
[[470 784]] , [[470 788]]
[[468 810]] , [[468 817]]
[[468 808]] , [[468 815]]
[[656 760]] , [[656 767]]
[[658 760]] , [[658 767]]
[[658 756]] , [[658 759]]
[[470 832]] , [[470 833]]
[[658 782]] , [[658 783]]
[[356 748]] , [[356 749]]
[[840 798]] , [[840 803]]
[[310 894]] , [[310 909]]
[[842 620]] , [[842 621]]
[[654 602]] , [[654 603]]
[[296 875]] , [[296 879]]
[[834 798]] , [[834 817]]
[[334 744]] , [[334 745]]
[[662 814]] , [[662 819]]
[[334 743]] , [[333 744]]
[[658 782]] , [[658 790]]
[[334 742]] , [[334 743]]
[[814 880]] , [[814 884]]
[[662 816]] , [[662 833]]
[[654 762]] , [[654 767]]
[[846 616]] , [[846 617]]
[[650 654]] , [[650 659]]
[[657 623]] , [[657 627]]
[[811 878]] , [[811 879]]
[[650 640]] , [[650 649]]
[[832 716]] , [[832 717]]
[[835 716]] , [[834 717]]
[[650 638]] , [[650 649]]
[[501 744]] , [[500 745]]
[[290 888]] , [[290 895]]
[[838 772]] , [[838 777]]
[[500 740]] , [[500 743]]
[[326 742]] , [[326 743]]
[[312 903]] , [[312 912]]
[[288 886]] , [[288 897]]
[[840 802]] , [[840 807]]
[[747 716]] , [[746 717]]
[[288 886]] , [[288 897]]
[[478 740]] , [[478 747]]
[[288 886]] , [[288 888]]
[[798 878]] , [[798 879]]
[[310 894]] , [[310 900]]
[[684 874]] , [[684 877]]
[[290 888]] , [[290 889]]
[[822 866]] , [[821 867]]
[[754 880]] , [[754 885]]
[[822 708]] , [[822 711]]
[[814 868]] , [[814 869]]
[[547 738]] , [[547 743]]
[[370 742]] , [[369 743]]
[[462 734]] , [[462 735]]
[[320 740]] , [[320 744]]
[[788 714]] , [[788 719]]
[[648 736]] , [[648 737]]
[[648 736]] , [[648 737]]
[[514 738]] , [[514 745]]
[[650 590]] , [[650 591]]
[[642 736]] , [[642 741]]
[[648 700]] , [[648 705]]
[[834 680]] , [[834 689]]
[[649 700]] , [[649 703]]
[[646 734]] , [[646 735]]
[[648 698]] , [[648 709]]
[[328 743]] , [[327 744]]
[[644 736]] , [[644 741]]
[[647 694]] , [[647 703]]
[[836 812]] , [[836 827]]
[[844 814]] , [[844 833]]
[[740 720]] , [[740 725]]
[[468 864]] , [[468 875]]
[[476 742]] , [[476 743]]
[[818 860]] , [[818 861]]
[[836 814]] , [[836 823]]
[[836 814]] , [[836 823]]
[[834 766]] , [[834 773]]
[[666 856]] , [[666 863]]
[[464 744]] , [[464 745]]
[[650 752]] , [[650 761]]
[[466 744]] , [[466 751]]
[[807 884]] , [[806 885]]
[[828 920]] , [[828 925]]
[[716 878]] , [[716 883]]
[[843 731]] , [[843 735]]
[[646 640]] , [[646 649]]
[[646 516]] , [[646 517]]
[[467 604]] , [[467 608]]
[[648 604]] , [[648 605]]
[[343 744]] , [[343 749]]
[[465 556]] , [[464 557]]
[[778 710]] , [[778 719]]
[[376 514]] , [[376 518]]
[[460 548]] , [[460 559]]
[[286 554]] , [[286 555]]
[[648 646]] , [[648 653]]
[[835 760]] , [[836 759]]
[[835 764]] , [[836 763]]
[[835 818]] , [[836 817]]
[[476 540]] , [[476 541]]
[[752 512]] , [[752 513]]
[[832 514]] , [[832 515]]
[[467 638]] , [[467 643]]
[[466 622]] , [[466 631]]
[[470 674]] , [[470 675]]
[[466 622]] , [[466 631]]
[[304 544]] , [[304 549]]
[[282 550]] , [[282 563]]
[[646 632]] , [[646 637]]
[[296 688]] , [[296 693]]
[[466 622]] , [[466 631]]
[[290 704]] , [[290 711]]
[[286 550]] , [[285 551]]
[[461 662]] , [[460 663]]
[[750 516]] , [[750 517]]
[[377 516]] , [[377 522]]
[[752 514]] , [[752 515]]
[[787 535]] , [[787 539]]
[[831 530]] , [[832 529]]
[[478 516]] , [[478 517]]
[[752 514]] , [[752 515]]
[[486 518]] , [[486 523]]
[[752 514]] , [[752 515]]
[[575 168]] , [[574 169]]
[[827 530]] , [[828 529]]
[[813 514]] , [[812 515]]
[[377 516]] , [[377 520]]
[[665 530]] , [[666 529]]
[[478 518]] , [[478 519]]
[[783 514]] , [[781 516]]
[[478 518]] , [[478 519]]
[[750 160]] , [[750 165]]
[[750 158]] , [[750 162]]
[[744 716]] , [[744 718]]
[[665 530]] , [[666 529]]
[[476 518]] , [[476 519]]
[[804 514]] , [[804 515]]
[[736 516]] , [[736 519]]
[[846 624]] , [[846 631]]
[[476 542]] , [[476 543]]
[[834 518]] , [[834 523]]
[[476 542]] , [[476 543]]
[[488 518]] , [[488 523]]
[[834 518]] , [[834 523]]
[[510 518]] , [[510 523]]
[[478 531]] , [[478 544]]
[[834 518]] , [[834 523]]
[[308 528]] , [[308 533]]
[[846 558]] , [[846 559]]
[[464 654]] , [[464 659]]
[[464 654]] , [[464 659]]
[[476 516]] , [[476 517]]
[[819 524]] , [[820 523]]
[[822 542]] , [[822 546]]
[[832 567]] , [[832 569]]
[[284 546]] , [[284 547]]
[[838 520]] , [[838 529]]
[[470 656]] , [[470 661]]
[[650 632]] , [[650 635]]
[[358 750]] , [[358 755]]
[[284 546]] , [[283 547]]
[[474 710]] , [[474 717]]
[[496 516]] , [[496 525]]
[[464 672]] , [[464 689]]
[[824 542]] , [[824 546]]
[[464 672]] , [[464 689]]
[[665 720]] , [[666 719]]
[[665 720]] , [[666 719]]
[[841 568]] , [[842 567]]
[[650 636]] , [[650 637]]
[[838 520]] , [[838 521]]
[[836 519]] , [[836 529]]
[[298 538]] , [[298 543]]
[[847 568]] , [[848 567]]
[[280 549]] , [[280 555]]
[[650 632]] , [[650 635]]
[[466 640]] , [[466 651]]
[[650 632]] , [[650 635]]
[[290 560]] , [[291 559]]
[[302 536]] , [[302 539]]
[[288 560]] , [[289 559]]
[[654 782]] , [[654 801]]
[[464 664]] , [[464 669]]
[[720 718]] , [[720 723]]
[[838 520]] , [[838 529]]
[[650 628]] , [[650 629]]
[[302 536]] , [[302 539]]
[[650 628]] , [[650 629]]
[[466 622]] , [[466 631]]
[[836 518]] , [[836 523]]
[[836 518]] , [[836 523]]
[[283 547]] , [[282 548]]
[[300 540]] , [[300 549]]
[[822 542]] , [[822 546]]
[[304 538]] , [[304 539]]
[[650 628]] , [[650 629]]
[[843 576]] , [[844 575]]
[[282 547]] , [[282 551]]
[[472 520]] , [[472 527]]
[[466 622]] , [[466 627]]
[[466 622]] , [[466 627]]
[[482 786]] , [[482 790]]
[[286 550]] , [[286 551]]
[[458 640]] , [[458 647]]
[[466 664]] , [[466 665]]
[[458 640]] , [[458 645]]
[[288 554]] , [[288 559]]
[[304 538]] , [[304 539]]
[[466 622]] , [[466 627]]
[[282 548]] , [[282 557]]
[[282 548]] , [[282 557]]
[[466 622]] , [[466 627]]
[[475 534]] , [[473 536]]
[[302 538]] , [[302 539]]
[[522 528]] , [[522 533]]
[[474 518]] , [[474 519]]
[[847 578]] , [[848 577]]
[[290 559]] , [[291 558]]
[[522 528]] , [[522 533]]
[[810 514]] , [[809 515]]
[[474 694]] , [[474 701]]
[[648 636]] , [[648 637]]
[[302 540]] , [[302 541]]
[[656 770]] , [[655 771]]
[[646 636]] , [[646 659]]
[[654 632]] , [[654 633]]
[[522 528]] , [[522 533]]
[[289 549]] , [[288 550]]
[[468 666]] , [[468 673]]
[[380 514]] , [[380 515]]
[[486 514]] , [[486 515]]
[[847 576]] , [[848 575]]
[[833 530]] , [[834 529]]
[[282 548]] , [[282 549]]
[[843 548]] , [[844 547]]
[[486 782]] , [[486 793]]
[[376 514]] , [[376 523]]
[[764 514]] , [[764 515]]
[[518 520]] , [[518 525]]
[[282 546]] , [[282 547]]
[[822 542]] , [[822 546]]
[[654 670]] , [[654 679]]
[[841 570]] , [[842 569]]
[[660 810]] , [[660 827]]
[[841 570]] , [[842 569]]
[[758 514]] , [[758 515]]
[[758 514]] , [[758 515]]
[[841 570]] , [[842 569]]
[[304 536]] , [[304 543]]
[[798 514]] , [[797 515]]
[[764 710]] , [[764 719]]
[[510 516]] , [[510 525]]
[[472 540]] , [[472 543]]
[[303 536]] , [[303 541]]
[[764 710]] , [[764 711]]
[[712 720]] , [[711 721]]
[[821 524]] , [[822 523]]
[[821 524]] , [[822 523]]
[[806 514]] , [[805 515]]
[[848 548]] , [[848 555]]
[[488 514]] , [[488 517]]
[[802 514]] , [[801 515]]
[[786 512]] , [[785 513]]
[[450 532]] , [[450 536]]
[[824 534]] , [[824 539]]
[[450 532]] , [[450 537]]
[[711 721]] , [[711 725]]
[[822 542]] , [[822 546]]
[[480 534]] , [[480 535]]
[[650 632]] , [[650 642]]
[[ 472 1035]] , [[ 472 1036]]
[[464 704]] , [[464 711]]
[[ 492 1014]] , [[ 492 1021]]
[[311 749]] , [[310 750]]
[[312 747]] , [[311 748]]
[[465 644]] , [[465 648]]
[[662 856]] , [[662 859]]
[[286 728]] , [[286 733]]
[[320 744]] , [[320 745]]
[[464 630]] , [[464 631]]
[[486 776]] , [[486 793]]
[[650 630]] , [[650 634]]
[[659 766]] , [[659 771]]
[[294 710]] , [[293 711]]
[[670 866]] , [[671 865]]
[[466 780]] , [[466 785]]
[[670 866]] , [[671 865]]
[[468 814]] , [[468 819]]
[[304 742]] , [[304 745]]
[[288 725]] , [[288 733]]
[[468 866]] , [[468 871]]
[[295 708]] , [[295 709]]
[[487 836]] , [[487 841]]
[[468 809]] , [[468 813]]
[[290 724]] , [[290 733]]
[[326 740]] , [[326 741]]
[[837 774]] , [[837 778]]
[[485 768]] , [[485 783]]
[[485 768]] , [[485 783]]
[[654 760]] , [[654 767]]
[[681 848]] , [[681 852]]
[[326 740]] , [[326 741]]
[[484 768]] , [[484 772]]
[[295 684]] , [[295 685]]
[[320 738]] , [[320 745]]
[[290 726]] , [[290 733]]
[[484 768]] , [[484 772]]
[[299 693]] , [[298 694]]
[[ 486 1006]] , [[ 486 1011]]
[[470 640]] , [[470 647]]
[[673 922]] , [[673 923]]
[[834 928]] , [[834 935]]
[[836 772]] , [[836 775]]
[[836 772]] , [[836 775]]
[[468 768]] , [[468 783]]
[[840 618]] , [[840 619]]
[[658 616]] , [[658 619]]
[[306 744]] , [[306 745]]
[[290 672]] , [[290 703]]
[[838 622]] , [[838 623]]
[[730 728]] , [[730 733]]
[[660 812]] , [[660 813]]
[[467 654]] , [[467 655]]
[[842 638]] , [[842 651]]
[[842 638]] , [[842 651]]
[[836 564]] , [[836 569]]
[[840 652]] , [[840 659]]
[[470 644]] , [[470 652]]
[[760 714]] , [[760 717]]
[[841 546]] , [[842 545]]
[[650 646]] , [[650 647]]
[[458 541]] , [[458 543]]
[[304 540]] , [[304 543]]
[[474 510]] , [[474 511]]
[[486 514]] , [[486 517]]
[[486 514]] , [[486 517]]
[[472 538]] , [[472 541]]
[[840 562]] , [[840 563]]
[[802 706]] , [[802 707]]
[[304 540]] , [[304 541]]
[[488 960]] , [[488 977]]
[[824 542]] , [[824 547]]
[[304 542]] , [[304 543]]
[[473 530]] , [[473 531]]
[[462 874]] , [[462 879]]
[[464 722]] , [[464 731]]
[[648 624]] , [[648 633]]
[[662 856]] , [[662 857]]
[[696 894]] , [[696 899]]
[[834 534]] , [[834 539]]
[[454 544]] , [[454 577]]
[[470 542]] , [[470 543]]
[[464 640]] , [[464 641]]
[[841 620]] , [[842 619]]
[[648 624]] , [[648 625]]
[[839 642]] , [[840 641]]
[[462 632]] , [[462 641]]
[[680 856]] , [[680 858]]
[[466 852]] , [[466 861]]
[[646 616]] , [[646 621]]
[[483 792]] , [[483 794]]
[[654 771]] , [[654 779]]
[[483 792]] , [[483 794]]
[[648 628]] , [[648 629]]
[[654 772]] , [[654 778]]
[[472 528]] , [[472 533]]
[[642 582]] , [[642 587]]
[[646 584]] , [[646 589]]
[[824 540]] , [[824 541]]
[[472 528]] , [[472 533]]
[[298 540]] , [[298 549]]
[[835 594]] , [[836 593]]
[[472 528]] , [[472 533]]
[[830 516]] , [[830 517]]
[[830 516]] , [[830 517]]
[[830 516]] , [[830 517]]
[[300 540]] , [[300 541]]
[[472 528]] , [[472 533]]
[[520 516]] , [[520 521]]
[[520 516]] , [[520 521]]
[[838 536]] , [[838 541]]
[[776 512]] , [[775 513]]
[[470 532]] , [[470 542]]
[[502 518]] , [[502 523]]
[[838 526]] , [[838 527]]
[[300 538]] , [[300 545]]
[[480 770]] , [[480 773]]
[[320 528]] , [[320 535]]
[[320 528]] , [[320 535]]
[[470 539]] , [[470 541]]
[[465 813]] , [[465 816]]
[[647 628]] , [[647 631]]
[[648 626]] , [[647 627]]
[[847 580]] , [[848 579]]
[[470 532]] , [[470 541]]
[[502 518]] , [[502 523]]
[[300 538]] , [[300 541]]
[[648 628]] , [[648 629]]
[[460 648]] , [[460 653]]
[[470 532]] , [[470 533]]
[[473 516]] , [[473 517]]
[[472 516]] , [[472 529]]
[[748 513]] , [[747 514]]
[[450 514]] , [[450 518]]
[[374 516]] , [[374 517]]
[[478 514]] , [[478 515]]
[[298 538]] , [[298 546]]
[[374 516]] , [[374 517]]
[[469 698]] , [[470 697]]
[[650 628]] , [[650 629]]
[[774 512]] , [[774 513]]
[[476 514]] , [[476 517]]
[[798 512]] , [[798 513]]
[[472 514]] , [[472 527]]
[[298 538]] , [[298 546]]
[[472 514]] , [[472 527]]
[[648 630]] , [[648 631]]
[[466 660]] , [[466 669]]
[[464 654]] , [[464 665]]
[[298 538]] , [[298 547]]
[[458 710]] , [[458 717]]
[[466 660]] , [[466 669]]
[[469 700]] , [[470 699]]
[[650 780]] , [[650 807]]
[[374 516]] , [[374 523]]
[[803 524]] , [[804 523]]
[[474 541]] , [[473 542]]
[[646 636]] , [[646 637]]
[[650 782]] , [[650 791]]
[[465 654]] , [[464 655]]
[[468 534]] , [[468 538]]
[[800 512]] , [[800 513]]
[[480 518]] , [[480 523]]
[[514 518]] , [[514 523]]
[[302 538]] , [[302 544]]
[[512 516]] , [[512 521]]
[[ 490 1000]] , [[ 490 1001]]
[[654 630]] , [[654 633]]
[[306 536]] , [[306 537]]
[[481 533]] , [[481 535]]
[[467 654]] , [[467 656]]
[[306 540]] , [[306 541]]
[[488 826]] , [[488 831]]
[[470 628]] , [[470 633]]
[[484 774]] , [[484 783]]
[[470 628]] , [[470 633]]
[[469 654]] , [[469 655]]
[[480 536]] , [[480 537]]
[[654 622]] , [[654 635]]
[[654 622]] , [[654 635]]
[[704 721]] , [[704 725]]
[[467 654]] , [[466 655]]
[[652 620]] , [[652 637]]
[[306 540]] , [[306 549]]
[[647 581]] , [[647 585]]
[[306 540]] , [[306 549]]
[[656 770]] , [[656 774]]
[[290 546]] , [[289 547]]
[[288 546]] , [[288 547]]
[[484 762]] , [[484 767]]
[[470 636]] , [[470 637]]
[[650 638]] , [[650 641]]
[[650 618]] , [[650 625]]
[[850 545]] , [[850 553]]
[[654 618]] , [[654 623]]
[[778 512]] , [[778 513]]
[[844 532]] , [[844 539]]
[[675 534]] , [[676 533]]
[[284 551]] , [[284 557]]
[[284 551]] , [[284 555]]
[[840 702]] , [[840 707]]
[[768 712]] , [[768 717]]
[[746 714]] , [[746 719]]
[[480 526]] , [[480 533]]
[[844 532]] , [[844 535]]
[[284 550]] , [[284 559]]
[[480 526]] , [[480 531]]
[[667 530]] , [[668 529]]
[[768 515]] , [[767 516]]
[[678 257]] , [[678 261]]
[[789 514]] , [[788 515]]
[[681 256]] , [[681 260]]
[[576 258]] , [[576 262]]
[[671 532]] , [[672 531]]
[[817 520]] , [[818 519]]
[[773 138]] , [[773 143]]
[[379 514]] , [[379 518]]
[[752 159]] , [[752 163]]
[[379 514]] , [[379 519]]
[[667 530]] , [[668 529]]
[[631 263]] , [[631 268]]
[[480 514]] , [[480 521]]
[[768 514]] , [[766 516]]
[[667 532]] , [[668 531]]
[[768 514]] , [[766 516]]
[[297 674]] , [[297 687]]
[[296 698]] , [[296 703]]
[[296 708]] , [[296 709]]
[[294 674]] , [[294 677]]
[[838 628]] , [[838 631]]
[[320 746]] , [[320 749]]
[[320 746]] , [[320 747]]
[[654 762]] , [[654 767]]
[[320 742]] , [[320 744]]
[[654 760]] , [[654 793]]
[[295 683]] , [[294 684]]
[[292 710]] , [[292 719]]
[[656 762]] , [[656 773]]
[[841 962]] , [[842 961]]
[[840 776]] , [[840 777]]
[[678 820]] , [[678 829]]
[[470 810]] , [[470 813]]
[[678 820]] , [[678 829]]
[[840 776]] , [[840 781]]
[[320 742]] , [[320 743]]
[[320 742]] , [[320 743]]
[[836 790]] , [[836 791]]
[[654 768]] , [[654 783]]
[[840 776]] , [[840 781]]
[[488 768]] , [[488 781]]
[[674 928]] , [[674 941]]
[[296 890]] , [[296 894]]
[[334 898]] , [[334 907]]
[[840 776]] , [[840 781]]
[[676 926]] , [[676 927]]
[[470 784]] , [[470 793]]
[[330 896]] , [[330 901]]
[[676 926]] , [[676 927]]
[[468 810]] , [[468 813]]
[[468 810]] , [[468 811]]
[[298 888]] , [[298 893]]
[[488 772]] , [[488 781]]
[[468 832]] , [[468 849]]
[[840 776]] , [[840 779]]
[[468 810]] , [[468 813]]
[[840 772]] , [[840 773]]
[[836 926]] , [[836 927]]
[[318 742]] , [[318 743]]
[[483 767]] , [[483 772]]
[[484 768]] , [[484 774]]
[[658 760]] , [[658 761]]
[[470 626]] , [[470 627]]
[[484 770]] , [[484 775]]
[[319 744]] , [[317 746]]
[[658 760]] , [[658 761]]
[[314 744]] , [[314 747]]
[[487 782]] , [[487 791]]
[[651 630]] , [[651 631]]
[[470 784]] , [[470 788]]
[[468 810]] , [[468 817]]
[[468 808]] , [[468 815]]
[[656 760]] , [[656 767]]
[[658 760]] , [[658 767]]
[[658 756]] , [[658 759]]
[[470 832]] , [[470 833]]
[[658 782]] , [[658 783]]
[[356 748]] , [[356 749]]
[[840 798]] , [[840 803]]
[[310 894]] , [[310 909]]
[[842 620]] , [[842 621]]
[[654 602]] , [[654 603]]
[[296 875]] , [[296 879]]
[[834 798]] , [[834 817]]
[[334 744]] , [[334 745]]
[[662 814]] , [[662 819]]
[[334 743]] , [[333 744]]
[[658 782]] , [[658 790]]
[[334 742]] , [[334 743]]
[[814 880]] , [[814 884]]
[[662 816]] , [[662 833]]
[[654 762]] , [[654 767]]
[[846 616]] , [[846 617]]
[[650 654]] , [[650 659]]
[[657 623]] , [[657 627]]
[[811 878]] , [[811 879]]
[[650 640]] , [[650 649]]
[[832 716]] , [[832 717]]
[[835 716]] , [[834 717]]
[[650 638]] , [[650 649]]
[[501 744]] , [[500 745]]
[[290 888]] , [[290 895]]
[[838 772]] , [[838 777]]
[[500 740]] , [[500 743]]
[[326 742]] , [[326 743]]
[[312 903]] , [[312 912]]
[[288 886]] , [[288 897]]
[[840 802]] , [[840 807]]
[[747 716]] , [[746 717]]
[[288 886]] , [[288 897]]
[[478 740]] , [[478 747]]
[[288 886]] , [[288 888]]
[[798 878]] , [[798 879]]
[[310 894]] , [[310 900]]
[[684 874]] , [[684 877]]
[[290 888]] , [[290 889]]
[[822 866]] , [[821 867]]
[[754 880]] , [[754 885]]
[[822 708]] , [[822 711]]
[[814 868]] , [[814 869]]
[[547 738]] , [[547 743]]
[[370 742]] , [[369 743]]
[[462 734]] , [[462 735]]
[[320 740]] , [[320 744]]
[[788 714]] , [[788 719]]
[[648 736]] , [[648 737]]
[[648 736]] , [[648 737]]
[[514 738]] , [[514 745]]
[[650 590]] , [[650 591]]
[[642 736]] , [[642 741]]
[[648 700]] , [[648 705]]
[[834 680]] , [[834 689]]
[[649 700]] , [[649 703]]
[[646 734]] , [[646 735]]
[[648 698]] , [[648 709]]
[[328 743]] , [[327 744]]
[[644 736]] , [[644 741]]
[[647 694]] , [[647 703]]
[[836 812]] , [[836 827]]
[[844 814]] , [[844 833]]
[[740 720]] , [[740 725]]
[[468 864]] , [[468 875]]
[[476 742]] , [[476 743]]
[[818 860]] , [[818 861]]
[[836 814]] , [[836 823]]
[[836 814]] , [[836 823]]
[[834 766]] , [[834 773]]
[[666 856]] , [[666 863]]
[[464 744]] , [[464 745]]
[[650 752]] , [[650 761]]
[[466 744]] , [[466 751]]
[[807 884]] , [[806 885]]
[[828 920]] , [[828 925]]
[[716 878]] , [[716 883]]
[[843 731]] , [[843 735]]
[[646 640]] , [[646 649]]
[[646 516]] , [[646 517]]
[[467 604]] , [[467 608]]
[[648 604]] , [[648 605]]
[[343 744]] , [[343 749]]
[[465 556]] , [[464 557]]
[[778 710]] , [[778 719]]
[[376 514]] , [[376 518]]
[[460 548]] , [[460 559]]
[[286 554]] , [[286 555]]
[[648 646]] , [[648 653]]
[[835 760]] , [[836 759]]
[[835 764]] , [[836 763]]
[[835 818]] , [[836 817]]
[[476 540]] , [[476 541]]
[[752 512]] , [[752 513]]
[[832 514]] , [[832 515]]
[[467 638]] , [[467 643]]
[[466 622]] , [[466 631]]
[[470 674]] , [[470 675]]
[[466 622]] , [[466 631]]
[[304 544]] , [[304 549]]
[[282 550]] , [[282 563]]
[[646 632]] , [[646 637]]
[[296 688]] , [[296 693]]
[[466 622]] , [[466 631]]
[[290 704]] , [[290 711]]
[[286 550]] , [[285 551]]
[[461 662]] , [[460 663]]
[[404 860]] , [[404 885]]
[[353 882]] , [[354 881]]
[[404 860]] , [[404 885]]
[[462 856]] , [[462 857]]
[[776 566]] , [[776 570]]
[[364 858]] , [[364 859]]
[[240 862]] , [[240 867]]
[[221 897]] , [[221 901]]
[[240 862]] , [[240 867]]
[[374 858]] , [[374 861]]
[[404 880]] , [[404 884]]
[[374 858]] , [[374 861]]
[[524 858]] , [[524 859]]
[[316 860]] , [[315 861]]
[[243 892]] , [[243 897]]
[[531 858]] , [[530 859]]
[[442 858]] , [[442 859]]
[[470 859]] , [[469 860]]
[[307 862]] , [[306 863]]
[[302 862]] , [[302 863]]
[[544 859]] , [[543 860]]
[[542 858]] , [[542 859]]
[[230 864]] , [[230 869]]
[[618 862]] , [[618 863]]
[[304 860]] , [[303 861]]
[[620 862]] , [[620 863]]
[[226 862]] , [[226 867]]
[[382 944]] , [[382 955]]
[[293 862]] , [[293 863]]
[[228 862]] , [[228 867]]
[[608 862]] , [[608 863]]
[[300 862]] , [[300 863]]
[[300 862]] , [[300 863]]
[[350 952]] , [[350 958]]
[[351 958]] , [[351 962]]
[[212 900]] , [[212 901]]
[[204 966]] , [[204 967]]
[[ 744 1030]] , [[ 744 1031]]
[[192 992]] , [[192 993]]
[[ 196 1040]] , [[ 196 1041]]
[[ 506 1016]] , [[ 506 1017]]
[[206 964]] , [[206 971]]
[[204 990]] , [[204 995]]
[[206 952]] , [[206 957]]
[[188 988]] , [[188 995]]
[[196 942]] , [[196 947]]
[[210 932]] , [[210 941]]
[[208 922]] , [[208 929]]
[[210 904]] , [[210 909]]
[[208 922]] , [[208 927]]
[[178 918]] , [[178 925]]
[[739 909]] , [[740 908]]
[[188 918]] , [[188 925]]
[[282 862]] , [[282 865]]
[[222 880]] , [[222 887]]
[[218 896]] , [[218 897]]
[[218 863]] , [[218 867]]
[[733 910]] , [[733 923]]
[[736 884]] , [[736 885]]
[[734 892]] , [[734 895]]
[[734 928]] , [[734 943]]
[[732 924]] , [[732 929]]
[[558 862]] , [[558 863]]
[[732 894]] , [[732 905]]
[[732 896]] , [[732 903]]
[[223 863]] , [[223 867]]
[[754 874]] , [[754 893]]
[[276 866]] , [[276 873]]
[[556 862]] , [[556 863]]
[[726 884]] , [[726 893]]
[[180 938]] , [[180 947]]
[[224 880]] , [[224 889]]
[[328 888]] , [[328 889]]
[[180 938]] , [[180 945]]
[[190 934]] , [[190 943]]
[[202 918]] , [[202 921]]
[[202 918]] , [[202 921]]
[[729 886]] , [[729 892]]
[[732 894]] , [[732 899]]
[[562 862]] , [[562 863]]
[[238 894]] , [[238 899]]
[[208 916]] , [[208 929]]
[[736 888]] , [[736 893]]
[[232 894]] , [[232 899]]
[[735 894]] , [[735 895]]
[[232 894]] , [[232 899]]
[[184 918]] , [[184 927]]
[[306 864]] , [[306 879]]
[[738 880]] , [[738 890]]
[[216 922]] , [[216 929]]
[[238 872]] , [[238 877]]
[[580 862]] , [[579 863]]
[[282 864]] , [[282 869]]
[[348 864]] , [[348 865]]
[[746 886]] , [[746 889]]
[[220 944]] , [[220 947]]
[[304 862]] , [[304 863]]
[[204 920]] , [[204 925]]
[[214 938]] , [[214 945]]
[[204 920]] , [[204 927]]
[[190 936]] , [[190 943]]
[[242 880]] , [[242 887]]
[[214 938]] , [[214 949]]
[[192 944]] , [[192 949]]
[[192 944]] , [[192 949]]
[[194 960]] , [[194 965]]
[[ 514 1012]] , [[ 514 1021]]
[[ 379 1026]] , [[ 380 1025]]
[[ 379 1026]] , [[ 380 1025]]
[[218 968]] , [[218 975]]
[[218 968]] , [[218 975]]
[[218 968]] , [[218 975]]
[[218 968]] , [[218 975]]
[[300 862]] , [[300 867]]
[[192 942]] , [[192 949]]
[[194 960]] , [[194 965]]
[[604 864]] , [[604 865]]
[[244 864]] , [[244 867]]
[[244 864]] , [[244 867]]
[[386 944]] , [[386 959]]
[[527 860]] , [[526 861]]
[[317 882]] , [[318 881]]
[[528 860]] , [[527 861]]
[[528 860]] , [[527 861]]
[[528 860]] , [[527 861]]
[[313 862]] , [[312 863]]
[[538 860]] , [[538 861]]
[[300 864]] , [[300 865]]
[[ 526 1014]] , [[ 526 1015]]
[[238 898]] , [[238 903]]
[[470 862]] , [[470 863]]
[[297 864]] , [[295 866]]
[[754 864]] , [[754 869]]
[[310 864]] , [[310 865]]
[[448 864]] , [[448 865]]
[[389 864]] , [[388 865]]
[[386 864]] , [[386 865]]
[[452 864]] , [[452 865]]
[[536 862]] , [[536 863]]
[[529 862]] , [[527 864]]
[[435 878]] , [[436 877]]
[[746 864]] , [[746 871]]
[[670 866]] , [[670 867]]
[[670 866]] , [[670 867]]
[[192 938]] , [[192 959]]
[[306 864]] , [[305 865]]
[[204 908]] , [[204 913]]
[[192 938]] , [[192 943]]
[[206 910]] , [[206 915]]
[[186 872]] , [[186 879]]
[[438 870]] , [[438 875]]
[[186 872]] , [[186 879]]
[[ 211 1000]] , [[212 999]]
[[216 942]] , [[216 947]]
[[680 868]] , [[678 870]]
[[258 894]] , [[258 899]]
[[258 894]] , [[258 899]]
[[190 912]] , [[190 917]]
[[190 912]] , [[190 917]]
[[220 926]] , [[220 935]]
[[192 924]] , [[192 929]]
[[192 924]] , [[192 929]]
[[190 910]] , [[190 917]]
[[202 904]] , [[202 907]]
[[220 926]] , [[220 931]]
[[402 864]] , [[402 865]]
[[202 904]] , [[202 907]]
[[739 880]] , [[740 879]]
[[192 924]] , [[192 931]]
[[704 868]] , [[704 869]]
[[739 880]] , [[740 879]]
[[739 880]] , [[740 879]]
[[276 880]] , [[276 887]]
[[272 866]] , [[272 871]]
[[191 907]] , [[191 915]]
[[692 872]] , [[692 873]]
[[224 930]] , [[224 935]]
[[694 870]] , [[694 871]]
[[694 870]] , [[694 873]]
[[262 895]] , [[262 899]]
[[694 870]] , [[694 873]]
[[534 864]] , [[534 865]]
[[390 864]] , [[390 867]]
[[396 862]] , [[395 863]]
[[537 862]] , [[535 864]]
[[337 864]] , [[336 865]]
[[348 864]] , [[347 865]]
[[346 865]] , [[345 866]]
[[692 872]] , [[692 875]]
[[190 896]] , [[190 901]]
[[268 870]] , [[268 875]]
[[190 872]] , [[190 877]]
[[268 870]] , [[268 875]]
[[190 910]] , [[190 931]]
[[274 886]] , [[274 887]]
[[206 922]] , [[206 927]]
[[ 207 1044]] , [[ 208 1043]]
[[203 994]] , [[204 993]]
[[190 900]] , [[190 907]]
[[215 978]] , [[216 977]]
[[192 946]] , [[192 961]]
[[270 884]] , [[270 893]]
[[268 884]] , [[268 887]]
[[262 868]] , [[261 869]]
[[328 865]] , [[327 866]]
[[190 910]] , [[190 921]]
[[ 193 1032]] , [[ 194 1031]]
[[191 996]] , [[192 995]]
[[242 882]] , [[242 887]]
[[ 502 1006]] , [[ 502 1007]]
[[192 914]] , [[192 927]]
[[178 924]] , [[178 929]]
[[426 864]] , [[426 868]]
[[652 856]] , [[652 863]]
[[654 856]] , [[654 857]]
[[646 858]] , [[646 859]]
[[331 854]] , [[329 856]]
[[254 858]] , [[254 863]]
[[369 854]] , [[367 856]]
[[632 856]] , [[632 857]]
[[313 874]] , [[314 873]]
[[309 874]] , [[310 873]]
[[614 856]] , [[614 861]]
[[200 950]] , [[200 951]]
[[200 950]] , [[200 951]]
[[351 976]] , [[351 987]]
[[204 942]] , [[204 943]]
[[382 980]] , [[382 985]]
[[180 940]] , [[180 963]]
[[ 377 1020]] , [[ 378 1019]]
[[222 888]] , [[222 893]]
[[244 878]] , [[244 883]]
[[287 856]] , [[287 857]]
[[287 856]] , [[287 857]]
[[208 930]] , [[208 939]]
[[208 930]] , [[208 939]]
[[192 934]] , [[192 943]]
[[200 946]] , [[200 949]]
[[200 946]] , [[200 949]]
[[198 964]] , [[198 975]]
[[174 896]] , [[174 911]]
[[542 854]] , [[542 855]]
[[538 854]] , [[538 862]]
[[382 854]] , [[382 855]]
[[200 920]] , [[200 927]]
[[538 896]] , [[538 913]]
[[532 854]] , [[532 862]]
[[177 924]] , [[177 929]]
[[200 918]] , [[200 927]]
[[208 930]] , [[208 941]]
[[501 910]] , [[501 913]]
[[192 932]] , [[192 941]]
[[175 896]] , [[175 897]]
[[430 854]] , [[430 855]]
[[422 854]] , [[422 855]]
[[521 867]] , [[522 866]]
[[518 869]] , [[519 868]]
[[742 846]] , [[741 847]]
[[734 848]] , [[733 849]]
[[736 848]] , [[736 849]]
[[740 848]] , [[740 849]]
[[410 857]] , [[409 858]]
[[408 856]] , [[408 857]]
[[742 851]] , [[741 852]]
[[ 360 1014]] , [[ 360 1015]]
[[174 902]] , [[174 913]]
[[492 858]] , [[492 859]]
[[510 858]] , [[510 859]]
[[202 900]] , [[202 907]]
[[721 870]] , [[722 869]]
[[396 858]] , [[396 859]]
[[520 858]] , [[519 859]]
[[175 900]] , [[175 901]]
[[400 858]] , [[400 859]]
[[400 858]] , [[400 859]]
[[306 860]] , [[305 861]]
[[723 870]] , [[724 869]]
[[740 852]] , [[740 853]]
[[529 858]] , [[528 859]]
[[318 860]] , [[318 861]]
[[740 852]] , [[740 853]]
[[175 902]] , [[174 903]]
[[175 902]] , [[174 903]]
[[316 860]] , [[316 861]]
[[312 860]] , [[312 861]]
[[344 860]] , [[344 861]]
[[344 860]] , [[344 861]]
[[723 870]] , [[724 869]]
[[342 860]] , [[342 861]]
[[342 860]] , [[342 861]]
[[342 860]] , [[342 861]]
[[740 852]] , [[739 853]]
[[314 860]] , [[314 861]]
[[723 870]] , [[724 869]]
[[524 858]] , [[524 859]]
[[536 858]] , [[536 859]]
[[318 860]] , [[316 862]]
[[744 854]] , [[743 855]]
[[384 862]] , [[384 863]]
[[500 878]] , [[500 879]]
[[291 878]] , [[289 880]]
[[209 980]] , [[210 979]]
[[400 872]] , [[400 873]]
[[299 882]] , [[300 881]]
[[534 866]] , [[533 867]]
[[542 862]] , [[542 863]]
[[230 896]] , [[230 901]]
[[356 862]] , [[356 864]]
[[356 862]] , [[356 864]]
[[256 892]] , [[256 897]]
[[522 862]] , [[522 863]]
[[362 862]] , [[361 863]]
[[336 862]] , [[336 863]]
[[200 910]] , [[200 915]]
[[270 878]] , [[270 895]]
[[272 882]] , [[272 897]]
[[274 882]] , [[274 897]]
[[553 863]] , [[552 864]]
[[748 858]] , [[748 859]]
[[290 872]] , [[290 893]]
[[220 914]] , [[220 921]]
[[308 866]] , [[308 873]]
[[745 888]] , [[745 892]]
[[264 874]] , [[264 879]]
[[310 864]] , [[310 873]]
[[362 866]] , [[362 873]]
[[590 864]] , [[590 865]]
[[755 882]] , [[756 881]]
[[377 947]] , [[378 946]]
[[600 864]] , [[600 865]]
[[238 898]] , [[238 903]]
[[ 751 1026]] , [[ 751 1029]]
[[ 520 1016]] , [[ 520 1017]]
[[222 940]] , [[222 941]]
[[198 954]] , [[198 967]]
[[612 864]] , [[612 865]]
[[269 868]] , [[268 869]]
[[614 866]] , [[614 881]]
[[267 866]] , [[267 867]]
[[616 866]] , [[616 875]]
[[266 866]] , [[265 867]]
[[396 894]] , [[396 899]]
[[544 864]] , [[544 865]]
[[258 868]] , [[258 869]]
[[258 868]] , [[258 869]]
[[366 863]] , [[365 864]]
[[ 534 1014]] , [[ 534 1015]]
[[648 868]] , [[648 869]]
[[654 868]] , [[654 869]]
[[673 869]] , [[672 870]]
[[336 864]] , [[335 865]]
[[673 868]] , [[672 869]]
[[248 898]] , [[248 903]]
[[648 866]] , [[648 868]]
[[648 867]] , [[648 869]]
[[248 898]] , [[248 903]]
[[ 370 1020]] , [[ 370 1027]]
[[248 898]] , [[248 903]]
[[ 752 1020]] , [[ 752 1025]]
[[ 371 1020]] , [[ 371 1025]]
[[ 520 1014]] , [[ 520 1015]]
[[248 898]] , [[248 902]]
[[316 863]] , [[315 864]]
[[320 862]] , [[319 863]]
[[320 862]] , [[319 863]]
[[318 862]] , [[317 863]]
[[444 862]] , [[444 863]]
[[654 865]] , [[653 866]]
[[654 864]] , [[654 865]]
[[266 870]] , [[266 877]]
[[654 864]] , [[654 865]]
[[654 864]] , [[654 865]]
[[ 526 1012]] , [[ 526 1013]]
[[654 864]] , [[654 865]]
[[654 864]] , [[654 865]]
[[444 862]] , [[444 863]]
[[ 536 1012]] , [[ 536 1013]]
[[540 862]] , [[539 863]]
[[308 866]] , [[308 873]]
[[ 524 1018]] , [[ 524 1019]]
[[644 872]] , [[644 881]]
[[480 862]] , [[480 863]]
[[542 858]] , [[542 859]]
[[323 864]] , [[324 863]]
[[ 398 1014]] , [[ 398 1015]]
[[434 858]] , [[434 859]]
[[464 864]] , [[464 865]]
[[528 866]] , [[528 867]]
[[325 886]] , [[326 885]]
[[ 219 1130]] , [[ 220 1129]]
[[366 926]] , [[366 927]]
[[320 862]] , [[320 867]]
[[ 204 1024]] , [[ 204 1031]]
[[301 864]] , [[300 865]]
[[562 864]] , [[561 865]]
[[554 866]] , [[554 889]]
[[182 996]] , [[ 182 1003]]
[[ 360 1022]] , [[ 360 1023]]
[[362 862]] , [[362 863]]
[[528 860]] , [[527 861]]
[[456 856]] , [[456 857]]
[[304 876]] , [[304 877]]
[[ 182 1028]] , [[ 182 1043]]
[[ 512 1008]] , [[ 512 1009]]
[[ 362 1008]] , [[ 362 1009]]
[[ 526 1008]] , [[ 526 1009]]
[[ 526 1008]] , [[ 526 1009]]
[[ 524 1008]] , [[ 524 1009]]
[[ 374 1008]] , [[ 374 1009]]
[[318 854]] , [[317 855]]
[[244 886]] , [[244 891]]
[[534 852]] , [[533 853]]
[[190 992]] , [[190 997]]
[[522 854]] , [[521 855]]
[[182 958]] , [[182 967]]
[[412 854]] , [[411 855]]
[[182 958]] , [[182 967]]
[[313 856]] , [[312 857]]
[[182 958]] , [[182 967]]
[[736 850]] , [[735 851]]
[[736 850]] , [[735 851]]
[[506 856]] , [[506 857]]
[[317 876]] , [[318 875]]
[[742 849]] , [[741 850]]
[[318 854]] , [[317 855]]
[[511 854]] , [[509 856]]
[[319 854]] , [[318 855]]
[[384 854]] , [[384 855]]
[[216 970]] , [[216 973]]
[[220 970]] , [[220 977]]
[[196 960]] , [[196 965]]
[[756 848]] , [[755 849]]
[[316 858]] , [[316 861]]
[[748 850]] , [[748 851]]
[[550 970]] , [[550 975]]
[[ 198 1020]] , [[ 198 1037]]
[[736 866]] , [[736 869]]
[[586 854]] , [[586 855]]
[[592 855]] , [[591 856]]
[[778 968]] , [[778 973]]
[[747 928]] , [[747 935]]
[[757 888]] , [[758 887]]
[[ 752 1016]] , [[ 752 1021]]
[[320 856]] , [[319 857]]
[[366 952]] , [[366 959]]
[[ 753 1014]] , [[ 753 1019]]
[[348 862]] , [[348 881]]
[[741 886]] , [[742 885]]
[[310 862]] , [[310 867]]
[[313 884]] , [[314 883]]
[[470 860]] , [[470 861]]
[[302 864]] , [[302 867]]
[[302 864]] , [[302 865]]
[[198 924]] , [[198 935]]
[[329 886]] , [[330 885]]
[[664 866]] , [[664 867]]
[[298 862]] , [[298 867]]
[[296 862]] , [[296 867]]
[[666 862]] , [[666 863]]
[[344 862]] , [[344 869]]
[[344 862]] , [[344 869]]
[[363 876]] , [[364 875]]
[[722 862]] , [[722 863]]
[[402 872]] , [[402 879]]
[[344 862]] , [[344 865]]
[[666 864]] , [[666 865]]
[[344 862]] , [[344 867]]
[[296 864]] , [[296 881]]
