[[546 302]] , [[547 301]]
[[ 672 1613]] , [[ 672 1617]]
[[ 840 1014]] , [[ 840 1015]]
[[ 750 1614]] , [[ 750 1618]]
[[ 838 1016]] , [[ 838 1021]]
[[1003 1894]] , [[1003 1899]]
[[ 492 1030]] , [[ 492 1039]]
[[ 101 1899]] , [[ 101 1903]]
[[ 720 1878]] , [[ 719 1879]]
[[ 664 1879]] , [[ 664 1883]]
[[ 720 1879]] , [[ 720 1887]]
[[ 722 1879]] , [[ 721 1880]]
[[ 616 1879]] , [[ 616 1883]]
[[ 616 1879]] , [[ 616 1883]]
[[ 632 1879]] , [[ 632 1884]]
[[ 964 1878]] , [[ 964 1879]]
[[ 584 1880]] , [[ 583 1881]]
[[ 720 1878]] , [[ 720 1887]]
[[ 488 1888]] , [[ 488 1893]]
[[ 552 1882]] , [[ 551 1883]]
[[ 350 1888]] , [[ 350 1892]]
[[ 606 1881]] , [[ 606 1885]]
[[ 494 1022]] , [[ 494 1029]]
[[ 494 1022]] , [[ 494 1028]]
[[ 788 1874]] , [[ 788 1879]]
[[ 583 1882]] , [[ 583 1887]]
[[ 866 1617]] , [[ 866 1621]]
[[ 758 1614]] , [[ 758 1618]]
[[ 482 1024]] , [[ 482 1030]]
[[ 563 1881]] , [[ 562 1882]]
[[ 960 1880]] , [[ 960 1885]]
[[ 708 1878]] , [[ 708 1882]]
[[ 482 1024]] , [[ 480 1026]]
[[ 656 1613]] , [[ 656 1617]]
[[ 480 1022]] , [[ 480 1024]]
[[ 480 1022]] , [[ 480 1039]]
[[ 468 1029]] , [[ 468 1035]]
[[ 468 1026]] , [[ 468 1043]]
[[ 468 1026]] , [[ 468 1029]]
[[ 468 1026]] , [[ 468 1027]]
[[ 466 1030]] , [[ 466 1035]]
[[ 832 1616]] , [[ 832 1621]]
[[ 832 1616]] , [[ 832 1621]]
[[ 488 1018]] , [[ 488 1019]]
[[ 488 1018]] , [[ 488 1019]]
[[ 752 1888]] , [[ 752 1897]]
[[ 776 1894]] , [[ 776 1903]]
[[ 754 1896]] , [[ 754 1903]]
[[ 468 1030]] , [[ 468 1047]]
[[ 864 1882]] , [[ 864 1887]]
[[ 864 1882]] , [[ 864 1887]]
[[ 728 1882]] , [[ 728 1887]]
[[ 728 1882]] , [[ 728 1887]]
[[ 974 1890]] , [[ 974 1894]]
[[ 518 1033]] , [[ 518 1037]]
[[ 852 1875]] , [[ 851 1876]]
[[ 826 1878]] , [[ 826 1885]]
[[ 824 1611]] , [[ 823 1612]]
[[ 824 1611]] , [[ 823 1612]]
[[ 758 1613]] , [[ 758 1617]]
[[ 725 1876]] , [[ 724 1877]]
[[ 968 1882]] , [[ 968 1887]]
[[ 760 1874]] , [[ 760 1879]]
[[ 886 1874]] , [[ 885 1875]]
[[ 867 1875]] , [[ 867 1879]]
[[ 480 1008]] , [[ 480 1017]]
[[ 878 1877]] , [[ 878 1881]]
[[ 644 1879]] , [[ 644 1883]]
[[ 491 1883]] , [[ 491 1887]]
[[ 640 1880]] , [[ 640 1884]]
[[ 573 1882]] , [[ 572 1883]]
[[ 489 1883]] , [[ 489 1887]]
[[1008 1894]] , [[1008 1901]]
[[ 366 1887]] , [[ 366 1891]]
[[ 582 1882]] , [[ 581 1883]]
[[ 989 1882]] , [[ 989 1883]]
[[ 581 1882]] , [[ 580 1883]]
[[ 990 1882]] , [[ 989 1883]]
[[ 970 1879]] , [[ 970 1895]]
[[ 632 1890]] , [[ 632 1895]]
[[ 593 1884]] , [[ 593 1885]]
[[ 624 1878]] , [[ 623 1879]]
[[ 584 1888]] , [[ 584 1897]]
[[ 584 1888]] , [[ 584 1897]]
[[ 704 1880]] , [[ 704 1887]]
[[ 598 1882]] , [[ 598 1886]]
[[ 592 1882]] , [[ 592 1886]]
[[ 552 1882]] , [[ 552 1886]]
[[ 558 1882]] , [[ 558 1887]]
[[ 370 1888]] , [[ 370 1892]]
[[ 896 1880]] , [[ 896 1884]]
[[ 626 1878]] , [[ 626 1879]]
[[ 774 1874]] , [[ 774 1885]]
[[ 704 1880]] , [[ 704 1887]]
[[ 774 1612]] , [[ 774 1617]]
[[ 759 1874]] , [[ 758 1875]]
[[ 978 1884]] , [[ 978 1887]]
[[1000 1904]] , [[1000 1907]]
[[ 736 1882]] , [[ 736 1887]]
[[ 688 1879]] , [[ 688 1885]]
[[ 938 1880]] , [[ 938 1885]]
[[ 513 1032]] , [[ 512 1033]]
[[ 513 1032]] , [[ 512 1033]]
[[ 836 1616]] , [[ 836 1621]]
[[ 625 1616]] , [[ 625 1620]]
[[ 660 1882]] , [[ 660 1887]]
[[ 692 1877]] , [[ 692 1881]]
[[ 512 1032]] , [[ 512 1039]]
[[672 920]] , [[672 923]]
[[ 486 1886]] , [[ 486 1890]]
[[ 552 1883]] , [[ 552 1887]]
[[ 366 1885]] , [[ 366 1891]]
[[ 537 1883]] , [[ 537 1887]]
[[ 368 1883]] , [[ 368 1887]]
[[ 695 1878]] , [[ 693 1880]]
[[ 128 1894]] , [[ 128 1901]]
[[ 732 1877]] , [[ 732 1881]]
[[ 577 1883]] , [[ 577 1887]]
[[ 662 1879]] , [[ 662 1883]]
[[ 338 1894]] , [[ 338 1899]]
[[ 357 1886]] , [[ 357 1891]]
[[ 753 1618]] , [[ 753 1622]]
[[ 480 1020]] , [[ 480 1023]]
[[ 697 1876]] , [[ 695 1878]]
[[ 468 1038]] , [[ 468 1043]]
[[ 882 1877]] , [[ 882 1881]]
[[ 486 1020]] , [[ 486 1021]]
[[ 517 1886]] , [[ 517 1891]]
[[ 794 1611]] , [[ 794 1615]]
[[ 934 1876]] , [[ 934 1881]]
[[ 790 1878]] , [[ 790 1879]]
[[ 592 1882]] , [[ 592 1886]]
[[ 964 1882]] , [[ 964 1887]]
[[ 632 1879]] , [[ 632 1881]]
[[ 752 1874]] , [[ 751 1875]]
[[ 990 1883]] , [[ 990 1887]]
[[ 960 1877]] , [[ 960 1881]]
[[  72 1907]] , [[  72 1911]]
[[ 926 1875]] , [[ 926 1879]]
[[ 918 1874]] , [[ 918 1878]]
[[1008 1897]] , [[1008 1901]]
[[1000 1896]] , [[1000 1901]]
[[ 574 1882]] , [[ 574 1886]]
[[ 911 1874]] , [[ 911 1878]]
[[ 574 1882]] , [[ 574 1886]]
[[ 946 1877]] , [[ 946 1881]]
[[ 674 1879]] , [[ 674 1887]]
[[ 569 1880]] , [[ 569 1885]]
[[ 696 1878]] , [[ 695 1879]]
[[ 992 1904]] , [[ 992 1909]]
[[ 322 1890]] , [[ 322 1895]]
[[ 467 1888]] , [[ 467 1892]]
[[ 668 1879]] , [[ 668 1883]]
[[  25 1899]] , [[  25 1905]]
[[ 848 1875]] , [[ 848 1879]]
[[ 848 1875]] , [[ 848 1879]]
[[ 472 1033]] , [[ 472 1039]]
[[ 200 1892]] , [[ 200 1897]]
[[ 782 1875]] , [[ 782 1879]]
[[ 974 1879]] , [[ 974 1887]]
[[ 422 1882]] , [[ 422 1887]]
[[ 808 1878]] , [[ 808 1885]]
[[ 598 1880]] , [[ 598 1885]]
[[ 427 1882]] , [[ 426 1883]]
[[ 974 1880]] , [[ 974 1884]]
[[ 994 1898]] , [[ 994 1902]]
[[ 685 1880]] , [[ 683 1882]]
[[ 889 1896]] , [[ 889 1900]]
[[ 760 1878]] , [[ 760 1883]]
[[ 760 1878]] , [[ 760 1883]]
[[ 635 1876]] , [[ 634 1877]]
[[ 614 1879]] , [[ 614 1883]]
[[ 760 1875]] , [[ 760 1881]]
[[ 322 1886]] , [[ 322 1890]]
[[ 906 1872]] , [[ 905 1873]]
[[ 691 1876]] , [[ 690 1877]]
[[ 770 1610]] , [[ 770 1615]]
[[ 648 1881]] , [[ 648 1887]]
[[ 341 1619]] , [[ 341 1623]]
[[ 824 1612]] , [[ 824 1617]]
[[ 308 1886]] , [[ 308 1891]]
[[ 539 1883]] , [[ 539 1887]]
[[ 984 1882]] , [[ 983 1883]]
[[ 394 1882]] , [[ 394 1887]]
[[ 458 1890]] , [[ 458 1894]]
[[ 970 1896]] , [[ 970 1901]]
[[ 744 1896]] , [[ 744 1900]]
[[ 630 1878]] , [[ 629 1879]]
[[ 622 1878]] , [[ 622 1885]]
[[ 644 1882]] , [[ 644 1887]]
[[ 617 1878]] , [[ 616 1879]]
[[ 966 1880]] , [[ 966 1884]]
[[ 880 1876]] , [[ 880 1880]]
[[ 899 1876]] , [[ 899 1880]]
[[ 795 1612]] , [[ 795 1616]]
[[ 966 1880]] , [[ 966 1884]]
[[ 780 1611]] , [[ 780 1615]]
[[ 538 1880]] , [[ 538 1884]]
[[ 968 1881]] , [[ 968 1885]]
[[ 321 1888]] , [[ 320 1889]]
[[1009 1898]] , [[1009 1902]]
[[1006 1897]] , [[1006 1902]]
[[ 614 1879]] , [[ 614 1881]]
[[ 326 1888]] , [[ 326 1893]]
[[ 422 1888]] , [[ 422 1896]]
[[ 352 1889]] , [[ 352 1895]]
[[ 328 1888]] , [[ 328 1893]]
[[ 960 1878]] , [[ 960 1879]]
[[ 702 1876]] , [[ 702 1881]]
[[ 595 1880]] , [[ 594 1881]]
[[ 676 1880]] , [[ 676 1887]]
[[ 960 1879]] , [[ 960 1883]]
[[ 611 1879]] , [[ 610 1880]]
[[ 451 1882]] , [[ 448 1885]]
[[ 608 1888]] , [[ 608 1893]]
[[ 489 1880]] , [[ 488 1881]]
[[ 846 1613]] , [[ 846 1617]]
[[ 606 1880]] , [[ 606 1885]]
[[ 472 1618]] , [[ 472 1622]]
[[ 472 1618]] , [[ 472 1622]]
[[ 981 1892]] , [[ 981 1895]]
[[1005 1896]] , [[1005 1900]]
[[ 998 1891]] , [[ 998 1897]]
[[ 998 1902]] , [[ 998 1905]]
[[1000 1896]] , [[1000 1900]]
[[ 981 1882]] , [[ 980 1883]]
[[ 742 1878]] , [[ 742 1882]]
[[ 824 1611]] , [[ 824 1615]]
[[ 862 1876]] , [[ 862 1881]]
[[ 462 1886]] , [[ 462 1891]]
[[ 338 1894]] , [[ 338 1898]]
[[ 338 1894]] , [[ 338 1898]]
[[ 617 1881]] , [[ 617 1885]]
[[ 615 1881]] , [[ 614 1882]]
[[1004 1893]] , [[1004 1897]]
[[ 966 1879]] , [[ 966 1883]]
[[ 866 1888]] , [[ 866 1893]]
[[ 866 1888]] , [[ 866 1893]]
[[ 990 1881]] , [[ 990 1885]]
[[ 628 1879]] , [[ 628 1883]]
[[ 474 1882]] , [[ 473 1883]]
[[ 216 1904]] , [[ 216 1909]]
[[ 799 1611]] , [[ 798 1612]]
[[ 196 1888]] , [[ 196 1895]]
[[ 297 1890]] , [[ 297 1894]]
[[ 305 1885]] , [[ 305 1886]]
[[ 964 1881]] , [[ 964 1887]]
[[ 286 1892]] , [[ 286 1897]]
[[ 818 1874]] , [[ 817 1875]]
[[ 824 1878]] , [[ 824 1885]]
[[ 570 1881]] , [[ 570 1887]]
[[ 138 1895]] , [[ 138 1899]]
[[ 546 1884]] , [[ 546 1892]]
[[ 643 1879]] , [[ 642 1880]]
[[ 642 1879]] , [[ 641 1880]]
[[ 595 1880]] , [[ 594 1881]]
[[ 677 1879]] , [[ 676 1880]]
[[ 982 1894]] , [[ 982 1895]]
[[ 682 1879]] , [[ 681 1880]]
[[ 680 1879]] , [[ 679 1880]]
[[ 920 1878]] , [[ 920 1883]]
[[ 627 1880]] , [[ 627 1884]]
[[ 924 1875]] , [[ 924 1877]]
[[ 351 1888]] , [[ 350 1889]]
[[ 822 1880]] , [[ 822 1885]]
[[ 848 1616]] , [[ 848 1621]]
[[ 486 1006]] , [[ 486 1011]]
[[ 704 1611]] , [[ 704 1615]]
[[484 998]] , [[ 484 1003]]
[[ 353 1888]] , [[ 352 1889]]
[[ 850 1616]] , [[ 850 1621]]
[[ 915 1873]] , [[ 914 1874]]
[[ 910 1873]] , [[ 910 1881]]
[[ 910 1873]] , [[ 910 1881]]
[[ 855 1616]] , [[ 855 1620]]
[[ 427 1883]] , [[ 427 1887]]
[[672 926]] , [[672 931]]
[[ 486 1006]] , [[ 486 1015]]
[[ 702 1878]] , [[ 702 1885]]
[[ 454 1883]] , [[ 454 1887]]
[[ 960 1879]] , [[ 960 1883]]
[[ 763 1875]] , [[ 762 1876]]
[[ 748 1875]] , [[ 748 1879]]
[[ 698 1900]] , [[ 698 1905]]
[[ 756 1878]] , [[ 756 1887]]
[[  80 1912]] , [[  80 1919]]
[[ 704 1880]] , [[ 704 1887]]
[[ 698 1890]] , [[ 698 1895]]
[[ 756 1874]] , [[ 756 1877]]
[[ 864 1878]] , [[ 864 1886]]
[[ 685 1878]] , [[ 684 1879]]
[[ 818 1613]] , [[ 818 1617]]
[[ 658 1888]] , [[ 658 1892]]
[[ 768 1612]] , [[ 768 1616]]
[[ 746 1612]] , [[ 746 1617]]
[[ 724 1878]] , [[ 724 1887]]
[[ 742 1612]] , [[ 742 1617]]
[[ 448 1892]] , [[ 448 1897]]
[[ 992 1894]] , [[ 992 1903]]
[[ 992 1894]] , [[ 992 1903]]
[[ 436 1888]] , [[ 436 1895]]
[[ 981 1888]] , [[ 981 1892]]
[[ 480 1882]] , [[ 480 1883]]
[[ 782 1876]] , [[ 781 1877]]
[[ 970 1890]] , [[ 970 1895]]
[[ 573 1881]] , [[ 571 1883]]
[[ 578 1881]] , [[ 576 1883]]
[[ 866 1878]] , [[ 866 1889]]
[[ 928 1875]] , [[ 928 1879]]
[[ 894 1876]] , [[ 894 1880]]
[[ 596 1883]] , [[ 596 1887]]
[[ 922 1876]] , [[ 922 1881]]
[[ 853 1612]] , [[ 852 1613]]
[[ 993 1888]] , [[ 993 1889]]
[[ 413 1886]] , [[ 412 1887]]
[[ 426 1883]] , [[ 424 1885]]
[[ 414 1890]] , [[ 414 1897]]
[[ 894 1878]] , [[ 894 1882]]
[[ 440 1884]] , [[ 440 1889]]
[[ 866 1877]] , [[ 865 1878]]
[[ 670 1878]] , [[ 670 1887]]
[[ 304 1887]] , [[ 304 1891]]
[[ 522 1883]] , [[ 522 1887]]
[[ 894 1878]] , [[ 894 1879]]
[[ 866 1876]] , [[ 866 1877]]
[[ 864 1876]] , [[ 864 1877]]
[[ 862 1876]] , [[ 862 1877]]
[[ 400 1882]] , [[ 400 1886]]
[[ 862 1878]] , [[ 862 1882]]
[[1001 1908]] , [[1001 1912]]
[[ 860 1888]] , [[ 860 1895]]
[[ 600 1882]] , [[ 600 1886]]
[[ 334 1624]] , [[ 334 1628]]
[[ 704 1888]] , [[ 704 1893]]
[[1004 1898]] , [[1004 1902]]
[[ 980 1880]] , [[ 980 1884]]
[[ 542 1888]] , [[ 542 1897]]
[[ 968 1886]] , [[ 968 1890]]
[[ 334 1624]] , [[ 334 1631]]
[[ 960 1878]] , [[ 960 1882]]
[[ 846 1875]] , [[ 846 1879]]
[[ 646 1880]] , [[ 646 1887]]
[[ 904 1873]] , [[ 904 1879]]
[[ 731 1877]] , [[ 731 1881]]
[[ 688 1879]] , [[ 688 1885]]
[[ 753 1874]] , [[ 752 1875]]
[[ 753 1874]] , [[ 752 1875]]
[[ 737 1877]] , [[ 736 1878]]
[[ 820 1612]] , [[ 820 1617]]
[[ 952 1878]] , [[ 952 1882]]
[[ 764 1612]] , [[ 764 1617]]
[[ 728 1878]] , [[ 728 1887]]
[[ 976 1881]] , [[ 976 1886]]
[[ 997 1894]] , [[ 997 1900]]
[[ 531 1882]] , [[ 530 1883]]
[[ 768 1875]] , [[ 768 1879]]
[[ 848 1612]] , [[ 848 1616]]
[[ 954 1876]] , [[ 954 1881]]
[[ 494 1000]] , [[ 494 1013]]
[[ 494 1000]] , [[ 494 1013]]
[[ 486 1021]] , [[ 485 1022]]
[[ 486 1021]] , [[ 485 1022]]
[[ 810 1611]] , [[ 810 1615]]
[[ 846 1614]] , [[ 846 1615]]
[[ 714 1878]] , [[ 713 1879]]
[[ 970 1890]] , [[ 970 1895]]
[[ 578 1618]] , [[ 578 1623]]
[[ 344 1886]] , [[ 344 1887]]
[[ 981 1881]] , [[ 980 1882]]
[[ 578 1618]] , [[ 578 1623]]
[[ 578 1618]] , [[ 578 1623]]
[[ 755 1616]] , [[ 755 1621]]
[[ 496 1022]] , [[ 496 1035]]
[[ 578 1618]] , [[ 578 1623]]
[[832 988]] , [[832 993]]
[[ 774 1614]] , [[ 774 1619]]
[[ 950 1880]] , [[ 950 1884]]
[[ 950 1880]] , [[ 950 1885]]
[[836 958]] , [[836 977]]
[[ 952 1876]] , [[ 952 1881]]
[[ 470 1032]] , [[ 470 1039]]
[[ 480 1034]] , [[ 480 1039]]
[[ 686 1012]] , [[ 686 1015]]
[[ 686 1008]] , [[ 686 1011]]
[[ 472 1030]] , [[ 472 1031]]
[[ 670 1880]] , [[ 670 1886]]
[[ 808 1611]] , [[ 808 1615]]
[[  84 1896]] , [[  83 1897]]
[[ 593 1883]] , [[ 593 1887]]
[[ 648 1890]] , [[ 648 1894]]
[[ 498 1881]] , [[ 498 1886]]
[[ 871 1876]] , [[ 870 1877]]
[[ 869 1876]] , [[ 869 1880]]
[[ 640 1876]] , [[ 640 1881]]
[[ 834 1612]] , [[ 834 1617]]
[[ 146 1894]] , [[ 146 1899]]
[[ 833 1873]] , [[ 832 1874]]
[[ 596 1881]] , [[ 596 1885]]
[[ 710 1879]] , [[ 710 1883]]
[[ 952 1876]] , [[ 952 1887]]
[[ 672 1881]] , [[ 672 1885]]
[[ 494 1898]] , [[ 494 1903]]
[[ 578 1880]] , [[ 578 1887]]
[[ 592 1881]] , [[ 592 1885]]
[[ 878 1880]] , [[ 878 1887]]
[[ 475 1883]] , [[ 474 1884]]
[[ 348 1889]] , [[ 347 1890]]
[[ 762 1616]] , [[ 762 1620]]
[[ 856 1874]] , [[ 856 1875]]
[[ 506 1883]] , [[ 506 1887]]
[[ 835 1874]] , [[ 834 1875]]
[[ 876 1876]] , [[ 876 1880]]
[[ 602 1880]] , [[ 602 1885]]
[[ 602 1882]] , [[ 602 1886]]
[[ 552 1881]] , [[ 552 1885]]
[[ 226 1889]] , [[ 226 1897]]
[[ 352 1888]] , [[ 351 1889]]
[[ 208 1894]] , [[ 208 1903]]
[[ 318 1889]] , [[ 318 1894]]
[[ 436 1896]] , [[ 436 1901]]
[[1002 1890]] , [[1002 1895]]
[[ 478 1885]] , [[ 478 1889]]
[[ 455 1888]] , [[ 453 1890]]
[[ 490 1886]] , [[ 490 1890]]
[[ 752 1875]] , [[ 752 1882]]
[[ 312 1890]] , [[ 312 1894]]
[[ 579 1881]] , [[ 578 1882]]
[[ 968 1878]] , [[ 968 1879]]
[[ 976 1878]] , [[ 976 1879]]
[[ 218 1906]] , [[ 218 1911]]
[[ 816 1875]] , [[ 816 1879]]
[[ 634 1877]] , [[ 634 1881]]
[[ 528 1882]] , [[ 528 1887]]
[[ 649 1879]] , [[ 648 1880]]
[[ 495 1012]] , [[ 494 1013]]
[[ 630 1877]] , [[ 630 1881]]
[[ 862 1875]] , [[ 862 1879]]
[[ 806 1616]] , [[ 806 1621]]
[[ 674 1878]] , [[ 674 1883]]
[[ 560 1883]] , [[ 560 1887]]
[[ 806 1616]] , [[ 806 1621]]
[[ 328 1891]] , [[ 328 1895]]
[[ 740 1876]] , [[ 740 1880]]
[[ 732 1877]] , [[ 732 1882]]
[[ 858 1875]] , [[ 858 1879]]
[[ 950 1875]] , [[ 950 1879]]
[[ 560 1883]] , [[ 560 1887]]
[[ 950 1880]] , [[ 950 1886]]
[[ 779 1611]] , [[ 779 1615]]
[[ 670 1613]] , [[ 670 1617]]
[[ 886 1880]] , [[ 886 1887]]
[[ 974 1883]] , [[ 974 1887]]
[[ 528 1885]] , [[ 528 1889]]
[[ 541 1882]] , [[ 540 1883]]
[[ 535 1882]] , [[ 534 1883]]
[[ 806 1890]] , [[ 806 1895]]
[[ 709 1611]] , [[ 709 1615]]
[[ 792 1874]] , [[ 792 1878]]
[[ 730 1876]] , [[ 729 1877]]
[[ 758 1882]] , [[ 758 1887]]
[[ 975 1883]] , [[ 974 1884]]
[[1004 1892]] , [[1004 1897]]
[[ 721 1878]] , [[ 721 1882]]
[[ 750 1880]] , [[ 750 1887]]
[[ 838 1874]] , [[ 838 1879]]
[[ 578 1616]] , [[ 578 1621]]
[[ 574 1881]] , [[ 574 1885]]
[[ 574 1881]] , [[ 574 1885]]
[[ 682 1879]] , [[ 682 1887]]
[[ 570 1616]] , [[ 570 1620]]
[[ 736 1877]] , [[ 736 1881]]
[[ 630 1878]] , [[ 630 1883]]
[[ 630 1879]] , [[ 630 1883]]
[[ 622 1880]] , [[ 622 1887]]
[[ 687 1879]] , [[ 686 1880]]
[[ 723 1877]] , [[ 722 1878]]
[[ 856 1876]] , [[ 856 1881]]
[[ 990 1888]] , [[ 990 1895]]
[[ 999 1894]] , [[1000 1893]]
[[ 586 1882]] , [[ 586 1887]]
[[ 668 1879]] , [[ 668 1883]]
[[  50 1895]] , [[  48 1897]]
[[ 590 1882]] , [[ 590 1887]]
[[ 998 1889]] , [[ 998 1893]]
[[ 728 1888]] , [[ 728 1893]]
[[ 728 1888]] , [[ 728 1895]]
[[ 792 1882]] , [[ 792 1887]]
[[ 596 1883]] , [[ 596 1887]]
[[ 810 1876]] , [[ 810 1877]]
[[ 730 1880]] , [[ 730 1885]]
[[ 395 1880]] , [[ 394 1881]]
[[ 962 1881]] , [[ 962 1887]]
[[ 696 1888]] , [[ 696 1903]]
[[ 990 1883]] , [[ 990 1887]]
[[ 768 1874]] , [[ 768 1887]]
[[ 480 1882]] , [[ 480 1886]]
[[ 308 1036]] , [[ 308 1037]]
[[ 306 1030]] , [[ 306 1037]]
[[ 802 1611]] , [[ 802 1615]]
[[ 584 1882]] , [[ 583 1883]]
[[ 872 1875]] , [[ 872 1879]]
[[ 980 1882]] , [[ 980 1886]]
[[ 570 1882]] , [[ 570 1883]]
[[ 837 1874]] , [[ 836 1875]]
[[ 987 1881]] , [[ 986 1882]]
[[ 498 1018]] , [[ 498 1023]]
[[494 992]] , [[ 494 1007]]
[[494 967]] , [[493 968]]
[[ 496 1024]] , [[ 496 1031]]
[[ 480 1017]] , [[ 480 1031]]
[[ 981 1882]] , [[ 981 1886]]
[[ 452 1880]] , [[ 452 1885]]
[[ 704 1877]] , [[ 704 1883]]
[[ 398 1881]] , [[ 398 1886]]
[[ 604 1880]] , [[ 604 1884]]
[[ 398 1881]] , [[ 398 1885]]
[[ 992 1881]] , [[ 992 1886]]
[[ 756 1880]] , [[ 756 1885]]
[[ 606 1879]] , [[ 605 1880]]
[[ 605 1880]] , [[ 604 1881]]
[[ 692 1877]] , [[ 691 1878]]
[[ 452 1883]] , [[ 452 1887]]
[[ 988 1883]] , [[ 988 1887]]
[[ 448 1882]] , [[ 448 1887]]
[[1001 1885]] , [[1001 1889]]
[[ 425 1883]] , [[ 425 1887]]
[[ 852 1876]] , [[ 852 1880]]
[[ 304 1052]] , [[ 304 1057]]
[[ 760 1874]] , [[ 760 1879]]
[[ 846 1874]] , [[ 846 1878]]
[[ 762 1874]] , [[ 762 1879]]
[[ 616 1877]] , [[ 616 1881]]
[[ 616 1877]] , [[ 616 1881]]
[[ 610 1881]] , [[ 610 1885]]
[[ 826 1611]] , [[ 826 1615]]
[[ 610 1881]] , [[ 610 1885]]
[[ 993 1888]] , [[ 993 1889]]
[[ 331 1889]] , [[ 330 1890]]
[[ 574 1882]] , [[ 574 1887]]
[[ 615 1881]] , [[ 614 1882]]
[[ 997 1887]] , [[ 997 1891]]
[[ 599 1880]] , [[ 598 1881]]
[[ 708 1878]] , [[ 708 1882]]
[[ 700 1878]] , [[ 700 1882]]
[[ 754 1880]] , [[ 754 1885]]
[[ 580 1880]] , [[ 580 1885]]
[[ 822 1882]] , [[ 822 1886]]
[[ 730 1877]] , [[ 729 1878]]
[[ 658 1879]] , [[ 658 1883]]
[[ 672 1878]] , [[ 672 1883]]
[[1006 1892]] , [[1006 1897]]
[[ 221 1892]] , [[ 221 1897]]
[[ 593 1881]] , [[ 593 1885]]
[[ 570 1881]] , [[ 569 1882]]
[[ 737 1878]] , [[ 737 1881]]
[[ 424 1890]] , [[ 424 1897]]
[[ 672 1613]] , [[ 672 1617]]
[[ 840 1014]] , [[ 840 1015]]
[[ 750 1614]] , [[ 750 1618]]
[[ 838 1016]] , [[ 838 1021]]
[[1003 1894]] , [[1003 1899]]
[[ 492 1030]] , [[ 492 1039]]
[[ 101 1899]] , [[ 101 1903]]
[[ 720 1878]] , [[ 719 1879]]
[[ 664 1879]] , [[ 664 1883]]
[[ 720 1879]] , [[ 720 1887]]
[[ 722 1879]] , [[ 721 1880]]
[[ 616 1879]] , [[ 616 1883]]
[[ 616 1879]] , [[ 616 1883]]
[[ 632 1879]] , [[ 632 1884]]
[[ 964 1878]] , [[ 964 1879]]
[[ 584 1880]] , [[ 583 1881]]
[[ 720 1878]] , [[ 720 1887]]
[[ 488 1888]] , [[ 488 1893]]
[[ 552 1882]] , [[ 551 1883]]
[[ 350 1888]] , [[ 350 1892]]
[[ 606 1881]] , [[ 606 1885]]
[[ 494 1022]] , [[ 494 1029]]
[[ 494 1022]] , [[ 494 1028]]
[[ 788 1874]] , [[ 788 1879]]
[[ 583 1882]] , [[ 583 1887]]
[[ 866 1617]] , [[ 866 1621]]
[[ 758 1614]] , [[ 758 1618]]
[[ 482 1024]] , [[ 482 1030]]
[[ 563 1881]] , [[ 562 1882]]
[[ 960 1880]] , [[ 960 1885]]
[[ 708 1878]] , [[ 708 1882]]
[[ 482 1024]] , [[ 480 1026]]
[[ 656 1613]] , [[ 656 1617]]
[[ 480 1022]] , [[ 480 1024]]
[[ 480 1022]] , [[ 480 1039]]
[[ 468 1029]] , [[ 468 1035]]
[[ 468 1026]] , [[ 468 1043]]
[[ 468 1026]] , [[ 468 1029]]
[[ 468 1026]] , [[ 468 1027]]
[[ 466 1030]] , [[ 466 1035]]
[[ 832 1616]] , [[ 832 1621]]
[[ 832 1616]] , [[ 832 1621]]
[[ 488 1018]] , [[ 488 1019]]
[[ 488 1018]] , [[ 488 1019]]
[[ 752 1888]] , [[ 752 1897]]
[[ 776 1894]] , [[ 776 1903]]
[[ 754 1896]] , [[ 754 1903]]
[[ 468 1030]] , [[ 468 1047]]
[[ 864 1882]] , [[ 864 1887]]
[[ 864 1882]] , [[ 864 1887]]
[[ 728 1882]] , [[ 728 1887]]
[[ 728 1882]] , [[ 728 1887]]
[[ 974 1890]] , [[ 974 1894]]
[[ 518 1033]] , [[ 518 1037]]
[[ 852 1875]] , [[ 851 1876]]
[[ 826 1878]] , [[ 826 1885]]
[[ 824 1611]] , [[ 823 1612]]
[[ 824 1611]] , [[ 823 1612]]
[[ 758 1613]] , [[ 758 1617]]
[[ 725 1876]] , [[ 724 1877]]
[[ 968 1882]] , [[ 968 1887]]
[[ 760 1874]] , [[ 760 1879]]
[[ 886 1874]] , [[ 885 1875]]
[[ 867 1875]] , [[ 867 1879]]
[[ 480 1008]] , [[ 480 1017]]
[[ 878 1877]] , [[ 878 1881]]
[[ 644 1879]] , [[ 644 1883]]
[[ 491 1883]] , [[ 491 1887]]
[[ 640 1880]] , [[ 640 1884]]
[[ 573 1882]] , [[ 572 1883]]
[[ 489 1883]] , [[ 489 1887]]
[[1008 1894]] , [[1008 1901]]
[[ 366 1887]] , [[ 366 1891]]
[[ 582 1882]] , [[ 581 1883]]
[[ 989 1882]] , [[ 989 1883]]
[[ 581 1882]] , [[ 580 1883]]
[[ 990 1882]] , [[ 989 1883]]
[[ 970 1879]] , [[ 970 1895]]
[[ 632 1890]] , [[ 632 1895]]
[[ 593 1884]] , [[ 593 1885]]
[[ 624 1878]] , [[ 623 1879]]
[[ 584 1888]] , [[ 584 1897]]
[[ 584 1888]] , [[ 584 1897]]
[[ 704 1880]] , [[ 704 1887]]
[[ 598 1882]] , [[ 598 1886]]
[[ 592 1882]] , [[ 592 1886]]
[[ 552 1882]] , [[ 552 1886]]
[[ 558 1882]] , [[ 558 1887]]
[[ 370 1888]] , [[ 370 1892]]
[[ 896 1880]] , [[ 896 1884]]
[[ 626 1878]] , [[ 626 1879]]
[[ 774 1874]] , [[ 774 1885]]
[[ 704 1880]] , [[ 704 1887]]
[[ 774 1612]] , [[ 774 1617]]
[[ 759 1874]] , [[ 758 1875]]
[[ 978 1884]] , [[ 978 1887]]
[[1000 1904]] , [[1000 1907]]
[[ 736 1882]] , [[ 736 1887]]
[[ 688 1879]] , [[ 688 1885]]
[[ 938 1880]] , [[ 938 1885]]
[[ 513 1032]] , [[ 512 1033]]
[[ 513 1032]] , [[ 512 1033]]
[[ 836 1616]] , [[ 836 1621]]
[[ 625 1616]] , [[ 625 1620]]
[[ 660 1882]] , [[ 660 1887]]
[[ 692 1877]] , [[ 692 1881]]
[[ 512 1032]] , [[ 512 1039]]
[[672 920]] , [[672 923]]
[[ 486 1886]] , [[ 486 1890]]
[[ 552 1883]] , [[ 552 1887]]
[[ 366 1885]] , [[ 366 1891]]
[[ 537 1883]] , [[ 537 1887]]
[[ 368 1883]] , [[ 368 1887]]
[[ 695 1878]] , [[ 693 1880]]
[[ 128 1894]] , [[ 128 1901]]
[[ 732 1877]] , [[ 732 1881]]
[[ 577 1883]] , [[ 577 1887]]
[[ 662 1879]] , [[ 662 1883]]
[[ 338 1894]] , [[ 338 1899]]
[[ 357 1886]] , [[ 357 1891]]
[[ 753 1618]] , [[ 753 1622]]
[[ 480 1020]] , [[ 480 1023]]
[[ 697 1876]] , [[ 695 1878]]
[[ 468 1038]] , [[ 468 1043]]
[[ 882 1877]] , [[ 882 1881]]
[[ 486 1020]] , [[ 486 1021]]
[[ 517 1886]] , [[ 517 1891]]
[[ 794 1611]] , [[ 794 1615]]
[[ 934 1876]] , [[ 934 1881]]
[[ 790 1878]] , [[ 790 1879]]
[[ 592 1882]] , [[ 592 1886]]
[[ 964 1882]] , [[ 964 1887]]
[[ 632 1879]] , [[ 632 1881]]
[[ 752 1874]] , [[ 751 1875]]
[[ 990 1883]] , [[ 990 1887]]
[[ 960 1877]] , [[ 960 1881]]
[[  72 1907]] , [[  72 1911]]
[[ 926 1875]] , [[ 926 1879]]
[[ 918 1874]] , [[ 918 1878]]
[[1008 1897]] , [[1008 1901]]
[[1000 1896]] , [[1000 1901]]
[[ 574 1882]] , [[ 574 1886]]
[[ 911 1874]] , [[ 911 1878]]
[[ 574 1882]] , [[ 574 1886]]
[[ 946 1877]] , [[ 946 1881]]
[[ 674 1879]] , [[ 674 1887]]
[[ 569 1880]] , [[ 569 1885]]
[[ 696 1878]] , [[ 695 1879]]
[[ 992 1904]] , [[ 992 1909]]
[[ 322 1890]] , [[ 322 1895]]
[[ 467 1888]] , [[ 467 1892]]
[[ 668 1879]] , [[ 668 1883]]
[[  25 1899]] , [[  25 1905]]
[[ 848 1875]] , [[ 848 1879]]
[[ 848 1875]] , [[ 848 1879]]
[[ 472 1033]] , [[ 472 1039]]
[[ 200 1892]] , [[ 200 1897]]
[[ 782 1875]] , [[ 782 1879]]
[[ 974 1879]] , [[ 974 1887]]
[[ 422 1882]] , [[ 422 1887]]
[[ 808 1878]] , [[ 808 1885]]
[[ 598 1880]] , [[ 598 1885]]
[[ 427 1882]] , [[ 426 1883]]
[[ 974 1880]] , [[ 974 1884]]
[[ 994 1898]] , [[ 994 1902]]
[[ 685 1880]] , [[ 683 1882]]
[[ 889 1896]] , [[ 889 1900]]
[[ 760 1878]] , [[ 760 1883]]
[[ 760 1878]] , [[ 760 1883]]
[[ 635 1876]] , [[ 634 1877]]
[[ 614 1879]] , [[ 614 1883]]
[[ 760 1875]] , [[ 760 1881]]
[[ 322 1886]] , [[ 322 1890]]
[[ 906 1872]] , [[ 905 1873]]
[[ 691 1876]] , [[ 690 1877]]
[[ 770 1610]] , [[ 770 1615]]
[[ 648 1881]] , [[ 648 1887]]
[[ 341 1619]] , [[ 341 1623]]
[[ 824 1612]] , [[ 824 1617]]
[[ 308 1886]] , [[ 308 1891]]
[[ 539 1883]] , [[ 539 1887]]
[[ 984 1882]] , [[ 983 1883]]
[[ 394 1882]] , [[ 394 1887]]
[[ 458 1890]] , [[ 458 1894]]
[[ 970 1896]] , [[ 970 1901]]
[[ 744 1896]] , [[ 744 1900]]
[[ 630 1878]] , [[ 629 1879]]
[[ 622 1878]] , [[ 622 1885]]
[[ 644 1882]] , [[ 644 1887]]
[[ 617 1878]] , [[ 616 1879]]
[[ 966 1880]] , [[ 966 1884]]
[[ 880 1876]] , [[ 880 1880]]
[[ 899 1876]] , [[ 899 1880]]
[[ 795 1612]] , [[ 795 1616]]
[[ 966 1880]] , [[ 966 1884]]
[[ 780 1611]] , [[ 780 1615]]
[[ 538 1880]] , [[ 538 1884]]
[[ 968 1881]] , [[ 968 1885]]
[[ 321 1888]] , [[ 320 1889]]
[[1009 1898]] , [[1009 1902]]
[[1006 1897]] , [[1006 1902]]
[[ 614 1879]] , [[ 614 1881]]
[[ 326 1888]] , [[ 326 1893]]
[[ 422 1888]] , [[ 422 1896]]
[[ 352 1889]] , [[ 352 1895]]
[[ 328 1888]] , [[ 328 1893]]
[[ 960 1878]] , [[ 960 1879]]
[[ 702 1876]] , [[ 702 1881]]
[[ 595 1880]] , [[ 594 1881]]
[[ 676 1880]] , [[ 676 1887]]
[[ 960 1879]] , [[ 960 1883]]
[[ 611 1879]] , [[ 610 1880]]
[[ 451 1882]] , [[ 448 1885]]
[[ 608 1888]] , [[ 608 1893]]
[[ 489 1880]] , [[ 488 1881]]
[[ 846 1613]] , [[ 846 1617]]
[[ 606 1880]] , [[ 606 1885]]
[[ 472 1618]] , [[ 472 1622]]
[[ 472 1618]] , [[ 472 1622]]
[[ 981 1892]] , [[ 981 1895]]
[[1005 1896]] , [[1005 1900]]
[[ 998 1891]] , [[ 998 1897]]
[[ 998 1902]] , [[ 998 1905]]
[[1000 1896]] , [[1000 1900]]
[[ 981 1882]] , [[ 980 1883]]
[[ 742 1878]] , [[ 742 1882]]
[[ 824 1611]] , [[ 824 1615]]
[[ 862 1876]] , [[ 862 1881]]
[[ 462 1886]] , [[ 462 1891]]
[[ 338 1894]] , [[ 338 1898]]
[[ 338 1894]] , [[ 338 1898]]
[[ 617 1881]] , [[ 617 1885]]
[[ 615 1881]] , [[ 614 1882]]
[[1004 1893]] , [[1004 1897]]
[[ 966 1879]] , [[ 966 1883]]
[[ 866 1888]] , [[ 866 1893]]
[[ 866 1888]] , [[ 866 1893]]
[[ 990 1881]] , [[ 990 1885]]
[[ 628 1879]] , [[ 628 1883]]
[[ 474 1882]] , [[ 473 1883]]
[[ 216 1904]] , [[ 216 1909]]
[[ 799 1611]] , [[ 798 1612]]
[[ 196 1888]] , [[ 196 1895]]
[[ 297 1890]] , [[ 297 1894]]
[[ 305 1885]] , [[ 305 1886]]
[[ 964 1881]] , [[ 964 1887]]
[[ 286 1892]] , [[ 286 1897]]
[[ 818 1874]] , [[ 817 1875]]
[[ 824 1878]] , [[ 824 1885]]
[[ 570 1881]] , [[ 570 1887]]
[[ 138 1895]] , [[ 138 1899]]
[[ 546 1884]] , [[ 546 1892]]
[[ 643 1879]] , [[ 642 1880]]
[[ 642 1879]] , [[ 641 1880]]
[[ 595 1880]] , [[ 594 1881]]
[[ 677 1879]] , [[ 676 1880]]
[[ 982 1894]] , [[ 982 1895]]
[[ 682 1879]] , [[ 681 1880]]
[[ 680 1879]] , [[ 679 1880]]
[[ 920 1878]] , [[ 920 1883]]
[[ 627 1880]] , [[ 627 1884]]
[[ 924 1875]] , [[ 924 1877]]
[[ 351 1888]] , [[ 350 1889]]
[[ 822 1880]] , [[ 822 1885]]
[[ 848 1616]] , [[ 848 1621]]
[[ 486 1006]] , [[ 486 1011]]
[[ 704 1611]] , [[ 704 1615]]
[[484 998]] , [[ 484 1003]]
[[ 353 1888]] , [[ 352 1889]]
[[ 850 1616]] , [[ 850 1621]]
[[ 915 1873]] , [[ 914 1874]]
[[ 910 1873]] , [[ 910 1881]]
[[ 910 1873]] , [[ 910 1881]]
[[ 855 1616]] , [[ 855 1620]]
[[ 427 1883]] , [[ 427 1887]]
[[672 926]] , [[672 931]]
[[ 486 1006]] , [[ 486 1015]]
[[ 702 1878]] , [[ 702 1885]]
[[ 454 1883]] , [[ 454 1887]]
[[ 960 1879]] , [[ 960 1883]]
[[ 763 1875]] , [[ 762 1876]]
[[ 748 1875]] , [[ 748 1879]]
[[ 698 1900]] , [[ 698 1905]]
[[ 756 1878]] , [[ 756 1887]]
[[  80 1912]] , [[  80 1919]]
[[ 704 1880]] , [[ 704 1887]]
[[ 698 1890]] , [[ 698 1895]]
[[ 756 1874]] , [[ 756 1877]]
[[ 864 1878]] , [[ 864 1886]]
[[ 685 1878]] , [[ 684 1879]]
[[ 818 1613]] , [[ 818 1617]]
[[ 658 1888]] , [[ 658 1892]]
[[ 768 1612]] , [[ 768 1616]]
[[ 746 1612]] , [[ 746 1617]]
[[ 724 1878]] , [[ 724 1887]]
[[ 742 1612]] , [[ 742 1617]]
[[ 448 1892]] , [[ 448 1897]]
[[ 992 1894]] , [[ 992 1903]]
[[ 992 1894]] , [[ 992 1903]]
[[ 436 1888]] , [[ 436 1895]]
[[ 981 1888]] , [[ 981 1892]]
[[ 480 1882]] , [[ 480 1883]]
[[ 782 1876]] , [[ 781 1877]]
[[ 970 1890]] , [[ 970 1895]]
[[ 573 1881]] , [[ 571 1883]]
[[ 578 1881]] , [[ 576 1883]]
[[ 866 1878]] , [[ 866 1889]]
[[ 928 1875]] , [[ 928 1879]]
[[ 894 1876]] , [[ 894 1880]]
[[ 596 1883]] , [[ 596 1887]]
[[ 922 1876]] , [[ 922 1881]]
[[ 853 1612]] , [[ 852 1613]]
[[ 993 1888]] , [[ 993 1889]]
[[ 413 1886]] , [[ 412 1887]]
[[ 426 1883]] , [[ 424 1885]]
[[ 414 1890]] , [[ 414 1897]]
[[ 894 1878]] , [[ 894 1882]]
[[ 440 1884]] , [[ 440 1889]]
[[ 866 1877]] , [[ 865 1878]]
[[ 670 1878]] , [[ 670 1887]]
[[ 304 1887]] , [[ 304 1891]]
[[ 522 1883]] , [[ 522 1887]]
[[ 894 1878]] , [[ 894 1879]]
[[ 866 1876]] , [[ 866 1877]]
[[ 864 1876]] , [[ 864 1877]]
[[ 862 1876]] , [[ 862 1877]]
[[ 400 1882]] , [[ 400 1886]]
[[ 862 1878]] , [[ 862 1882]]
[[1001 1908]] , [[1001 1912]]
[[ 860 1888]] , [[ 860 1895]]
[[ 600 1882]] , [[ 600 1886]]
[[ 334 1624]] , [[ 334 1628]]
[[ 704 1888]] , [[ 704 1893]]
[[1004 1898]] , [[1004 1902]]
[[ 980 1880]] , [[ 980 1884]]
[[ 542 1888]] , [[ 542 1897]]
[[ 968 1886]] , [[ 968 1890]]
[[ 334 1624]] , [[ 334 1631]]
[[ 960 1878]] , [[ 960 1882]]
[[ 846 1875]] , [[ 846 1879]]
[[ 646 1880]] , [[ 646 1887]]
[[ 904 1873]] , [[ 904 1879]]
[[ 731 1877]] , [[ 731 1881]]
[[ 688 1879]] , [[ 688 1885]]
[[ 753 1874]] , [[ 752 1875]]
[[ 753 1874]] , [[ 752 1875]]
[[ 737 1877]] , [[ 736 1878]]
[[ 820 1612]] , [[ 820 1617]]
[[ 952 1878]] , [[ 952 1882]]
[[ 764 1612]] , [[ 764 1617]]
[[ 728 1878]] , [[ 728 1887]]
[[ 976 1881]] , [[ 976 1886]]
[[ 997 1894]] , [[ 997 1900]]
[[ 531 1882]] , [[ 530 1883]]
[[ 768 1875]] , [[ 768 1879]]
[[ 848 1612]] , [[ 848 1616]]
[[ 954 1876]] , [[ 954 1881]]
[[ 494 1000]] , [[ 494 1013]]
[[ 494 1000]] , [[ 494 1013]]
[[ 486 1021]] , [[ 485 1022]]
[[ 486 1021]] , [[ 485 1022]]
[[ 810 1611]] , [[ 810 1615]]
[[ 846 1614]] , [[ 846 1615]]
[[ 714 1878]] , [[ 713 1879]]
[[ 970 1890]] , [[ 970 1895]]
[[ 578 1618]] , [[ 578 1623]]
[[ 344 1886]] , [[ 344 1887]]
[[ 981 1881]] , [[ 980 1882]]
[[ 578 1618]] , [[ 578 1623]]
[[ 578 1618]] , [[ 578 1623]]
[[ 755 1616]] , [[ 755 1621]]
[[ 496 1022]] , [[ 496 1035]]
[[ 578 1618]] , [[ 578 1623]]
[[832 988]] , [[832 993]]
[[ 774 1614]] , [[ 774 1619]]
[[ 950 1880]] , [[ 950 1884]]
[[ 950 1880]] , [[ 950 1885]]
[[836 958]] , [[836 977]]
[[ 952 1876]] , [[ 952 1881]]
[[ 470 1032]] , [[ 470 1039]]
[[ 480 1034]] , [[ 480 1039]]
[[ 686 1012]] , [[ 686 1015]]
[[ 686 1008]] , [[ 686 1011]]
[[ 472 1030]] , [[ 472 1031]]
[[ 670 1880]] , [[ 670 1886]]
[[ 808 1611]] , [[ 808 1615]]
[[  84 1896]] , [[  83 1897]]
[[ 593 1883]] , [[ 593 1887]]
[[ 648 1890]] , [[ 648 1894]]
[[ 498 1881]] , [[ 498 1886]]
[[ 871 1876]] , [[ 870 1877]]
[[ 869 1876]] , [[ 869 1880]]
[[ 640 1876]] , [[ 640 1881]]
[[ 834 1612]] , [[ 834 1617]]
[[ 146 1894]] , [[ 146 1899]]
[[ 833 1873]] , [[ 832 1874]]
[[ 596 1881]] , [[ 596 1885]]
[[ 710 1879]] , [[ 710 1883]]
[[ 952 1876]] , [[ 952 1887]]
[[ 672 1881]] , [[ 672 1885]]
[[ 494 1898]] , [[ 494 1903]]
[[ 578 1880]] , [[ 578 1887]]
[[ 592 1881]] , [[ 592 1885]]
[[ 878 1880]] , [[ 878 1887]]
[[ 475 1883]] , [[ 474 1884]]
[[ 348 1889]] , [[ 347 1890]]
[[ 762 1616]] , [[ 762 1620]]
[[ 856 1874]] , [[ 856 1875]]
[[ 506 1883]] , [[ 506 1887]]
[[ 835 1874]] , [[ 834 1875]]
[[ 876 1876]] , [[ 876 1880]]
[[ 602 1880]] , [[ 602 1885]]
[[ 602 1882]] , [[ 602 1886]]
[[ 552 1881]] , [[ 552 1885]]
[[ 226 1889]] , [[ 226 1897]]
[[ 352 1888]] , [[ 351 1889]]
[[ 208 1894]] , [[ 208 1903]]
[[ 318 1889]] , [[ 318 1894]]
[[ 436 1896]] , [[ 436 1901]]
[[1002 1890]] , [[1002 1895]]
[[ 478 1885]] , [[ 478 1889]]
[[ 455 1888]] , [[ 453 1890]]
[[ 490 1886]] , [[ 490 1890]]
[[ 752 1875]] , [[ 752 1882]]
[[ 312 1890]] , [[ 312 1894]]
[[ 579 1881]] , [[ 578 1882]]
[[ 968 1878]] , [[ 968 1879]]
[[ 976 1878]] , [[ 976 1879]]
[[ 218 1906]] , [[ 218 1911]]
[[ 816 1875]] , [[ 816 1879]]
[[ 634 1877]] , [[ 634 1881]]
[[ 528 1882]] , [[ 528 1887]]
[[ 649 1879]] , [[ 648 1880]]
[[ 495 1012]] , [[ 494 1013]]
[[ 630 1877]] , [[ 630 1881]]
[[ 862 1875]] , [[ 862 1879]]
[[ 806 1616]] , [[ 806 1621]]
[[ 674 1878]] , [[ 674 1883]]
[[ 560 1883]] , [[ 560 1887]]
[[ 806 1616]] , [[ 806 1621]]
[[ 328 1891]] , [[ 328 1895]]
[[ 740 1876]] , [[ 740 1880]]
[[ 732 1877]] , [[ 732 1882]]
[[ 858 1875]] , [[ 858 1879]]
[[ 950 1875]] , [[ 950 1879]]
[[ 560 1883]] , [[ 560 1887]]
[[ 950 1880]] , [[ 950 1886]]
[[ 779 1611]] , [[ 779 1615]]
[[ 670 1613]] , [[ 670 1617]]
[[ 886 1880]] , [[ 886 1887]]
[[ 974 1883]] , [[ 974 1887]]
[[ 528 1885]] , [[ 528 1889]]
[[ 541 1882]] , [[ 540 1883]]
[[ 535 1882]] , [[ 534 1883]]
[[ 806 1890]] , [[ 806 1895]]
[[ 709 1611]] , [[ 709 1615]]
[[ 792 1874]] , [[ 792 1878]]
[[ 730 1876]] , [[ 729 1877]]
[[ 758 1882]] , [[ 758 1887]]
[[ 975 1883]] , [[ 974 1884]]
[[1004 1892]] , [[1004 1897]]
[[ 721 1878]] , [[ 721 1882]]
[[ 750 1880]] , [[ 750 1887]]
[[ 838 1874]] , [[ 838 1879]]
[[ 578 1616]] , [[ 578 1621]]
[[ 574 1881]] , [[ 574 1885]]
[[ 574 1881]] , [[ 574 1885]]
[[ 682 1879]] , [[ 682 1887]]
[[ 570 1616]] , [[ 570 1620]]
[[ 736 1877]] , [[ 736 1881]]
[[ 630 1878]] , [[ 630 1883]]
[[ 630 1879]] , [[ 630 1883]]
[[ 622 1880]] , [[ 622 1887]]
[[ 687 1879]] , [[ 686 1880]]
[[ 723 1877]] , [[ 722 1878]]
[[ 856 1876]] , [[ 856 1881]]
[[ 990 1888]] , [[ 990 1895]]
[[ 999 1894]] , [[1000 1893]]
[[ 586 1882]] , [[ 586 1887]]
[[ 668 1879]] , [[ 668 1883]]
[[  50 1895]] , [[  48 1897]]
[[ 590 1882]] , [[ 590 1887]]
[[ 998 1889]] , [[ 998 1893]]
[[ 728 1888]] , [[ 728 1893]]
[[ 728 1888]] , [[ 728 1895]]
[[ 792 1882]] , [[ 792 1887]]
[[ 596 1883]] , [[ 596 1887]]
[[ 810 1876]] , [[ 810 1877]]
[[ 730 1880]] , [[ 730 1885]]
[[ 395 1880]] , [[ 394 1881]]
[[ 962 1881]] , [[ 962 1887]]
[[ 696 1888]] , [[ 696 1903]]
[[ 990 1883]] , [[ 990 1887]]
[[ 768 1874]] , [[ 768 1887]]
[[ 480 1882]] , [[ 480 1886]]
[[ 308 1036]] , [[ 308 1037]]
[[ 306 1030]] , [[ 306 1037]]
[[ 802 1611]] , [[ 802 1615]]
[[ 584 1882]] , [[ 583 1883]]
[[ 872 1875]] , [[ 872 1879]]
[[ 980 1882]] , [[ 980 1886]]
[[ 570 1882]] , [[ 570 1883]]
[[ 837 1874]] , [[ 836 1875]]
[[ 987 1881]] , [[ 986 1882]]
[[ 498 1018]] , [[ 498 1023]]
[[494 992]] , [[ 494 1007]]
[[494 967]] , [[493 968]]
[[ 496 1024]] , [[ 496 1031]]
[[ 480 1017]] , [[ 480 1031]]
[[ 981 1882]] , [[ 981 1886]]
[[ 452 1880]] , [[ 452 1885]]
[[ 704 1877]] , [[ 704 1883]]
[[ 398 1881]] , [[ 398 1886]]
[[ 604 1880]] , [[ 604 1884]]
[[ 398 1881]] , [[ 398 1885]]
[[ 992 1881]] , [[ 992 1886]]
[[ 756 1880]] , [[ 756 1885]]
[[ 606 1879]] , [[ 605 1880]]
[[ 605 1880]] , [[ 604 1881]]
[[ 692 1877]] , [[ 691 1878]]
[[ 452 1883]] , [[ 452 1887]]
[[ 988 1883]] , [[ 988 1887]]
[[ 448 1882]] , [[ 448 1887]]
[[1001 1885]] , [[1001 1889]]
[[ 425 1883]] , [[ 425 1887]]
[[ 852 1876]] , [[ 852 1880]]
[[ 304 1052]] , [[ 304 1057]]
[[ 760 1874]] , [[ 760 1879]]
[[ 846 1874]] , [[ 846 1878]]
[[ 762 1874]] , [[ 762 1879]]
[[ 616 1877]] , [[ 616 1881]]
[[ 616 1877]] , [[ 616 1881]]
[[ 610 1881]] , [[ 610 1885]]
[[ 826 1611]] , [[ 826 1615]]
[[ 610 1881]] , [[ 610 1885]]
[[ 993 1888]] , [[ 993 1889]]
[[ 331 1889]] , [[ 330 1890]]
[[ 574 1882]] , [[ 574 1887]]
[[ 615 1881]] , [[ 614 1882]]
[[ 997 1887]] , [[ 997 1891]]
[[ 599 1880]] , [[ 598 1881]]
[[ 708 1878]] , [[ 708 1882]]
[[ 700 1878]] , [[ 700 1882]]
[[ 754 1880]] , [[ 754 1885]]
[[ 580 1880]] , [[ 580 1885]]
[[ 822 1882]] , [[ 822 1886]]
[[ 730 1877]] , [[ 729 1878]]
[[ 658 1879]] , [[ 658 1883]]
[[ 672 1878]] , [[ 672 1883]]
[[1006 1892]] , [[1006 1897]]
[[ 221 1892]] , [[ 221 1897]]
[[ 593 1881]] , [[ 593 1885]]
[[ 570 1881]] , [[ 569 1882]]
[[ 737 1878]] , [[ 737 1881]]
[[ 424 1890]] , [[ 424 1897]]
[[1027 1834]] , [[1027 1838]]
[[1026 1836]] , [[1026 1840]]
[[1038 1853]] , [[1038 1857]]
[[1044 1866]] , [[1044 1870]]
[[1062 1896]] , [[1062 1900]]
[[1062 1895]] , [[1062 1899]]
[[1044 1862]] , [[1044 1869]]
[[1028 1832]] , [[1028 1837]]
[[1028 1832]] , [[1028 1837]]
[[1028 1832]] , [[1028 1837]]
[[1028 1832]] , [[1028 1833]]
[[1027 1834]] , [[1027 1838]]
[[1027 1834]] , [[1027 1838]]
[[ 540 1354]] , [[ 540 1355]]
[[ 544 1354]] , [[ 544 1355]]
[[ 757 1206]] , [[ 757 1207]]
[[ 542 1354]] , [[ 542 1355]]
[[ 756 1206]] , [[ 756 1207]]
[[ 212 1364]] , [[ 212 1370]]
[[ 540 1354]] , [[ 540 1355]]
[[ 540 1354]] , [[ 540 1355]]
[[ 540 1354]] , [[ 540 1355]]
[[ 540 1354]] , [[ 540 1355]]
[[1064 1814]] , [[1064 1819]]
[[1030 1826]] , [[1030 1831]]
[[ 778 1785]] , [[ 778 1789]]
[[ 778 1785]] , [[ 778 1789]]
[[ 776 1785]] , [[ 776 1789]]
[[ 776 1785]] , [[ 776 1789]]
[[1026 1826]] , [[1026 1831]]
[[1046 1864]] , [[1046 1869]]
[[1046 1864]] , [[1046 1869]]
[[1045 1862]] , [[1045 1866]]
[[ 546 1352]] , [[ 546 1353]]
[[1030 1828]] , [[1029 1829]]
[[1028 1828]] , [[1028 1833]]
[[1047 1870]] , [[1047 1871]]
[[ 542 1354]] , [[ 542 1355]]
[[1026 1826]] , [[1026 1831]]
[[1026 1826]] , [[1026 1831]]
[[1033 1842]] , [[1033 1846]]
[[ 232 1314]] , [[ 232 1325]]
[[ 958 1600]] , [[ 958 1605]]
[[ 211 1428]] , [[ 211 1434]]
[[1027 1831]] , [[1027 1835]]
[[1031 1838]] , [[1031 1843]]
[[1043 1862]] , [[1043 1866]]
[[1043 1862]] , [[1043 1866]]
[[1029 1834]] , [[1029 1839]]
[[ 226 1332]] , [[ 226 1339]]
[[ 542 1354]] , [[ 542 1355]]
[[ 542 1354]] , [[ 542 1355]]
[[ 542 1354]] , [[ 542 1355]]
[[ 544 1354]] , [[ 544 1355]]
[[ 546 1354]] , [[ 546 1355]]
[[ 225 1328]] , [[ 225 1331]]
[[ 225 1328]] , [[ 225 1331]]
[[ 225 1328]] , [[ 225 1331]]
[[ 752 1206]] , [[ 752 1209]]
[[ 225 1330]] , [[ 225 1341]]
[[ 540 1354]] , [[ 540 1355]]
[[ 544 1354]] , [[ 544 1355]]
[[ 544 1354]] , [[ 544 1355]]
[[ 544 1354]] , [[ 544 1355]]
[[ 540 1354]] , [[ 540 1355]]
[[ 542 1354]] , [[ 542 1355]]
[[ 540 1354]] , [[ 540 1355]]
[[ 540 1354]] , [[ 540 1355]]
[[ 540 1354]] , [[ 540 1355]]
[[ 542 1354]] , [[ 542 1355]]
[[1032 1830]] , [[1032 1835]]
[[ 542 1354]] , [[ 542 1355]]
[[ 538 1354]] , [[ 538 1355]]
[[ 538 1354]] , [[ 538 1355]]
[[ 538 1354]] , [[ 538 1355]]
[[ 232 1326]] , [[ 232 1333]]
[[ 538 1354]] , [[ 538 1355]]
[[ 212 1343]] , [[ 212 1347]]
[[ 211 1328]] , [[ 211 1331]]
[[ 536 1354]] , [[ 536 1355]]
[[1033 1831]] , [[1033 1835]]
[[1033 1831]] , [[1033 1835]]
[[1032 1831]] , [[1032 1833]]
[[ 735 1296]] , [[ 735 1297]]
[[ 536 1354]] , [[ 536 1355]]
[[ 536 1354]] , [[ 536 1355]]
[[ 737 1342]] , [[ 737 1343]]
[[ 530 1356]] , [[ 530 1369]]
[[ 528 1356]] , [[ 528 1357]]
[[ 526 1356]] , [[ 526 1357]]
[[ 202 1312]] , [[ 202 1327]]
[[ 202 1312]] , [[ 202 1327]]
[[ 388 1330]] , [[ 388 1343]]
[[ 388 1337]] , [[ 387 1338]]
[[ 526 1358]] , [[ 526 1359]]
[[ 226 1332]] , [[ 226 1337]]
[[ 202 1316]] , [[ 202 1323]]
[[ 528 1362]] , [[ 528 1363]]
[[ 528 1362]] , [[ 528 1363]]
[[ 730 1342]] , [[ 729 1343]]
[[ 760 1360]] , [[ 760 1377]]
[[ 209 1334]] , [[ 209 1343]]
[[ 733 1301]] , [[ 732 1302]]
[[ 735 1257]] , [[ 735 1261]]
[[ 731 1261]] , [[ 731 1265]]
[[ 178 1774]] , [[ 178 1775]]
[[ 177 1776]] , [[ 177 1781]]
[[ 572 1254]] , [[ 572 1255]]
[[ 570 1254]] , [[ 570 1255]]
[[ 217 1198]] , [[ 217 1199]]
[[ 562 1254]] , [[ 562 1257]]
[[ 562 1254]] , [[ 562 1255]]
[[ 550 1326]] , [[ 550 1347]]
[[ 215 1200]] , [[ 215 1201]]
[[ 368 1196]] , [[ 368 1197]]
[[ 556 1254]] , [[ 556 1255]]
[[ 210 1200]] , [[ 210 1205]]
[[ 552 1254]] , [[ 552 1263]]
[[ 552 1254]] , [[ 552 1255]]
[[ 550 1254]] , [[ 550 1259]]
[[ 362 1198]] , [[ 362 1203]]
[[ 544 1214]] , [[ 544 1215]]
[[ 376 1196]] , [[ 376 1197]]
[[ 360 1198]] , [[ 360 1203]]
[[ 360 1198]] , [[ 360 1202]]
[[ 224 1326]] , [[ 224 1343]]
[[ 224 1326]] , [[ 224 1343]]
[[ 542 1206]] , [[ 542 1207]]
[[1039 1854]] , [[1039 1858]]
[[1039 1854]] , [[1039 1858]]
[[1039 1854]] , [[1039 1858]]
[[1029 1830]] , [[1028 1831]]
[[1028 1830]] , [[1028 1833]]
[[1040 1856]] , [[1040 1860]]
[[ 776 1757]] , [[ 776 1761]]
[[1037 1852]] , [[1037 1856]]
[[1037 1852]] , [[1037 1856]]
[[1057 1826]] , [[1057 1830]]
[[1057 1826]] , [[1057 1830]]
[[ 362 1198]] , [[ 362 1213]]
[[1039 1855]] , [[1039 1859]]
[[ 744 1663]] , [[ 744 1667]]
[[ 552 1252]] , [[ 552 1253]]
[[ 204 1320]] , [[ 204 1325]]
[[ 204 1320]] , [[ 204 1325]]
[[ 558 1254]] , [[ 558 1255]]
[[1074 1814]] , [[1074 1815]]
[[1074 1816]] , [[1074 1820]]
[[1074 1816]] , [[1074 1820]]
[[ 568 1254]] , [[ 568 1255]]
[[ 225 1200]] , [[ 225 1201]]
[[ 238 1200]] , [[ 238 1201]]
[[ 238 1200]] , [[ 238 1201]]
[[ 574 1254]] , [[ 574 1255]]
[[ 954 1604]] , [[ 954 1608]]
[[ 240 1340]] , [[ 240 1345]]
[[ 240 1340]] , [[ 240 1345]]
[[ 226 1330]] , [[ 226 1337]]
[[ 240 1340]] , [[ 240 1345]]
[[ 770 1198]] , [[ 770 1203]]
[[ 584 1254]] , [[ 584 1255]]
[[ 582 1254]] , [[ 582 1263]]
[[ 739 1254]] , [[ 739 1255]]
[[ 582 1254]] , [[ 582 1265]]
[[ 582 1254]] , [[ 582 1265]]
[[ 226 1336]] , [[ 226 1341]]
[[ 224 1336]] , [[ 224 1343]]
[[ 214 1318]] , [[ 214 1325]]
[[ 214 1318]] , [[ 214 1325]]
[[ 739 1259]] , [[ 739 1263]]
[[ 739 1259]] , [[ 739 1263]]
[[ 580 1254]] , [[ 580 1257]]
[[ 739 1258]] , [[ 739 1263]]
[[ 739 1255]] , [[ 739 1263]]
[[ 624 1254]] , [[ 624 1255]]
[[ 772 1286]] , [[ 772 1295]]
[[ 745 1301]] , [[ 745 1303]]
[[ 224 1342]] , [[ 224 1347]]
[[ 538 1356]] , [[ 538 1357]]
[[ 215 1318]] , [[ 215 1323]]
[[ 224 1340]] , [[ 224 1345]]
[[ 226 1340]] , [[ 226 1345]]
[[ 226 1340]] , [[ 226 1345]]
[[ 226 1340]] , [[ 226 1345]]
[[ 754 1212]] , [[ 754 1213]]
[[ 222 1310]] , [[ 222 1323]]
[[ 754 1214]] , [[ 754 1215]]
[[ 220 1340]] , [[ 220 1345]]
[[ 219 1340]] , [[ 218 1341]]
[[ 538 1354]] , [[ 538 1359]]
[[ 226 1310]] , [[ 225 1311]]
[[ 226 1310]] , [[ 226 1317]]
[[ 224 1302]] , [[ 224 1309]]
[[ 226 1312]] , [[ 226 1327]]
[[ 226 1312]] , [[ 226 1325]]
[[ 229 1320]] , [[ 229 1325]]
[[ 538 1354]] , [[ 538 1355]]
[[ 228 1326]] , [[ 228 1335]]
[[ 228 1320]] , [[ 228 1324]]
[[1039 1856]] , [[1039 1860]]
[[1039 1855]] , [[1039 1860]]
[[1035 1848]] , [[1035 1852]]
[[1035 1848]] , [[1035 1853]]
[[1060 1822]] , [[1060 1826]]
[[1061 1822]] , [[1061 1826]]
[[ 232 1310]] , [[ 232 1317]]
[[ 750 1210]] , [[ 750 1211]]
[[ 232 1310]] , [[ 232 1319]]
[[ 554 1354]] , [[ 554 1355]]
[[ 244 1312]] , [[ 244 1317]]
[[ 243 1312]] , [[ 243 1318]]
[[ 243 1312]] , [[ 243 1317]]
[[ 215 1349]] , [[ 215 1358]]
[[ 216 1342]] , [[ 216 1346]]
[[ 540 1356]] , [[ 540 1357]]
[[ 216 1342]] , [[ 216 1346]]
[[ 217 1292]] , [[ 217 1293]]
[[ 217 1292]] , [[ 217 1293]]
[[ 223 1342]] , [[ 223 1347]]
[[ 218 1288]] , [[ 218 1291]]
[[1034 1832]] , [[1033 1833]]
[[1041 1858]] , [[1041 1862]]
[[1041 1858]] , [[1041 1862]]
[[ 958 1600]] , [[ 958 1611]]
[[ 956 1598]] , [[ 956 1605]]
[[ 958 1598]] , [[ 958 1610]]
[[ 958 1598]] , [[ 958 1610]]
[[ 958 1598]] , [[ 958 1610]]
[[1045 1872]] , [[1045 1876]]
[[ 958 1600]] , [[ 958 1605]]
[[ 960 1600]] , [[ 960 1605]]
[[ 221 1280]] , [[ 222 1279]]
[[ 218 1206]] , [[ 218 1215]]
[[ 268 1314]] , [[ 268 1319]]
[[ 218 1206]] , [[ 218 1215]]
[[ 958 1600]] , [[ 958 1607]]
[[ 958 1600]] , [[ 958 1607]]
[[ 960 1600]] , [[ 960 1605]]
[[ 783 1769]] , [[ 783 1773]]
[[ 783 1769]] , [[ 783 1773]]
[[ 783 1769]] , [[ 783 1773]]
[[ 783 1769]] , [[ 783 1773]]
[[ 783 1769]] , [[ 783 1773]]
[[ 276 1310]] , [[ 276 1317]]
[[ 276 1312]] , [[ 276 1317]]
[[ 530 1196]] , [[ 530 1197]]
[[ 278 1312]] , [[ 278 1317]]
[[ 530 1196]] , [[ 530 1197]]
[[ 530 1196]] , [[ 530 1197]]
[[ 530 1196]] , [[ 530 1197]]
[[1046 1872]] , [[1046 1876]]
[[1057 1827]] , [[1057 1831]]
[[1034 1849]] , [[1034 1853]]
[[1034 1849]] , [[1034 1853]]
[[1034 1849]] , [[1034 1853]]
[[1034 1848]] , [[1034 1853]]
[[1041 1832]] , [[1040 1833]]
[[ 960 1601]] , [[ 958 1603]]
[[ 782 1761]] , [[ 782 1765]]
[[ 959 1603]] , [[ 958 1604]]
[[1038 1855]] , [[1038 1859]]
[[ 262 1296]] , [[ 262 1301]]
[[ 766 1204]] , [[ 766 1205]]
[[ 262 1294]] , [[ 262 1299]]
[[ 262 1293]] , [[ 262 1299]]
[[ 262 1294]] , [[ 262 1299]]
[[ 532 1196]] , [[ 532 1197]]
[[ 376 1190]] , [[ 376 1191]]
[[ 376 1190]] , [[ 376 1191]]
[[ 376 1190]] , [[ 376 1191]]
[[ 532 1198]] , [[ 532 1199]]
[[1047 1876]] , [[1047 1880]]
[[1059 1895]] , [[1059 1899]]
[[1029 1842]] , [[1029 1846]]
[[1029 1842]] , [[1029 1846]]
[[1056 1830]] , [[1056 1834]]
[[1056 1830]] , [[1056 1834]]
[[1029 1842]] , [[1029 1846]]
[[1039 1864]] , [[1039 1868]]
[[1039 1864]] , [[1039 1868]]
[[1039 1864]] , [[1039 1868]]
[[1041 1864]] , [[1041 1868]]
[[1041 1864]] , [[1041 1868]]
[[1039 1858]] , [[1039 1862]]
[[1030 1840]] , [[1030 1847]]
[[1039 1859]] , [[1039 1863]]
[[1039 1859]] , [[1039 1863]]
[[1030 1836]] , [[1030 1843]]
[[1063 1898]] , [[1063 1902]]
[[ 946 1594]] , [[ 946 1599]]
[[1048 1863]] , [[1048 1867]]
[[1048 1856]] , [[1048 1860]]
[[1048 1854]] , [[1048 1859]]
[[1029 1818]] , [[1029 1825]]
[[1048 1854]] , [[1048 1858]]
[[ 205 1276]] , [[ 205 1277]]
[[1039 1838]] , [[1039 1846]]
[[ 781 1748]] , [[ 781 1752]]
[[1038 1843]] , [[1038 1847]]
[[ 526 1352]] , [[ 526 1355]]
[[1038 1843]] , [[1037 1844]]
[[1038 1843]] , [[1037 1844]]
[[ 526 1352]] , [[ 526 1353]]
[[ 526 1352]] , [[ 526 1353]]
[[ 526 1352]] , [[ 526 1353]]
[[ 526 1352]] , [[ 526 1353]]
[[1031 1828]] , [[1031 1833]]
[[1037 1844]] , [[1037 1847]]
[[1037 1844]] , [[1037 1847]]
[[ 214 1328]] , [[ 214 1333]]
[[ 224 1326]] , [[ 224 1327]]
[[1038 1844]] , [[1038 1848]]
[[1039 1845]] , [[1039 1849]]
[[1038 1844]] , [[1038 1848]]
[[1039 1845]] , [[1039 1849]]
[[ 214 1326]] , [[ 214 1327]]
[[ 658 1246]] , [[ 658 1247]]
[[1068 1808]] , [[1068 1812]]
[[1068 1808]] , [[1068 1812]]
[[ 211 1320]] , [[ 211 1325]]
[[1031 1829]] , [[1031 1833]]
[[1056 1875]] , [[1056 1879]]
[[1056 1875]] , [[1056 1879]]
[[1039 1844]] , [[1039 1848]]
[[ 534 1196]] , [[ 534 1197]]
[[ 746 1650]] , [[ 746 1654]]
[[ 746 1650]] , [[ 746 1654]]
[[ 528 1196]] , [[ 528 1197]]
[[ 203 1327]] , [[ 203 1331]]
[[ 768 1750]] , [[ 768 1754]]
[[ 768 1750]] , [[ 768 1754]]
[[ 213 1320]] , [[ 213 1325]]
[[ 213 1320]] , [[ 213 1325]]
[[ 213 1322]] , [[ 213 1323]]
[[ 747 1648]] , [[ 746 1649]]
[[ 746 1648]] , [[ 745 1649]]
[[ 746 1648]] , [[ 745 1649]]
[[ 744 1648]] , [[ 744 1652]]
[[ 746 1648]] , [[ 746 1654]]
[[ 516 1196]] , [[ 516 1197]]
[[ 518 1196]] , [[ 518 1197]]
[[ 177 1767]] , [[ 177 1774]]
[[1070 1808]] , [[1070 1812]]
[[ 222 1326]] , [[ 222 1327]]
[[ 222 1326]] , [[ 222 1327]]
[[1066 1810]] , [[1066 1813]]
[[ 787 1776]] , [[ 787 1781]]
[[1075 1810]] , [[1075 1814]]
[[1072 1810]] , [[1072 1814]]
[[1072 1810]] , [[1072 1814]]
[[1072 1810]] , [[1072 1814]]
[[1038 1848]] , [[1038 1852]]
[[1039 1848]] , [[1039 1852]]
[[ 224 1328]] , [[ 224 1333]]
[[ 182 1761]] , [[ 182 1765]]
[[1039 1848]] , [[1039 1852]]
[[1039 1848]] , [[1039 1852]]
[[ 264 1286]] , [[ 264 1289]]
[[ 264 1286]] , [[ 264 1289]]
[[ 264 1286]] , [[ 264 1289]]
[[ 518 1196]] , [[ 518 1197]]
[[ 518 1196]] , [[ 518 1197]]
[[ 766 1754]] , [[ 766 1758]]
[[ 264 1294]] , [[ 263 1295]]
[[ 264 1294]] , [[ 263 1295]]
[[1072 1810]] , [[1072 1811]]
[[1072 1810]] , [[1072 1811]]
[[1072 1810]] , [[1072 1816]]
[[1072 1810]] , [[1072 1816]]
[[1072 1810]] , [[1072 1816]]
[[1072 1810]] , [[1072 1816]]
[[1072 1810]] , [[1072 1811]]
[[1072 1810]] , [[1072 1811]]
[[1033 1838]] , [[1033 1842]]
[[1033 1838]] , [[1033 1842]]
[[1072 1810]] , [[1072 1816]]
[[1033 1838]] , [[1033 1842]]
[[ 224 1327]] , [[ 224 1331]]
[[ 224 1326]] , [[ 224 1327]]
[[1077 1812]] , [[1077 1816]]
[[1077 1812]] , [[1077 1816]]
[[ 362 1194]] , [[ 362 1195]]
[[ 238 1318]] , [[ 238 1324]]
[[ 526 1204]] , [[ 526 1205]]
[[ 241 1326]] , [[ 241 1327]]
[[ 243 1330]] , [[ 243 1331]]
[[ 524 1216]] , [[ 524 1217]]
[[1039 1844]] , [[1038 1845]]
[[1030 1850]] , [[1030 1854]]
[[ 532 1210]] , [[ 532 1211]]
[[ 378 1206]] , [[ 378 1207]]
[[ 530 1208]] , [[ 530 1209]]
[[ 544 1204]] , [[ 544 1205]]
[[ 544 1202]] , [[ 544 1203]]
[[1054 1826]] , [[1054 1831]]
[[ 374 1200]] , [[ 374 1201]]
[[1037 1828]] , [[1036 1829]]
[[1040 1828]] , [[1040 1833]]
[[1032 1840]] , [[1032 1847]]
[[1044 1828]] , [[1044 1832]]
[[1041 1828]] , [[1040 1829]]
[[1032 1840]] , [[1032 1845]]
[[1042 1828]] , [[1042 1832]]
[[1042 1828]] , [[1041 1829]]
[[1042 1828]] , [[1042 1832]]
[[ 226 1662]] , [[ 226 1663]]
[[ 532 1204]] , [[ 532 1205]]
[[ 376 1200]] , [[ 376 1201]]
[[ 376 1200]] , [[ 376 1201]]
[[ 376 1200]] , [[ 376 1201]]
[[ 374 1200]] , [[ 374 1201]]
[[ 374 1200]] , [[ 374 1201]]
[[ 550 1204]] , [[ 550 1209]]
[[ 556 1208]] , [[ 556 1209]]
[[ 227 1328]] , [[ 226 1329]]
[[ 222 1334]] , [[ 222 1341]]
[[ 226 1330]] , [[ 226 1333]]
[[ 588 1256]] , [[ 588 1257]]
[[ 226 1330]] , [[ 226 1333]]
[[ 232 1342]] , [[ 232 1347]]
[[1077 1814]] , [[1077 1818]]
[[ 742 1252]] , [[ 742 1253]]
[[1030 1838]] , [[1030 1843]]
[[1030 1838]] , [[1030 1842]]
[[1030 1838]] , [[1030 1842]]
[[ 542 1358]] , [[ 542 1359]]
[[1060 1892]] , [[1060 1896]]
[[1060 1892]] , [[1060 1896]]
[[1060 1892]] , [[1060 1896]]
[[ 540 1358]] , [[ 540 1359]]
[[1059 1892]] , [[1059 1896]]
[[ 540 1358]] , [[ 540 1359]]
[[ 540 1358]] , [[ 540 1359]]
[[ 540 1358]] , [[ 540 1359]]
[[ 540 1358]] , [[ 540 1359]]
[[ 540 1358]] , [[ 540 1359]]
[[ 540 1358]] , [[ 540 1359]]
[[ 540 1358]] , [[ 540 1359]]
[[ 955 1614]] , [[ 954 1615]]
[[ 219 1296]] , [[ 219 1300]]
[[ 542 1358]] , [[ 542 1359]]
[[ 544 1356]] , [[ 544 1357]]
[[ 220 1306]] , [[ 220 1311]]
[[ 542 1354]] , [[ 542 1355]]
[[ 542 1354]] , [[ 542 1355]]
[[ 542 1354]] , [[ 542 1355]]
[[ 955 1610]] , [[ 955 1615]]
[[ 540 1356]] , [[ 540 1357]]
[[ 542 1356]] , [[ 542 1357]]
[[ 542 1356]] , [[ 542 1357]]
[[ 540 1356]] , [[ 540 1357]]
[[ 956 1610]] , [[ 955 1611]]
[[ 960 1604]] , [[ 960 1607]]
[[ 955 1611]] , [[ 955 1615]]
[[ 955 1610]] , [[ 954 1611]]
[[ 544 1354]] , [[ 544 1355]]
[[ 954 1610]] , [[ 954 1615]]
[[ 542 1354]] , [[ 542 1355]]
[[ 954 1610]] , [[ 954 1615]]
[[ 542 1354]] , [[ 542 1355]]
[[ 544 1354]] , [[ 544 1355]]
[[ 540 1354]] , [[ 540 1357]]
[[ 749 1210]] , [[ 749 1211]]
[[ 749 1210]] , [[ 749 1211]]
[[ 749 1210]] , [[ 749 1211]]
[[ 749 1210]] , [[ 749 1211]]
[[ 749 1210]] , [[ 749 1211]]
[[ 749 1210]] , [[ 749 1211]]
[[ 552 1352]] , [[ 552 1353]]
[[ 552 1352]] , [[ 552 1353]]
[[ 548 1352]] , [[ 548 1353]]
[[ 548 1352]] , [[ 548 1353]]
[[ 955 1609]] , [[ 954 1610]]
[[ 548 1352]] , [[ 548 1353]]
[[1056 1825]] , [[1056 1829]]
[[1057 1824]] , [[1056 1825]]
[[1057 1824]] , [[1056 1825]]
[[1057 1887]] , [[1057 1891]]
[[1062 1895]] , [[1062 1899]]
[[ 540 1354]] , [[ 540 1357]]
[[1032 1831]] , [[1032 1833]]
[[ 790 1786]] , [[ 790 1791]]
[[1057 1900]] , [[1057 1905]]
[[ 790 1788]] , [[ 790 1793]]
[[ 790 1788]] , [[ 790 1793]]
[[ 544 1358]] , [[ 544 1359]]
[[1057 1894]] , [[1057 1895]]
[[ 750 1206]] , [[ 750 1207]]
[[ 546 1348]] , [[ 546 1349]]
[[1072 1810]] , [[1072 1814]]
[[ 790 1778]] , [[ 790 1783]]
[[ 750 1212]] , [[ 750 1213]]
[[ 538 1358]] , [[ 538 1359]]
[[ 225 1667]] , [[ 225 1672]]
[[ 746 1222]] , [[ 746 1223]]
[[ 746 1222]] , [[ 746 1223]]
[[ 743 1222]] , [[ 743 1223]]
[[ 733 1220]] , [[ 733 1221]]
[[ 736 1218]] , [[ 736 1219]]
[[ 739 1300]] , [[ 739 1301]]
[[ 735 1308]] , [[ 735 1309]]
[[ 760 1378]] , [[ 761 1377]]
[[ 580 1252]] , [[ 580 1253]]
[[ 758 1200]] , [[ 758 1203]]
[[ 552 1328]] , [[ 552 1343]]
[[ 562 1254]] , [[ 562 1255]]
[[1034 1844]] , [[1034 1849]]
[[ 641 1787]] , [[ 641 1791]]
[[1056 1883]] , [[1056 1887]]
[[1038 1832]] , [[1038 1833]]
[[ 364 1202]] , [[ 364 1203]]
[[ 368 1198]] , [[ 368 1199]]
[[ 518 1198]] , [[ 518 1201]]
[[ 518 1194]] , [[ 518 1195]]
[[1030 1820]] , [[1030 1825]]
[[1033 1822]] , [[1032 1823]]
[[1032 1821]] , [[1032 1825]]
[[1032 1823]] , [[1032 1827]]
[[1032 1823]] , [[1032 1827]]
[[1033 1825]] , [[1033 1829]]
[[1033 1824]] , [[1032 1825]]
[[1038 1842]] , [[1038 1847]]
[[1038 1842]] , [[1038 1847]]
[[1039 1844]] , [[1039 1848]]
[[1039 1845]] , [[1039 1849]]
[[ 524 1192]] , [[ 524 1193]]
[[1039 1845]] , [[1039 1849]]
[[ 524 1192]] , [[ 524 1193]]
[[ 524 1194]] , [[ 524 1195]]
[[1039 1844]] , [[1039 1848]]
[[1039 1845]] , [[1039 1849]]
[[ 522 1196]] , [[ 522 1197]]
[[ 634 1780]] , [[ 634 1784]]
[[ 524 1196]] , [[ 524 1197]]
[[1068 1810]] , [[1068 1811]]
[[ 520 1196]] , [[ 520 1197]]
[[ 368 1192]] , [[ 368 1195]]
[[ 520 1196]] , [[ 520 1197]]
[[1039 1842]] , [[1039 1847]]
[[ 746 1650]] , [[ 746 1654]]
[[1062 1810]] , [[1062 1815]]
[[ 530 1196]] , [[ 530 1197]]
[[ 232 1650]] , [[ 232 1654]]
[[ 530 1196]] , [[ 530 1197]]
[[ 178 1768]] , [[ 178 1772]]
[[ 380 1192]] , [[ 380 1195]]
[[ 376 1190]] , [[ 376 1193]]
[[ 548 1192]] , [[ 548 1193]]
[[  40 1570]] , [[  40 1575]]
[[ 528 1194]] , [[ 528 1233]]
[[ 558 1202]] , [[ 558 1207]]
[[ 380 1190]] , [[ 380 1191]]
[[ 580 1246]] , [[ 580 1247]]
[[ 390 1190]] , [[ 390 1191]]
[[1028 1824]] , [[1028 1829]]
[[ 772 1342]] , [[ 772 1359]]
[[ 544 1348]] , [[ 544 1349]]
[[ 378 1324]] , [[ 378 1329]]
[[1028 1826]] , [[1028 1831]]
[[ 742 1298]] , [[ 742 1302]]
[[ 241 1666]] , [[ 241 1671]]
[[ 749 1208]] , [[ 749 1211]]
[[ 540 1356]] , [[ 540 1359]]
[[ 540 1356]] , [[ 540 1359]]
[[ 662 1785]] , [[ 662 1789]]
[[ 240 1264]] , [[ 240 1271]]
[[ 544 1348]] , [[ 544 1349]]
[[ 544 1346]] , [[ 544 1347]]
[[ 544 1346]] , [[ 544 1347]]
[[ 749 1198]] , [[ 749 1199]]
[[ 218 1316]] , [[ 218 1347]]
[[ 216 1298]] , [[ 216 1311]]
[[ 750 1202]] , [[ 750 1203]]
[[ 752 1202]] , [[ 752 1203]]
[[1041 1828]] , [[1040 1829]]
[[1068 1816]] , [[1068 1820]]
[[1040 1854]] , [[1040 1859]]
[[ 718 1787]] , [[ 718 1791]]
[[1076 1814]] , [[1076 1818]]
[[ 240 1214]] , [[ 240 1223]]
[[ 217 1470]] , [[ 218 1469]]
[[ 257 1458]] , [[ 258 1457]]
[[ 257 1458]] , [[ 258 1457]]
[[ 311 1466]] , [[ 312 1465]]
[[ 311 1466]] , [[ 312 1465]]
[[ 311 1464]] , [[ 312 1463]]
[[1031 1836]] , [[1031 1841]]
[[ 258 1450]] , [[ 258 1455]]
[[ 214 1298]] , [[ 214 1323]]
[[1031 1837]] , [[1031 1841]]
[[1031 1837]] , [[1031 1841]]
[[ 259 1458]] , [[ 260 1457]]
