[[161 111]] , [[162 110]]
[[825 530]] , [[826 529]]
[[819 536]] , [[820 535]]
[[512 518]] , [[512 525]]
[[752 514]] , [[752 515]]
[[750 157]] , [[750 164]]
[[752 514]] , [[752 515]]
[[712 166]] , [[712 171]]
[[454 510]] , [[454 521]]
[[454 510]] , [[454 521]]
[[837 570]] , [[838 569]]
[[806 515]] , [[805 516]]
[[378 516]] , [[378 520]]
[[839 570]] , [[840 569]]
[[802 514]] , [[802 515]]
[[302 537]] , [[302 543]]
[[454 510]] , [[454 511]]
[[837 570]] , [[838 569]]
[[376 514]] , [[376 515]]
[[478 516]] , [[478 517]]
[[284 548]] , [[284 551]]
[[478 531]] , [[478 539]]
[[476 518]] , [[476 519]]
[[834 518]] , [[834 523]]
[[803 514]] , [[801 516]]
[[488 518]] , [[488 523]]
[[478 516]] , [[478 519]]
[[510 518]] , [[510 523]]
[[488 518]] , [[488 523]]
[[488 518]] , [[488 523]]
[[847 570]] , [[848 569]]
[[651 720]] , [[652 719]]
[[284 544]] , [[284 545]]
[[665 530]] , [[666 529]]
[[376 514]] , [[376 521]]
[[802 514]] , [[802 515]]
[[826 540]] , [[826 541]]
[[838 520]] , [[838 529]]
[[494 516]] , [[494 525]]
[[284 546]] , [[282 548]]
[[826 540]] , [[826 541]]
[[748 718]] , [[748 723]]
[[831 672]] , [[832 671]]
[[284 546]] , [[283 547]]
[[752 514]] , [[752 515]]
[[284 546]] , [[283 547]]
[[302 540]] , [[302 545]]
[[282 547]] , [[281 548]]
[[300 540]] , [[300 549]]
[[523 528]] , [[523 532]]
[[480 531]] , [[479 532]]
[[826 540]] , [[826 541]]
[[480 518]] , [[480 523]]
[[806 514]] , [[806 515]]
[[480 518]] , [[480 523]]
[[302 540]] , [[302 541]]
[[826 540]] , [[826 541]]
[[300 540]] , [[300 541]]
[[300 540]] , [[300 541]]
[[806 514]] , [[806 515]]
[[835 610]] , [[836 609]]
[[806 514]] , [[806 515]]
[[813 514]] , [[812 515]]
[[464 664]] , [[464 669]]
[[466 622]] , [[466 627]]
[[650 628]] , [[650 629]]
[[843 544]] , [[844 543]]
[[302 536]] , [[302 539]]
[[835 608]] , [[836 607]]
[[302 536]] , [[302 539]]
[[478 526]] , [[478 541]]
[[835 608]] , [[836 607]]
[[835 602]] , [[836 601]]
[[300 540]] , [[300 541]]
[[836 518]] , [[836 523]]
[[472 520]] , [[472 527]]
[[836 519]] , [[836 523]]
[[282 548]] , [[281 549]]
[[472 520]] , [[472 527]]
[[472 520]] , [[472 527]]
[[376 516]] , [[376 522]]
[[478 522]] , [[478 525]]
[[304 538]] , [[304 539]]
[[484 771]] , [[484 775]]
[[841 648]] , [[842 647]]
[[466 622]] , [[466 627]]
[[650 624]] , [[650 631]]
[[466 622]] , [[466 627]]
[[475 534]] , [[475 535]]
[[522 528]] , [[522 533]]
[[821 542]] , [[821 546]]
[[304 538]] , [[304 539]]
[[304 539]] , [[303 540]]
[[304 539]] , [[303 540]]
[[474 520]] , [[474 527]]
[[474 534]] , [[474 535]]
[[832 517]] , [[832 521]]
[[750 514]] , [[750 515]]
[[752 161]] , [[752 165]]
[[474 518]] , [[474 519]]
[[474 518]] , [[474 522]]
[[752 514]] , [[752 515]]
[[654 633]] , [[653 634]]
[[286 561]] , [[286 565]]
[[836 520]] , [[836 525]]
[[462 664]] , [[462 673]]
[[296 552]] , [[296 558]]
[[304 538]] , [[304 539]]
[[836 775]] , [[837 774]]
[[522 528]] , [[522 533]]
[[848 550]] , [[848 551]]
[[614 258]] , [[614 262]]
[[486 514]] , [[486 515]]
[[518 520]] , [[518 525]]
[[781 514]] , [[779 516]]
[[282 548]] , [[282 549]]
[[730 130]] , [[730 134]]
[[486 514]] , [[486 515]]
[[841 570]] , [[842 569]]
[[518 520]] , [[518 525]]
[[841 570]] , [[842 569]]
[[848 603]] , [[847 604]]
[[486 514]] , [[486 515]]
[[768 708]] , [[768 709]]
[[378 514]] , [[378 515]]
[[486 514]] , [[486 515]]
[[486 514]] , [[486 515]]
[[486 514]] , [[486 515]]
[[758 514]] , [[758 515]]
[[803 532]] , [[804 531]]
[[475 533]] , [[473 535]]
[[841 570]] , [[842 569]]
[[471 545]] , [[472 544]]
[[758 514]] , [[758 515]]
[[472 540]] , [[472 543]]
[[762 710]] , [[762 711]]
[[724 275]] , [[724 279]]
[[486 514]] , [[486 515]]
[[786 513]] , [[785 514]]
[[830 534]] , [[830 541]]
[[786 513]] , [[785 514]]
[[377 514]] , [[377 515]]
[[478 514]] , [[478 521]]
[[450 532]] , [[450 537]]
[[758 514]] , [[758 515]]
[[832 696]] , [[832 697]]
[[826 534]] , [[826 539]]
[[378 516]] , [[378 517]]
[[304 535]] , [[303 536]]
[[ 683 1009]] , [[ 682 1010]]
[[838 672]] , [[838 681]]
[[838 940]] , [[838 943]]
[[297 692]] , [[296 693]]
[[297 692]] , [[296 693]]
[[838 622]] , [[838 623]]
[[486 782]] , [[486 789]]
[[650 630]] , [[650 637]]
[[742 719]] , [[742 723]]
[[656 616]] , [[656 621]]
[[483 750]] , [[483 754]]
[[836 624]] , [[836 625]]
[[320 744]] , [[320 745]]
[[650 630]] , [[650 634]]
[[486 776]] , [[486 783]]
[[834 772]] , [[834 779]]
[[486 776]] , [[486 783]]
[[654 780]] , [[654 827]]
[[294 710]] , [[293 711]]
[[294 702]] , [[294 707]]
[[654 780]] , [[654 825]]
[[468 650]] , [[466 652]]
[[658 780]] , [[658 781]]
[[838 778]] , [[838 781]]
[[290 686]] , [[290 691]]
[[290 686]] , [[290 691]]
[[468 768]] , [[468 785]]
[[326 740]] , [[326 741]]
[[326 740]] , [[326 741]]
[[290 726]] , [[290 733]]
[[836 778]] , [[836 783]]
[[296 684]] , [[296 685]]
[[654 760]] , [[654 771]]
[[466 624]] , [[466 633]]
[[670 718]] , [[670 723]]
[[294 670]] , [[294 671]]
[[654 760]] , [[654 767]]
[[654 626]] , [[654 627]]
[[674 924]] , [[674 925]]
[[842 618]] , [[842 619]]
[[468 772]] , [[468 775]]
[[470 798]] , [[470 805]]
[[484 768]] , [[484 772]]
[[484 768]] , [[484 772]]
[[327 740]] , [[325 742]]
[[290 590]] , [[290 599]]
[[846 562]] , [[846 563]]
[[654 623]] , [[654 625]]
[[654 628]] , [[654 629]]
[[836 564]] , [[836 569]]
[[296 692]] , [[296 699]]
[[306 748]] , [[306 751]]
[[650 634]] , [[650 635]]
[[837 564]] , [[836 565]]
[[836 564]] , [[836 569]]
[[310 534]] , [[310 537]]
[[650 634]] , [[650 635]]
[[837 564]] , [[836 565]]
[[296 690]] , [[296 695]]
[[502 514]] , [[502 515]]
[[287 545]] , [[286 546]]
[[758 514]] , [[758 515]]
[[665 530]] , [[666 529]]
[[446 512]] , [[446 517]]
[[454 512]] , [[454 518]]
[[378 516]] , [[378 520]]
[[826 542]] , [[826 547]]
[[302 540]] , [[302 551]]
[[504 520]] , [[504 525]]
[[750 719]] , [[750 723]]
[[470 536]] , [[470 541]]
[[828 518]] , [[828 527]]
[[828 518]] , [[828 527]]
[[462 822]] , [[462 831]]
[[648 638]] , [[648 657]]
[[300 540]] , [[300 541]]
[[832 772]] , [[832 811]]
[[842 822]] , [[842 829]]
[[474 514]] , [[474 529]]
[[318 530]] , [[318 535]]
[[834 534]] , [[834 539]]
[[474 586]] , [[474 591]]
[[469 542]] , [[469 543]]
[[282 546]] , [[282 548]]
[[469 542]] , [[467 544]]
[[282 546]] , [[282 548]]
[[464 812]] , [[464 817]]
[[464 799]] , [[464 827]]
[[470 542]] , [[470 543]]
[[464 634]] , [[464 639]]
[[464 638]] , [[464 639]]
[[656 776]] , [[656 781]]
[[298 540]] , [[298 543]]
[[464 638]] , [[464 639]]
[[502 518]] , [[502 523]]
[[838 534]] , [[838 541]]
[[824 540]] , [[824 546]]
[[838 536]] , [[838 541]]
[[502 518]] , [[502 523]]
[[773 877]] , [[774 876]]
[[828 516]] , [[828 523]]
[[828 516]] , [[828 523]]
[[374 515]] , [[373 516]]
[[374 515]] , [[373 516]]
[[374 515]] , [[373 516]]
[[835 594]] , [[836 593]]
[[828 516]] , [[828 523]]
[[792 512]] , [[792 513]]
[[792 512]] , [[792 513]]
[[336 526]] , [[336 527]]
[[714 274]] , [[714 279]]
[[474 516]] , [[474 524]]
[[374 516]] , [[374 523]]
[[841 964]] , [[842 963]]
[[838 526]] , [[838 527]]
[[646 626]] , [[646 635]]
[[830 516]] , [[830 517]]
[[830 516]] , [[830 517]]
[[502 518]] , [[502 523]]
[[652 784]] , [[652 791]]
[[470 539]] , [[470 541]]
[[320 528]] , [[320 535]]
[[374 516]] , [[374 523]]
[[502 518]] , [[502 523]]
[[472 516]] , [[472 529]]
[[472 516]] , [[472 523]]
[[470 532]] , [[470 533]]
[[298 536]] , [[298 538]]
[[373 516]] , [[373 517]]
[[494 514]] , [[494 521]]
[[494 514]] , [[494 521]]
[[819 530]] , [[820 529]]
[[817 530]] , [[818 529]]
[[478 514]] , [[478 515]]
[[792 512]] , [[792 513]]
[[374 516]] , [[374 517]]
[[792 512]] , [[792 513]]
[[649 626]] , [[648 627]]
[[298 538]] , [[298 546]]
[[815 538]] , [[816 537]]
[[825 538]] , [[826 537]]
[[815 538]] , [[816 537]]
[[825 538]] , [[826 537]]
[[470 532]] , [[470 533]]
[[752 512]] , [[752 513]]
[[298 538]] , [[298 546]]
[[646 632]] , [[646 633]]
[[646 632]] , [[646 633]]
[[448 526]] , [[448 530]]
[[469 700]] , [[470 699]]
[[648 630]] , [[648 631]]
[[646 618]] , [[646 623]]
[[466 660]] , [[466 667]]
[[752 512]] , [[752 513]]
[[656 258]] , [[656 262]]
[[474 514]] , [[474 518]]
[[300 540]] , [[300 541]]
[[646 636]] , [[646 637]]
[[646 622]] , [[646 627]]
[[473 514]] , [[473 515]]
[[801 524]] , [[802 523]]
[[800 512]] , [[800 513]]
[[377 513]] , [[376 514]]
[[312 528]] , [[312 533]]
[[810 513]] , [[809 514]]
[[484 852]] , [[484 859]]
[[840 540]] , [[840 541]]
[[314 528]] , [[314 533]]
[[805 524]] , [[806 523]]
[[652 634]] , [[652 635]]
[[838 518]] , [[838 537]]
[[656 776]] , [[656 781]]
[[288 544]] , [[288 545]]
[[296 705]] , [[296 709]]
[[842 540]] , [[842 541]]
[[470 628]] , [[470 635]]
[[838 519]] , [[838 537]]
[[480 536]] , [[480 537]]
[[306 540]] , [[306 549]]
[[294 686]] , [[294 691]]
[[471 628]] , [[470 629]]
[[480 536]] , [[480 537]]
[[512 518]] , [[512 523]]
[[306 540]] , [[306 549]]
[[512 518]] , [[512 522]]
[[470 642]] , [[470 645]]
[[482 528]] , [[482 531]]
[[482 528]] , [[482 531]]
[[656 630]] , [[656 637]]
[[662 698]] , [[663 697]]
[[288 560]] , [[288 565]]
[[828 544]] , [[828 549]]
[[482 528]] , [[482 531]]
[[850 545]] , [[850 553]]
[[1032  530]] , [[1032  534]]
[[512 516]] , [[512 517]]
[[480 526]] , [[480 533]]
[[840 675]] , [[841 674]]
[[466 688]] , [[466 711]]
[[472 640]] , [[472 647]]
[[652 682]] , [[652 715]]
[[764 514]] , [[764 515]]
[[796 514]] , [[796 523]]
[[844 532]] , [[844 535]]
[[787 514]] , [[786 515]]
[[798 514]] , [[798 515]]
[[475 514]] , [[475 519]]
[[380 514]] , [[380 520]]
[[379 514]] , [[379 518]]
[[675 534]] , [[676 533]]
[[752 159]] , [[752 163]]
[[752 159]] , [[752 163]]
[[803 524]] , [[804 523]]
[[480 512]] , [[480 513]]
[[817 522]] , [[818 521]]
[[842 559]] , [[841 560]]
[[296 672]] , [[296 679]]
[[478 696]] , [[478 705]]
[[817 722]] , [[818 721]]
[[827 720]] , [[828 719]]
[[294 686]] , [[294 693]]
[[468 636]] , [[468 639]]
[[294 686]] , [[294 691]]
[[294 702]] , [[294 711]]
[[294 702]] , [[294 713]]
[[650 628]] , [[650 637]]
[[650 628]] , [[650 637]]
[[286 722]] , [[286 727]]
[[470 810]] , [[470 817]]
[[488 768]] , [[488 781]]
[[840 776]] , [[840 777]]
[[840 776]] , [[840 777]]
[[836 790]] , [[836 791]]
[[656 766]] , [[656 769]]
[[468 634]] , [[468 645]]
[[469 634]] , [[469 637]]
[[835 858]] , [[836 857]]
[[323 742]] , [[321 744]]
[[839 850]] , [[840 849]]
[[294 692]] , [[294 693]]
[[ 843 1010]] , [[ 844 1009]]
[[470 810]] , [[470 813]]
[[471 865]] , [[471 869]]
[[488 770]] , [[488 781]]
[[330 896]] , [[330 901]]
[[843 834]] , [[844 833]]
[[471 865]] , [[471 869]]
[[475 896]] , [[474 897]]
[[840 776]] , [[840 781]]
[[838 784]] , [[838 789]]
[[840 776]] , [[840 779]]
[[318 742]] , [[318 743]]
[[840 776]] , [[840 779]]
[[488 772]] , [[488 781]]
[[840 772]] , [[840 773]]
[[658 770]] , [[658 771]]
[[330 896]] , [[330 901]]
[[294 702]] , [[294 707]]
[[314 742]] , [[314 745]]
[[318 742]] , [[318 743]]
[[294 696]] , [[294 697]]
[[292 584]] , [[292 591]]
[[318 742]] , [[318 743]]
[[470 626]] , [[470 628]]
[[294 702]] , [[294 703]]
[[294 678]] , [[294 686]]
[[656 760]] , [[656 761]]
[[292 584]] , [[292 591]]
[[654 760]] , [[654 781]]
[[840 780]] , [[840 781]]
[[836 780]] , [[836 781]]
[[762 713]] , [[761 714]]
[[762 714]] , [[761 715]]
[[843 700]] , [[844 699]]
[[842 780]] , [[842 781]]
[[658 760]] , [[658 765]]
[[313 746]] , [[312 747]]
[[656 754]] , [[656 757]]
[[660 814]] , [[660 815]]
[[286 548]] , [[286 565]]
[[842 542]] , [[842 547]]
[[834 768]] , [[834 777]]
[[352 746]] , [[352 747]]
[[835 706]] , [[836 705]]
[[837 834]] , [[838 833]]
[[835 706]] , [[836 705]]
[[654 762]] , [[654 769]]
[[835 706]] , [[836 705]]
[[654 756]] , [[654 761]]
[[334 742]] , [[334 743]]
[[650 654]] , [[650 671]]
[[286 548]] , [[286 551]]
[[835 706]] , [[836 705]]
[[652 602]] , [[652 609]]
[[654 760]] , [[654 765]]
[[652 600]] , [[652 606]]
[[848 646]] , [[848 647]]
[[650 638]] , [[650 649]]
[[652 600]] , [[652 606]]
[[380 728]] , [[380 729]]
[[842 782]] , [[842 789]]
[[504 740]] , [[503 741]]
[[828 718]] , [[828 719]]
[[370 726]] , [[370 731]]
[[288 886]] , [[288 897]]
[[802 870]] , [[802 875]]
[[326 742]] , [[326 743]]
[[824 712]] , [[824 713]]
[[320 878]] , [[320 887]]
[[370 732]] , [[370 735]]
[[724 879]] , [[723 880]]
[[798 868]] , [[798 873]]
[[794 880]] , [[794 881]]
[[316 744]] , [[316 745]]
[[762 876]] , [[762 877]]
[[312 747]] , [[312 748]]
[[688 874]] , [[688 877]]
[[688 520]] , [[688 525]]
[[370 744]] , [[370 749]]
[[816 712]] , [[816 713]]
[[370 736]] , [[370 740]]
[[764 716]] , [[764 717]]
[[522 738]] , [[522 739]]
[[840 600]] , [[840 607]]
[[768 716]] , [[768 721]]
[[742 716]] , [[742 721]]
[[473 734]] , [[473 735]]
[[291 576]] , [[290 577]]
[[502 734]] , [[502 739]]
[[650 590]] , [[650 601]]
[[650 590]] , [[650 620]]
[[834 680]] , [[834 687]]
[[648 694]] , [[648 709]]
[[650 590]] , [[650 595]]
[[834 740]] , [[834 749]]
[[836 672]] , [[836 677]]
[[652 670]] , [[652 671]]
[[835 762]] , [[835 765]]
[[476 740]] , [[476 745]]
[[794 716]] , [[794 721]]
[[834 820]] , [[834 833]]
[[662 716]] , [[662 721]]
[[830 814]] , [[830 841]]
[[319 746]] , [[317 748]]
[[316 748]] , [[316 755]]
[[464 744]] , [[464 753]]
[[650 746]] , [[650 751]]
[[822 716]] , [[822 717]]
[[318 746]] , [[318 747]]
[[644 706]] , [[644 713]]
[[664 850]] , [[664 853]]
[[833 870]] , [[833 871]]
[[662 860]] , [[662 867]]
[[808 706]] , [[808 711]]
[[460 600]] , [[460 607]]
[[788 510]] , [[788 511]]
[[640 516]] , [[640 517]]
[[282 554]] , [[282 561]]
[[646 710]] , [[646 715]]
[[680 518]] , [[680 523]]
[[648 606]] , [[648 607]]
[[829 860]] , [[830 859]]
[[680 517]] , [[679 518]]
[[683 517]] , [[682 518]]
[[642 564]] , [[642 579]]
[[648 648]] , [[648 655]]
[[830 688]] , [[830 697]]
[[811 716]] , [[812 715]]
[[752 512]] , [[752 513]]
[[825 528]] , [[826 527]]
[[377 513]] , [[376 514]]
[[819 540]] , [[819 544]]
[[672 542]] , [[672 547]]
[[646 632]] , [[646 637]]
[[304 542]] , [[304 549]]
[[475 544]] , [[476 543]]
[[470 534]] , [[470 539]]
[[466 622]] , [[466 631]]
[[646 632]] , [[646 637]]
[[304 544]] , [[304 551]]
[[648 622]] , [[648 627]]
[[836 538]] , [[836 539]]
[[284 632]] , [[284 639]]
[[825 530]] , [[826 529]]
[[819 536]] , [[820 535]]
[[512 518]] , [[512 525]]
[[752 514]] , [[752 515]]
[[750 157]] , [[750 164]]
[[752 514]] , [[752 515]]
[[712 166]] , [[712 171]]
[[454 510]] , [[454 521]]
[[454 510]] , [[454 521]]
[[837 570]] , [[838 569]]
[[806 515]] , [[805 516]]
[[378 516]] , [[378 520]]
[[839 570]] , [[840 569]]
[[802 514]] , [[802 515]]
[[302 537]] , [[302 543]]
[[454 510]] , [[454 511]]
[[837 570]] , [[838 569]]
[[376 514]] , [[376 515]]
[[478 516]] , [[478 517]]
[[284 548]] , [[284 551]]
[[478 531]] , [[478 539]]
[[476 518]] , [[476 519]]
[[834 518]] , [[834 523]]
[[803 514]] , [[801 516]]
[[488 518]] , [[488 523]]
[[478 516]] , [[478 519]]
[[510 518]] , [[510 523]]
[[488 518]] , [[488 523]]
[[488 518]] , [[488 523]]
[[847 570]] , [[848 569]]
[[651 720]] , [[652 719]]
[[284 544]] , [[284 545]]
[[665 530]] , [[666 529]]
[[376 514]] , [[376 521]]
[[802 514]] , [[802 515]]
[[826 540]] , [[826 541]]
[[838 520]] , [[838 529]]
[[494 516]] , [[494 525]]
[[284 546]] , [[282 548]]
[[826 540]] , [[826 541]]
[[748 718]] , [[748 723]]
[[831 672]] , [[832 671]]
[[284 546]] , [[283 547]]
[[752 514]] , [[752 515]]
[[284 546]] , [[283 547]]
[[302 540]] , [[302 545]]
[[282 547]] , [[281 548]]
[[300 540]] , [[300 549]]
[[523 528]] , [[523 532]]
[[480 531]] , [[479 532]]
[[826 540]] , [[826 541]]
[[480 518]] , [[480 523]]
[[806 514]] , [[806 515]]
[[480 518]] , [[480 523]]
[[302 540]] , [[302 541]]
[[826 540]] , [[826 541]]
[[300 540]] , [[300 541]]
[[300 540]] , [[300 541]]
[[806 514]] , [[806 515]]
[[835 610]] , [[836 609]]
[[806 514]] , [[806 515]]
[[813 514]] , [[812 515]]
[[464 664]] , [[464 669]]
[[466 622]] , [[466 627]]
[[650 628]] , [[650 629]]
[[843 544]] , [[844 543]]
[[302 536]] , [[302 539]]
[[835 608]] , [[836 607]]
[[302 536]] , [[302 539]]
[[478 526]] , [[478 541]]
[[835 608]] , [[836 607]]
[[835 602]] , [[836 601]]
[[300 540]] , [[300 541]]
[[836 518]] , [[836 523]]
[[472 520]] , [[472 527]]
[[836 519]] , [[836 523]]
[[282 548]] , [[281 549]]
[[472 520]] , [[472 527]]
[[472 520]] , [[472 527]]
[[376 516]] , [[376 522]]
[[478 522]] , [[478 525]]
[[304 538]] , [[304 539]]
[[484 771]] , [[484 775]]
[[841 648]] , [[842 647]]
[[466 622]] , [[466 627]]
[[650 624]] , [[650 631]]
[[466 622]] , [[466 627]]
[[475 534]] , [[475 535]]
[[522 528]] , [[522 533]]
[[821 542]] , [[821 546]]
[[304 538]] , [[304 539]]
[[304 539]] , [[303 540]]
[[304 539]] , [[303 540]]
[[474 520]] , [[474 527]]
[[474 534]] , [[474 535]]
[[832 517]] , [[832 521]]
[[750 514]] , [[750 515]]
[[752 161]] , [[752 165]]
[[474 518]] , [[474 519]]
[[474 518]] , [[474 522]]
[[752 514]] , [[752 515]]
[[654 633]] , [[653 634]]
[[286 561]] , [[286 565]]
[[836 520]] , [[836 525]]
[[462 664]] , [[462 673]]
[[296 552]] , [[296 558]]
[[304 538]] , [[304 539]]
[[836 775]] , [[837 774]]
[[522 528]] , [[522 533]]
[[848 550]] , [[848 551]]
[[614 258]] , [[614 262]]
[[486 514]] , [[486 515]]
[[518 520]] , [[518 525]]
[[781 514]] , [[779 516]]
[[282 548]] , [[282 549]]
[[730 130]] , [[730 134]]
[[486 514]] , [[486 515]]
[[841 570]] , [[842 569]]
[[518 520]] , [[518 525]]
[[841 570]] , [[842 569]]
[[848 603]] , [[847 604]]
[[486 514]] , [[486 515]]
[[768 708]] , [[768 709]]
[[378 514]] , [[378 515]]
[[486 514]] , [[486 515]]
[[486 514]] , [[486 515]]
[[486 514]] , [[486 515]]
[[758 514]] , [[758 515]]
[[803 532]] , [[804 531]]
[[475 533]] , [[473 535]]
[[841 570]] , [[842 569]]
[[471 545]] , [[472 544]]
[[758 514]] , [[758 515]]
[[472 540]] , [[472 543]]
[[762 710]] , [[762 711]]
[[724 275]] , [[724 279]]
[[486 514]] , [[486 515]]
[[786 513]] , [[785 514]]
[[830 534]] , [[830 541]]
[[786 513]] , [[785 514]]
[[377 514]] , [[377 515]]
[[478 514]] , [[478 521]]
[[450 532]] , [[450 537]]
[[758 514]] , [[758 515]]
[[832 696]] , [[832 697]]
[[826 534]] , [[826 539]]
[[378 516]] , [[378 517]]
[[304 535]] , [[303 536]]
[[ 683 1009]] , [[ 682 1010]]
[[838 672]] , [[838 681]]
[[838 940]] , [[838 943]]
[[297 692]] , [[296 693]]
[[297 692]] , [[296 693]]
[[838 622]] , [[838 623]]
[[486 782]] , [[486 789]]
[[650 630]] , [[650 637]]
[[742 719]] , [[742 723]]
[[656 616]] , [[656 621]]
[[483 750]] , [[483 754]]
[[836 624]] , [[836 625]]
[[320 744]] , [[320 745]]
[[650 630]] , [[650 634]]
[[486 776]] , [[486 783]]
[[834 772]] , [[834 779]]
[[486 776]] , [[486 783]]
[[654 780]] , [[654 827]]
[[294 710]] , [[293 711]]
[[294 702]] , [[294 707]]
[[654 780]] , [[654 825]]
[[468 650]] , [[466 652]]
[[658 780]] , [[658 781]]
[[838 778]] , [[838 781]]
[[290 686]] , [[290 691]]
[[290 686]] , [[290 691]]
[[468 768]] , [[468 785]]
[[326 740]] , [[326 741]]
[[326 740]] , [[326 741]]
[[290 726]] , [[290 733]]
[[836 778]] , [[836 783]]
[[296 684]] , [[296 685]]
[[654 760]] , [[654 771]]
[[466 624]] , [[466 633]]
[[670 718]] , [[670 723]]
[[294 670]] , [[294 671]]
[[654 760]] , [[654 767]]
[[654 626]] , [[654 627]]
[[674 924]] , [[674 925]]
[[842 618]] , [[842 619]]
[[468 772]] , [[468 775]]
[[470 798]] , [[470 805]]
[[484 768]] , [[484 772]]
[[484 768]] , [[484 772]]
[[327 740]] , [[325 742]]
[[290 590]] , [[290 599]]
[[846 562]] , [[846 563]]
[[654 623]] , [[654 625]]
[[654 628]] , [[654 629]]
[[836 564]] , [[836 569]]
[[296 692]] , [[296 699]]
[[306 748]] , [[306 751]]
[[650 634]] , [[650 635]]
[[837 564]] , [[836 565]]
[[836 564]] , [[836 569]]
[[310 534]] , [[310 537]]
[[650 634]] , [[650 635]]
[[837 564]] , [[836 565]]
[[296 690]] , [[296 695]]
[[502 514]] , [[502 515]]
[[287 545]] , [[286 546]]
[[758 514]] , [[758 515]]
[[665 530]] , [[666 529]]
[[446 512]] , [[446 517]]
[[454 512]] , [[454 518]]
[[378 516]] , [[378 520]]
[[826 542]] , [[826 547]]
[[302 540]] , [[302 551]]
[[504 520]] , [[504 525]]
[[750 719]] , [[750 723]]
[[470 536]] , [[470 541]]
[[828 518]] , [[828 527]]
[[828 518]] , [[828 527]]
[[462 822]] , [[462 831]]
[[648 638]] , [[648 657]]
[[300 540]] , [[300 541]]
[[832 772]] , [[832 811]]
[[842 822]] , [[842 829]]
[[474 514]] , [[474 529]]
[[318 530]] , [[318 535]]
[[834 534]] , [[834 539]]
[[474 586]] , [[474 591]]
[[469 542]] , [[469 543]]
[[282 546]] , [[282 548]]
[[469 542]] , [[467 544]]
[[282 546]] , [[282 548]]
[[464 812]] , [[464 817]]
[[464 799]] , [[464 827]]
[[470 542]] , [[470 543]]
[[464 634]] , [[464 639]]
[[464 638]] , [[464 639]]
[[656 776]] , [[656 781]]
[[298 540]] , [[298 543]]
[[464 638]] , [[464 639]]
[[502 518]] , [[502 523]]
[[838 534]] , [[838 541]]
[[824 540]] , [[824 546]]
[[838 536]] , [[838 541]]
[[502 518]] , [[502 523]]
[[773 877]] , [[774 876]]
[[828 516]] , [[828 523]]
[[828 516]] , [[828 523]]
[[374 515]] , [[373 516]]
[[374 515]] , [[373 516]]
[[374 515]] , [[373 516]]
[[835 594]] , [[836 593]]
[[828 516]] , [[828 523]]
[[792 512]] , [[792 513]]
[[792 512]] , [[792 513]]
[[336 526]] , [[336 527]]
[[714 274]] , [[714 279]]
[[474 516]] , [[474 524]]
[[374 516]] , [[374 523]]
[[841 964]] , [[842 963]]
[[838 526]] , [[838 527]]
[[646 626]] , [[646 635]]
[[830 516]] , [[830 517]]
[[830 516]] , [[830 517]]
[[502 518]] , [[502 523]]
[[652 784]] , [[652 791]]
[[470 539]] , [[470 541]]
[[320 528]] , [[320 535]]
[[374 516]] , [[374 523]]
[[502 518]] , [[502 523]]
[[472 516]] , [[472 529]]
[[472 516]] , [[472 523]]
[[470 532]] , [[470 533]]
[[298 536]] , [[298 538]]
[[373 516]] , [[373 517]]
[[494 514]] , [[494 521]]
[[494 514]] , [[494 521]]
[[819 530]] , [[820 529]]
[[817 530]] , [[818 529]]
[[478 514]] , [[478 515]]
[[792 512]] , [[792 513]]
[[374 516]] , [[374 517]]
[[792 512]] , [[792 513]]
[[649 626]] , [[648 627]]
[[298 538]] , [[298 546]]
[[815 538]] , [[816 537]]
[[825 538]] , [[826 537]]
[[815 538]] , [[816 537]]
[[825 538]] , [[826 537]]
[[470 532]] , [[470 533]]
[[752 512]] , [[752 513]]
[[298 538]] , [[298 546]]
[[646 632]] , [[646 633]]
[[646 632]] , [[646 633]]
[[448 526]] , [[448 530]]
[[469 700]] , [[470 699]]
[[648 630]] , [[648 631]]
[[646 618]] , [[646 623]]
[[466 660]] , [[466 667]]
[[752 512]] , [[752 513]]
[[656 258]] , [[656 262]]
[[474 514]] , [[474 518]]
[[300 540]] , [[300 541]]
[[646 636]] , [[646 637]]
[[646 622]] , [[646 627]]
[[473 514]] , [[473 515]]
[[801 524]] , [[802 523]]
[[800 512]] , [[800 513]]
[[377 513]] , [[376 514]]
[[312 528]] , [[312 533]]
[[810 513]] , [[809 514]]
[[484 852]] , [[484 859]]
[[840 540]] , [[840 541]]
[[314 528]] , [[314 533]]
[[805 524]] , [[806 523]]
[[652 634]] , [[652 635]]
[[838 518]] , [[838 537]]
[[656 776]] , [[656 781]]
[[288 544]] , [[288 545]]
[[296 705]] , [[296 709]]
[[842 540]] , [[842 541]]
[[470 628]] , [[470 635]]
[[838 519]] , [[838 537]]
[[480 536]] , [[480 537]]
[[306 540]] , [[306 549]]
[[294 686]] , [[294 691]]
[[471 628]] , [[470 629]]
[[480 536]] , [[480 537]]
[[512 518]] , [[512 523]]
[[306 540]] , [[306 549]]
[[512 518]] , [[512 522]]
[[470 642]] , [[470 645]]
[[482 528]] , [[482 531]]
[[482 528]] , [[482 531]]
[[656 630]] , [[656 637]]
[[662 698]] , [[663 697]]
[[288 560]] , [[288 565]]
[[828 544]] , [[828 549]]
[[482 528]] , [[482 531]]
[[850 545]] , [[850 553]]
[[1032  530]] , [[1032  534]]
[[512 516]] , [[512 517]]
[[480 526]] , [[480 533]]
[[840 675]] , [[841 674]]
[[466 688]] , [[466 711]]
[[472 640]] , [[472 647]]
[[652 682]] , [[652 715]]
[[764 514]] , [[764 515]]
[[796 514]] , [[796 523]]
[[844 532]] , [[844 535]]
[[787 514]] , [[786 515]]
[[798 514]] , [[798 515]]
[[475 514]] , [[475 519]]
[[380 514]] , [[380 520]]
[[379 514]] , [[379 518]]
[[675 534]] , [[676 533]]
[[752 159]] , [[752 163]]
[[752 159]] , [[752 163]]
[[803 524]] , [[804 523]]
[[480 512]] , [[480 513]]
[[817 522]] , [[818 521]]
[[842 559]] , [[841 560]]
[[296 672]] , [[296 679]]
[[478 696]] , [[478 705]]
[[817 722]] , [[818 721]]
[[827 720]] , [[828 719]]
[[294 686]] , [[294 693]]
[[468 636]] , [[468 639]]
[[294 686]] , [[294 691]]
[[294 702]] , [[294 711]]
[[294 702]] , [[294 713]]
[[650 628]] , [[650 637]]
[[650 628]] , [[650 637]]
[[286 722]] , [[286 727]]
[[470 810]] , [[470 817]]
[[488 768]] , [[488 781]]
[[840 776]] , [[840 777]]
[[840 776]] , [[840 777]]
[[836 790]] , [[836 791]]
[[656 766]] , [[656 769]]
[[468 634]] , [[468 645]]
[[469 634]] , [[469 637]]
[[835 858]] , [[836 857]]
[[323 742]] , [[321 744]]
[[839 850]] , [[840 849]]
[[294 692]] , [[294 693]]
[[ 843 1010]] , [[ 844 1009]]
[[470 810]] , [[470 813]]
[[471 865]] , [[471 869]]
[[488 770]] , [[488 781]]
[[330 896]] , [[330 901]]
[[843 834]] , [[844 833]]
[[471 865]] , [[471 869]]
[[475 896]] , [[474 897]]
[[840 776]] , [[840 781]]
[[838 784]] , [[838 789]]
[[840 776]] , [[840 779]]
[[318 742]] , [[318 743]]
[[840 776]] , [[840 779]]
[[488 772]] , [[488 781]]
[[840 772]] , [[840 773]]
[[658 770]] , [[658 771]]
[[330 896]] , [[330 901]]
[[294 702]] , [[294 707]]
[[314 742]] , [[314 745]]
[[318 742]] , [[318 743]]
[[294 696]] , [[294 697]]
[[292 584]] , [[292 591]]
[[318 742]] , [[318 743]]
[[470 626]] , [[470 628]]
[[294 702]] , [[294 703]]
[[294 678]] , [[294 686]]
[[656 760]] , [[656 761]]
[[292 584]] , [[292 591]]
[[654 760]] , [[654 781]]
[[840 780]] , [[840 781]]
[[836 780]] , [[836 781]]
[[762 713]] , [[761 714]]
[[762 714]] , [[761 715]]
[[843 700]] , [[844 699]]
[[842 780]] , [[842 781]]
[[658 760]] , [[658 765]]
[[313 746]] , [[312 747]]
[[656 754]] , [[656 757]]
[[660 814]] , [[660 815]]
[[286 548]] , [[286 565]]
[[842 542]] , [[842 547]]
[[834 768]] , [[834 777]]
[[352 746]] , [[352 747]]
[[835 706]] , [[836 705]]
[[837 834]] , [[838 833]]
[[835 706]] , [[836 705]]
[[654 762]] , [[654 769]]
[[835 706]] , [[836 705]]
[[654 756]] , [[654 761]]
[[334 742]] , [[334 743]]
[[650 654]] , [[650 671]]
[[286 548]] , [[286 551]]
[[835 706]] , [[836 705]]
[[652 602]] , [[652 609]]
[[654 760]] , [[654 765]]
[[652 600]] , [[652 606]]
[[848 646]] , [[848 647]]
[[650 638]] , [[650 649]]
[[652 600]] , [[652 606]]
[[380 728]] , [[380 729]]
[[842 782]] , [[842 789]]
[[504 740]] , [[503 741]]
[[828 718]] , [[828 719]]
[[370 726]] , [[370 731]]
[[288 886]] , [[288 897]]
[[802 870]] , [[802 875]]
[[326 742]] , [[326 743]]
[[824 712]] , [[824 713]]
[[320 878]] , [[320 887]]
[[370 732]] , [[370 735]]
[[724 879]] , [[723 880]]
[[798 868]] , [[798 873]]
[[794 880]] , [[794 881]]
[[316 744]] , [[316 745]]
[[762 876]] , [[762 877]]
[[312 747]] , [[312 748]]
[[688 874]] , [[688 877]]
[[688 520]] , [[688 525]]
[[370 744]] , [[370 749]]
[[816 712]] , [[816 713]]
[[370 736]] , [[370 740]]
[[764 716]] , [[764 717]]
[[522 738]] , [[522 739]]
[[840 600]] , [[840 607]]
[[768 716]] , [[768 721]]
[[742 716]] , [[742 721]]
[[473 734]] , [[473 735]]
[[291 576]] , [[290 577]]
[[502 734]] , [[502 739]]
[[650 590]] , [[650 601]]
[[650 590]] , [[650 620]]
[[834 680]] , [[834 687]]
[[648 694]] , [[648 709]]
[[650 590]] , [[650 595]]
[[834 740]] , [[834 749]]
[[836 672]] , [[836 677]]
[[652 670]] , [[652 671]]
[[835 762]] , [[835 765]]
[[476 740]] , [[476 745]]
[[794 716]] , [[794 721]]
[[834 820]] , [[834 833]]
[[662 716]] , [[662 721]]
[[830 814]] , [[830 841]]
[[319 746]] , [[317 748]]
[[316 748]] , [[316 755]]
[[464 744]] , [[464 753]]
[[650 746]] , [[650 751]]
[[822 716]] , [[822 717]]
[[318 746]] , [[318 747]]
[[644 706]] , [[644 713]]
[[664 850]] , [[664 853]]
[[833 870]] , [[833 871]]
[[662 860]] , [[662 867]]
[[808 706]] , [[808 711]]
[[460 600]] , [[460 607]]
[[788 510]] , [[788 511]]
[[640 516]] , [[640 517]]
[[282 554]] , [[282 561]]
[[646 710]] , [[646 715]]
[[680 518]] , [[680 523]]
[[648 606]] , [[648 607]]
[[829 860]] , [[830 859]]
[[680 517]] , [[679 518]]
[[683 517]] , [[682 518]]
[[642 564]] , [[642 579]]
[[648 648]] , [[648 655]]
[[830 688]] , [[830 697]]
[[811 716]] , [[812 715]]
[[752 512]] , [[752 513]]
[[825 528]] , [[826 527]]
[[377 513]] , [[376 514]]
[[819 540]] , [[819 544]]
[[672 542]] , [[672 547]]
[[646 632]] , [[646 637]]
[[304 542]] , [[304 549]]
[[475 544]] , [[476 543]]
[[470 534]] , [[470 539]]
[[466 622]] , [[466 631]]
[[646 632]] , [[646 637]]
[[304 544]] , [[304 551]]
[[648 622]] , [[648 627]]
[[836 538]] , [[836 539]]
[[284 632]] , [[284 639]]
[[  0 307]] , [[  0 311]]
[[366 858]] , [[366 859]]
[[240 862]] , [[240 867]]
[[432 858]] , [[432 859]]
[[239 862]] , [[238 863]]
[[318 860]] , [[316 862]]
[[750 860]] , [[750 865]]
[[403 860]] , [[402 861]]
[[304 860]] , [[303 861]]
[[304 860]] , [[304 861]]
[[214 902]] , [[214 903]]
[[228 862]] , [[228 867]]
[[528 858]] , [[528 859]]
[[526 858]] , [[526 859]]
[[212 900]] , [[212 901]]
[[212 900]] , [[212 901]]
[[602 864]] , [[602 865]]
[[206 956]] , [[206 957]]
[[192 992]] , [[192 993]]
[[208 950]] , [[208 955]]
[[ 508 1018]] , [[ 508 1021]]
[[198 962]] , [[198 963]]
[[184 958]] , [[184 973]]
[[206 952]] , [[206 959]]
[[210 932]] , [[210 943]]
[[182 938]] , [[182 943]]
[[210 931]] , [[210 941]]
[[186 918]] , [[186 925]]
[[216 896]] , [[216 901]]
[[194 894]] , [[194 895]]
[[198 892]] , [[198 895]]
[[198 892]] , [[198 895]]
[[384 860]] , [[384 861]]
[[196 894]] , [[196 895]]
[[574 860]] , [[574 861]]
[[303 872]] , [[304 871]]
[[222 880]] , [[222 885]]
[[572 860]] , [[572 861]]
[[734 882]] , [[734 886]]
[[710 866]] , [[709 867]]
[[562 862]] , [[562 863]]
[[198 922]] , [[198 927]]
[[210 896]] , [[210 907]]
[[222 862]] , [[222 867]]
[[754 874]] , [[754 893]]
[[754 874]] , [[754 893]]
[[432 860]] , [[432 861]]
[[223 863]] , [[223 867]]
[[556 862]] , [[556 863]]
[[322 866]] , [[322 873]]
[[326 888]] , [[326 895]]
[[322 866]] , [[322 873]]
[[756 872]] , [[756 873]]
[[326 890]] , [[326 894]]
[[730 896]] , [[730 902]]
[[730 896]] , [[730 902]]
[[730 896]] , [[730 902]]
[[756 872]] , [[756 875]]
[[232 894]] , [[232 899]]
[[384 860]] , [[384 861]]
[[758 876]] , [[758 893]]
[[760 906]] , [[760 913]]
[[228 872]] , [[228 877]]
[[228 872]] , [[228 877]]
[[334 888]] , [[334 893]]
[[720 866]] , [[720 873]]
[[238 894]] , [[238 899]]
[[470 860]] , [[470 861]]
[[726 868]] , [[726 873]]
[[742 882]] , [[742 885]]
[[294 862]] , [[292 864]]
[[448 860]] , [[448 861]]
[[296 862]] , [[294 864]]
[[298 862]] , [[298 863]]
[[240 872]] , [[240 877]]
[[584 862]] , [[583 863]]
[[434 860]] , [[433 861]]
[[312 862]] , [[312 867]]
[[204 920]] , [[204 923]]
[[588 862]] , [[588 875]]
[[220 906]] , [[220 913]]
[[590 862]] , [[590 875]]
[[240 880]] , [[240 887]]
[[190 932]] , [[190 941]]
[[220 926]] , [[220 927]]
[[238 884]] , [[238 889]]
[[218 968]] , [[218 981]]
[[192 944]] , [[192 949]]
[[218 968]] , [[218 977]]
[[218 950]] , [[218 955]]
[[194 958]] , [[194 965]]
[[218 950]] , [[218 957]]
[[220 946]] , [[220 949]]
[[372 969]] , [[373 968]]
[[240 864]] , [[240 867]]
[[302 874]] , [[302 881]]
[[301 862]] , [[300 863]]
[[301 862]] , [[300 863]]
[[290 862]] , [[289 863]]
[[380 866]] , [[380 871]]
[[1018  793]] , [[1018  799]]
[[750 864]] , [[750 868]]
[[750 862]] , [[750 863]]
[[427 882]] , [[428 881]]
[[472 862]] , [[472 863]]
[[433 876]] , [[434 875]]
[[530 862]] , [[529 863]]
[[304 864]] , [[303 865]]
[[304 864]] , [[302 866]]
[[202 908]] , [[202 913]]
[[443 883]] , [[444 882]]
[[668 866]] , [[668 867]]
[[192 926]] , [[192 931]]
[[186 872]] , [[186 879]]
[[286 866]] , [[286 871]]
[[286 866]] , [[286 871]]
[[274 866]] , [[274 873]]
[[190 924]] , [[190 931]]
[[212 906]] , [[212 911]]
[[534 862]] , [[533 863]]
[[702 868]] , [[702 873]]
[[702 868]] , [[702 873]]
[[702 868]] , [[702 873]]
[[702 868]] , [[702 873]]
[[190 910]] , [[190 917]]
[[262 896]] , [[262 901]]
[[190 910]] , [[190 917]]
[[704 868]] , [[704 869]]
[[416 864]] , [[416 865]]
[[202 904]] , [[202 907]]
[[  0 313]] , [[  0 317]]
[[690 868]] , [[690 869]]
[[539 862]] , [[538 863]]
[[202 904]] , [[202 911]]
[[272 866]] , [[272 877]]
[[368 864]] , [[368 865]]
[[334 864]] , [[333 865]]
[[272 866]] , [[272 871]]
[[334 864]] , [[333 865]]
[[270 866]] , [[270 871]]
[[221 865]] , [[220 866]]
[[696 868]] , [[696 869]]
[[268 866]] , [[268 871]]
[[267 866]] , [[267 871]]
[[268 867]] , [[268 871]]
[[190 870]] , [[190 875]]
[[272 868]] , [[271 869]]
[[308 868]] , [[308 873]]
[[536 866]] , [[536 867]]
[[312 868]] , [[311 869]]
[[537 866]] , [[535 868]]
[[710 874]] , [[710 875]]
[[268 870]] , [[268 875]]
[[272 884]] , [[272 891]]
[[203 994]] , [[204 993]]
[[220 912]] , [[220 919]]
[[690 876]] , [[690 877]]
[[190 900]] , [[190 907]]
[[188 900]] , [[188 911]]
[[308 870]] , [[308 875]]
[[266 870]] , [[266 879]]
[[270 894]] , [[270 899]]
[[ 199 1012]] , [[ 200 1011]]
[[174 898]] , [[174 915]]
[[258 862]] , [[258 869]]
[[ 193 1000]] , [[194 999]]
[[266 882]] , [[266 887]]
[[174 894]] , [[174 913]]
[[656 854]] , [[656 861]]
[[530 848]] , [[530 849]]
[[368 852]] , [[368 853]]
[[418 855]] , [[417 856]]
[[438 854]] , [[437 855]]
[[315 874]] , [[316 873]]
[[311 866]] , [[312 865]]
[[238 874]] , [[238 879]]
[[238 874]] , [[238 879]]
[[186 926]] , [[186 927]]
[[184 928]] , [[184 943]]
[[191 960]] , [[192 959]]
[[178 924]] , [[178 937]]
[[218 888]] , [[218 893]]
[[574 854]] , [[574 855]]
[[242 856]] , [[242 857]]
[[735 892]] , [[736 891]]
[[384 854]] , [[384 855]]
[[224 888]] , [[224 893]]
[[224 888]] , [[224 893]]
[[175 894]] , [[175 895]]
[[208 930]] , [[208 941]]
[[208 930]] , [[208 941]]
[[192 934]] , [[192 943]]
[[246 876]] , [[246 885]]
[[744 852]] , [[744 855]]
[[744 850]] , [[744 853]]
[[744 848]] , [[743 849]]
[[175 896]] , [[175 899]]
[[534 854]] , [[534 855]]
[[736 848]] , [[736 849]]
[[175 896]] , [[174 897]]
[[528 854]] , [[528 863]]
[[202 910]] , [[202 911]]
[[380 854]] , [[380 855]]
[[200 912]] , [[200 917]]
[[430 854]] , [[430 855]]
[[ 201 1407]] , [[ 202 1406]]
[[736 846]] , [[736 847]]
[[738 846]] , [[737 847]]
[[ 201 1409]] , [[ 202 1408]]
[[494 858]] , [[494 859]]
[[400 858]] , [[400 859]]
[[736 852]] , [[736 853]]
[[736 852]] , [[736 853]]
[[500 858]] , [[500 859]]
[[721 870]] , [[722 869]]
[[736 852]] , [[736 853]]
[[400 858]] , [[400 859]]
[[723 870]] , [[724 869]]
[[723 870]] , [[724 869]]
[[740 852]] , [[740 853]]
[[518 858]] , [[518 859]]
[[516 858]] , [[516 859]]
[[738 852]] , [[737 853]]
[[738 852]] , [[737 853]]
[[738 852]] , [[737 853]]
[[738 852]] , [[737 853]]
[[738 852]] , [[737 853]]
[[738 852]] , [[737 853]]
[[738 852]] , [[737 853]]
[[740 852]] , [[739 853]]
[[723 870]] , [[724 869]]
[[723 870]] , [[724 869]]
[[742 852]] , [[741 853]]
[[ 206 1373]] , [[ 207 1372]]
[[736 876]] , [[736 877]]
[[234 878]] , [[234 883]]
[[671 884]] , [[672 883]]
[[404 866]] , [[404 867]]
[[737 876]] , [[738 875]]
[[350 862]] , [[350 865]]
[[362 862]] , [[362 864]]
[[756 856]] , [[755 857]]
[[340 862]] , [[340 863]]
[[544 860]] , [[544 861]]
[[342 862]] , [[342 863]]
[[342 862]] , [[341 863]]
[[758 856]] , [[757 857]]
[[354 862]] , [[354 863]]
[[555 862]] , [[553 864]]
[[377 862]] , [[375 864]]
[[344 868]] , [[344 869]]
[[584 864]] , [[584 865]]
[[370 956]] , [[371 955]]
[[310 864]] , [[309 865]]
[[310 864]] , [[309 865]]
[[481 862]] , [[480 863]]
[[377 921]] , [[378 920]]
[[392 864]] , [[392 865]]
[[763 922]] , [[764 921]]
[[200 984]] , [[200 985]]
[[198 974]] , [[198 981]]
[[192 910]] , [[192 911]]
[[268 868]] , [[268 873]]
[[392 862]] , [[392 863]]
[[308 866]] , [[308 867]]
[[542 862]] , [[542 863]]
[[544 862]] , [[544 863]]
[[342 864]] , [[342 865]]
[[550 862]] , [[550 863]]
[[264 867]] , [[263 868]]
[[546 864]] , [[545 865]]
[[550 864]] , [[550 865]]
[[646 868]] , [[646 869]]
[[538 864]] , [[537 865]]
[[425 884]] , [[426 883]]
[[370 864]] , [[369 865]]
[[553 863]] , [[552 864]]
[[313 864]] , [[311 866]]
[[550 862]] , [[549 863]]
[[538 862]] , [[537 863]]
[[310 864]] , [[310 869]]
[[248 898]] , [[248 903]]
[[308 864]] , [[308 869]]
[[ 520 1014]] , [[ 520 1015]]
[[248 898]] , [[248 903]]
[[658 868]] , [[658 869]]
[[312 863]] , [[311 864]]
[[313 862]] , [[312 863]]
[[313 862]] , [[312 863]]
[[312 862]] , [[312 869]]
[[319 868]] , [[320 867]]
[[319 868]] , [[320 867]]
[[272 894]] , [[272 901]]
[[542 861]] , [[541 862]]
[[542 861]] , [[541 862]]
[[319 868]] , [[320 867]]
[[654 865]] , [[653 866]]
[[446 864]] , [[446 865]]
[[438 868]] , [[438 869]]
[[444 868]] , [[444 869]]
[[542 856]] , [[542 857]]
[[646 858]] , [[645 859]]
[[ 192 1024]] , [[ 192 1041]]
[[608 860]] , [[608 861]]
[[544 858]] , [[544 859]]
[[182 988]] , [[182 992]]
[[288 894]] , [[288 895]]
[[536 976]] , [[536 990]]
[[726 856]] , [[726 867]]
[[452 854]] , [[452 855]]
[[ 358 1008]] , [[ 358 1009]]
[[192 988]] , [[192 991]]
[[206 984]] , [[206 989]]
[[206 984]] , [[206 995]]
[[206 984]] , [[206 991]]
[[206 984]] , [[206 989]]
[[206 984]] , [[206 989]]
[[732 848]] , [[731 849]]
[[318 854]] , [[317 855]]
[[721 870]] , [[722 869]]
[[522 854]] , [[521 855]]
[[313 874]] , [[314 873]]
[[323 854]] , [[322 855]]
[[740 848]] , [[739 849]]
[[448 854]] , [[448 855]]
[[528 854]] , [[527 855]]
[[317 856]] , [[316 857]]
[[736 850]] , [[735 851]]
[[734 850]] , [[733 851]]
[[738 848]] , [[737 849]]
[[317 872]] , [[318 871]]
[[742 848]] , [[741 849]]
[[192 958]] , [[192 963]]
[[526 854]] , [[525 855]]
[[382 854]] , [[382 855]]
[[400 854]] , [[399 855]]
[[548 928]] , [[548 933]]
[[562 854]] , [[562 855]]
[[391 854]] , [[389 856]]
[[588 854]] , [[587 855]]
[[590 856]] , [[589 857]]
[[390 854]] , [[390 855]]
[[608 856]] , [[608 857]]
[[620 859]] , [[619 860]]
[[394 944]] , [[394 953]]
[[318 860]] , [[317 861]]
[[337 882]] , [[338 881]]
[[544 860]] , [[543 861]]
[[268 860]] , [[268 865]]
[[468 862]] , [[468 863]]
[[250 890]] , [[250 899]]
[[398 860]] , [[398 861]]
[[356 860]] , [[356 861]]
[[320 860]] , [[320 865]]
[[371 866]] , [[372 865]]
[[296 862]] , [[296 881]]
[[357 878]] , [[358 877]]
[[534 858]] , [[533 859]]
[[363 876]] , [[364 875]]
[[296 864]] , [[296 879]]
[[296 862]] , [[296 879]]
[[359 876]] , [[360 875]]
[[296 862]] , [[296 879]]
[[542 859]] , [[541 860]]
