[[546 111]] , [[547 110]]
[[376 518]] , [[376 522]]
[[665 530]] , [[666 529]]
[[486 518]] , [[486 523]]
[[377 516]] , [[377 522]]
[[304 542]] , [[304 543]]
[[752 514]] , [[752 515]]
[[486 518]] , [[486 523]]
[[376 516]] , [[376 517]]
[[512 518]] , [[512 525]]
[[712 166]] , [[712 171]]
[[376 516]] , [[376 523]]
[[831 528]] , [[832 527]]
[[802 514]] , [[802 515]]
[[377 516]] , [[377 520]]
[[486 518]] , [[486 522]]
[[736 516]] , [[736 519]]
[[486 518]] , [[486 522]]
[[376 516]] , [[376 520]]
[[488 518]] , [[488 523]]
[[750 160]] , [[750 165]]
[[375 514]] , [[375 515]]
[[376 514]] , [[376 522]]
[[720 721]] , [[720 725]]
[[782 514]] , [[782 515]]
[[488 518]] , [[488 523]]
[[786 515]] , [[785 516]]
[[302 536]] , [[302 539]]
[[766 710]] , [[766 712]]
[[284 548]] , [[284 551]]
[[304 542]] , [[304 549]]
[[288 546]] , [[288 547]]
[[510 518]] , [[509 519]]
[[304 542]] , [[304 543]]
[[834 518]] , [[834 523]]
[[304 542]] , [[304 543]]
[[304 542]] , [[304 543]]
[[304 536]] , [[304 541]]
[[648 634]] , [[648 637]]
[[465 693]] , [[464 694]]
[[465 695]] , [[464 696]]
[[284 544]] , [[284 545]]
[[802 514]] , [[802 515]]
[[284 546]] , [[284 547]]
[[653 646]] , [[654 645]]
[[832 567]] , [[832 569]]
[[826 540]] , [[826 541]]
[[472 708]] , [[472 717]]
[[470 656]] , [[470 661]]
[[656 771]] , [[656 775]]
[[650 632]] , [[650 635]]
[[354 750]] , [[354 754]]
[[476 526]] , [[476 531]]
[[474 710]] , [[474 717]]
[[282 547]] , [[281 548]]
[[356 750]] , [[356 755]]
[[648 636]] , [[648 637]]
[[654 630]] , [[654 635]]
[[826 540]] , [[826 541]]
[[464 672]] , [[464 689]]
[[826 540]] , [[826 545]]
[[299 538]] , [[298 539]]
[[826 540]] , [[826 541]]
[[851 576]] , [[852 575]]
[[650 632]] , [[650 635]]
[[466 640]] , [[466 651]]
[[460 654]] , [[460 659]]
[[466 640]] , [[466 651]]
[[302 536]] , [[302 539]]
[[466 622]] , [[466 623]]
[[280 548]] , [[280 555]]
[[462 784]] , [[462 791]]
[[656 778]] , [[656 779]]
[[654 778]] , [[654 781]]
[[302 536]] , [[302 539]]
[[464 664]] , [[464 685]]
[[466 622]] , [[466 627]]
[[464 664]] , [[464 673]]
[[646 636]] , [[646 639]]
[[473 520]] , [[473 521]]
[[473 520]] , [[473 521]]
[[466 622]] , [[466 631]]
[[476 540]] , [[476 541]]
[[280 549]] , [[280 557]]
[[822 542]] , [[822 546]]
[[464 664]] , [[464 677]]
[[835 602]] , [[836 601]]
[[650 628]] , [[650 629]]
[[302 538]] , [[302 539]]
[[650 628]] , [[650 629]]
[[650 628]] , [[650 629]]
[[471 836]] , [[472 835]]
[[466 622]] , [[466 627]]
[[466 664]] , [[466 665]]
[[474 718]] , [[474 723]]
[[466 664]] , [[466 665]]
[[466 622]] , [[466 627]]
[[284 552]] , [[284 557]]
[[650 632]] , [[650 633]]
[[648 618]] , [[648 625]]
[[648 618]] , [[648 625]]
[[654 628]] , [[654 631]]
[[304 539]] , [[303 540]]
[[650 632]] , [[650 633]]
[[476 534]] , [[475 535]]
[[330 528]] , [[330 533]]
[[752 514]] , [[752 515]]
[[302 538]] , [[302 539]]
[[302 538]] , [[302 539]]
[[504 516]] , [[504 525]]
[[656 778]] , [[656 781]]
[[462 664]] , [[462 673]]
[[284 549]] , [[283 550]]
[[485 790]] , [[485 795]]
[[468 666]] , [[468 673]]
[[468 666]] , [[468 673]]
[[304 538]] , [[304 539]]
[[654 632]] , [[654 633]]
[[474 694]] , [[474 699]]
[[486 514]] , [[486 515]]
[[754 514]] , [[754 515]]
[[802 512]] , [[802 513]]
[[841 570]] , [[842 569]]
[[652 612]] , [[652 617]]
[[841 570]] , [[842 569]]
[[844 784]] , [[844 801]]
[[486 514]] , [[486 515]]
[[518 520]] , [[518 525]]
[[477 533]] , [[476 534]]
[[652 666]] , [[652 691]]
[[282 546]] , [[282 550]]
[[652 720]] , [[652 725]]
[[798 514]] , [[798 515]]
[[662 844]] , [[662 849]]
[[758 514]] , [[758 515]]
[[328 524]] , [[328 529]]
[[475 533]] , [[473 535]]
[[758 514]] , [[758 515]]
[[284 546]] , [[284 547]]
[[475 533]] , [[473 535]]
[[782 710]] , [[782 717]]
[[475 533]] , [[473 535]]
[[786 708]] , [[786 709]]
[[471 545]] , [[472 544]]
[[742 714]] , [[742 715]]
[[822 721]] , [[822 725]]
[[806 514]] , [[805 515]]
[[806 514]] , [[805 515]]
[[378 516]] , [[378 522]]
[[848 558]] , [[848 559]]
[[802 514]] , [[801 515]]
[[830 534]] , [[830 541]]
[[378 514]] , [[378 519]]
[[480 534]] , [[480 535]]
[[448 512]] , [[448 519]]
[[304 535]] , [[303 536]]
[[480 534]] , [[480 535]]
[[834 782]] , [[834 801]]
[[840 552]] , [[840 561]]
[[304 535]] , [[303 536]]
[[466 650]] , [[466 655]]
[[ 824 1611]] , [[ 824 1615]]
[[294 708]] , [[294 709]]
[[ 472 1034]] , [[ 472 1037]]
[[838 780]] , [[838 781]]
[[835 774]] , [[835 778]]
[[466 653]] , [[465 654]]
[[674 868]] , [[674 877]]
[[320 744]] , [[320 745]]
[[834 774]] , [[834 781]]
[[650 636]] , [[650 637]]
[[654 776]] , [[654 780]]
[[296 693]] , [[296 701]]
[[485 796]] , [[486 795]]
[[320 744]] , [[320 747]]
[[654 782]] , [[654 829]]
[[670 866]] , [[671 865]]
[[654 780]] , [[654 831]]
[[466 822]] , [[466 835]]
[[834 772]] , [[834 781]]
[[304 742]] , [[304 751]]
[[297 887]] , [[297 891]]
[[288 726]] , [[288 731]]
[[470 866]] , [[470 873]]
[[470 866]] , [[470 873]]
[[326 740]] , [[326 741]]
[[656 760]] , [[656 767]]
[[658 780]] , [[658 783]]
[[836 772]] , [[836 776]]
[[836 768]] , [[836 769]]
[[468 768]] , [[468 783]]
[[468 895]] , [[468 899]]
[[654 760]] , [[654 767]]
[[836 768]] , [[836 769]]
[[670 718]] , [[670 723]]
[[299 750]] , [[299 755]]
[[320 738]] , [[320 745]]
[[834 776]] , [[834 783]]
[[290 726]] , [[290 733]]
[[ 494 1024]] , [[ 495 1023]]
[[294 672]] , [[294 677]]
[[834 928]] , [[834 935]]
[[ 486 1006]] , [[ 486 1011]]
[[470 798]] , [[470 805]]
[[470 798]] , [[470 815]]
[[484 768]] , [[484 772]]
[[652 626]] , [[652 627]]
[[846 618]] , [[846 621]]
[[658 766]] , [[658 767]]
[[324 744]] , [[324 747]]
[[650 630]] , [[650 632]]
[[306 748]] , [[306 751]]
[[662 846]] , [[662 855]]
[[290 670]] , [[290 685]]
[[467 656]] , [[467 665]]
[[462 672]] , [[462 687]]
[[650 634]] , [[650 635]]
[[462 670]] , [[462 689]]
[[294 688]] , [[294 695]]
[[361 748]] , [[361 753]]
[[758 514]] , [[758 515]]
[[832 698]] , [[832 699]]
[[837 564]] , [[836 565]]
[[458 540]] , [[458 541]]
[[446 512]] , [[446 517]]
[[502 514]] , [[502 515]]
[[827 530]] , [[828 529]]
[[304 540]] , [[304 543]]
[[848 570]] , [[848 575]]
[[728 716]] , [[728 721]]
[[826 542]] , [[826 547]]
[[488 994]] , [[ 488 1003]]
[[840 542]] , [[840 547]]
[[282 546]] , [[282 553]]
[[300 542]] , [[300 551]]
[[672 875]] , [[672 879]]
[[842 784]] , [[842 795]]
[[830 686]] , [[830 695]]
[[680 856]] , [[680 861]]
[[838 894]] , [[837 895]]
[[302 542]] , [[302 549]]
[[282 547]] , [[282 549]]
[[282 547]] , [[282 549]]
[[464 656]] , [[464 665]]
[[823 868]] , [[824 867]]
[[464 656]] , [[464 665]]
[[834 556]] , [[834 559]]
[[464 656]] , [[464 665]]
[[468 878]] , [[468 882]]
[[478 864]] , [[478 871]]
[[648 624]] , [[648 625]]
[[464 796]] , [[464 827]]
[[483 777]] , [[483 783]]
[[464 801]] , [[464 827]]
[[464 638]] , [[464 639]]
[[464 782]] , [[464 847]]
[[838 534]] , [[838 543]]
[[646 616]] , [[646 621]]
[[648 628]] , [[648 629]]
[[648 628]] , [[648 629]]
[[838 536]] , [[838 541]]
[[826 544]] , [[826 548]]
[[838 536]] , [[838 541]]
[[835 594]] , [[836 593]]
[[320 528]] , [[320 535]]
[[472 528]] , [[472 533]]
[[340 526]] , [[340 527]]
[[464 584]] , [[464 589]]
[[841 552]] , [[842 551]]
[[502 518]] , [[502 523]]
[[502 518]] , [[502 523]]
[[300 538]] , [[300 547]]
[[792 512]] , [[792 513]]
[[841 964]] , [[842 963]]
[[320 528]] , [[320 535]]
[[320 528]] , [[320 535]]
[[471 541]] , [[468 544]]
[[650 780]] , [[650 801]]
[[471 541]] , [[471 542]]
[[378 530]] , [[378 535]]
[[282 546]] , [[282 547]]
[[482 858]] , [[482 863]]
[[464 640]] , [[464 645]]
[[463 640]] , [[463 644]]
[[830 516]] , [[830 517]]
[[302 539]] , [[302 543]]
[[320 528]] , [[320 535]]
[[648 628]] , [[648 629]]
[[458 632]] , [[458 639]]
[[286 713]] , [[286 717]]
[[298 536]] , [[298 538]]
[[470 532]] , [[470 533]]
[[470 532]] , [[470 533]]
[[374 514]] , [[374 517]]
[[478 514]] , [[478 515]]
[[310 528]] , [[310 537]]
[[746 514]] , [[746 515]]
[[644 618]] , [[644 623]]
[[470 532]] , [[470 533]]
[[466 645]] , [[466 647]]
[[466 644]] , [[466 651]]
[[476 514]] , [[476 517]]
[[373 516]] , [[373 517]]
[[470 514]] , [[470 521]]
[[373 516]] , [[373 517]]
[[846 550]] , [[846 553]]
[[373 516]] , [[373 517]]
[[469 698]] , [[470 697]]
[[458 710]] , [[458 717]]
[[458 710]] , [[458 717]]
[[648 630]] , [[648 631]]
[[650 780]] , [[650 781]]
[[458 710]] , [[458 717]]
[[466 660]] , [[466 667]]
[[464 801]] , [[464 805]]
[[298 538]] , [[298 547]]
[[752 512]] , [[752 513]]
[[298 542]] , [[298 547]]
[[465 654]] , [[464 655]]
[[464 801]] , [[464 805]]
[[462 712]] , [[462 717]]
[[300 540]] , [[300 545]]
[[494 515]] , [[494 517]]
[[510 518]] , [[510 523]]
[[312 528]] , [[312 533]]
[[287 545]] , [[285 547]]
[[314 528]] , [[314 533]]
[[ 469 1002]] , [[ 469 1007]]
[[468 642]] , [[468 645]]
[[284 550]] , [[284 555]]
[[306 540]] , [[306 541]]
[[652 770]] , [[652 774]]
[[650 616]] , [[650 617]]
[[450 896]] , [[450 901]]
[[470 644]] , [[470 645]]
[[675 828]] , [[676 827]]
[[470 644]] , [[470 651]]
[[296 702]] , [[296 709]]
[[306 540]] , [[306 549]]
[[470 628]] , [[470 635]]
[[470 628]] , [[470 635]]
[[484 762]] , [[484 767]]
[[485 770]] , [[485 775]]
[[471 628]] , [[470 629]]
[[652 620]] , [[652 637]]
[[652 618]] , [[652 619]]
[[855 554]] , [[855 558]]
[[484 778]] , [[484 783]]
[[654 622]] , [[654 625]]
[[654 622]] , [[654 625]]
[[656 768]] , [[656 783]]
[[484 760]] , [[484 768]]
[[466 660]] , [[466 665]]
[[470 638]] , [[470 640]]
[[288 556]] , [[288 558]]
[[650 638]] , [[650 641]]
[[742 515]] , [[741 516]]
[[284 550]] , [[284 558]]
[[636 518]] , [[636 519]]
[[644 624]] , [[644 633]]
[[463 581]] , [[462 582]]
[[766 712]] , [[766 717]]
[[746 714]] , [[746 719]]
[[705 722]] , [[704 723]]
[[851 559]] , [[852 558]]
[[306 542]] , [[306 549]]
[[782 710]] , [[782 711]]
[[851 559]] , [[852 558]]
[[675 534]] , [[676 533]]
[[667 530]] , [[668 529]]
[[593 260]] , [[593 264]]
[[667 530]] , [[668 529]]
[[576 258]] , [[576 262]]
[[379 514]] , [[379 518]]
[[675 534]] , [[676 533]]
[[835 528]] , [[836 527]]
[[574 258]] , [[574 262]]
[[476 514]] , [[476 519]]
[[576 258]] , [[576 262]]
[[476 514]] , [[476 519]]
[[675 534]] , [[676 533]]
[[476 514]] , [[476 519]]
[[667 528]] , [[668 527]]
[[477 534]] , [[477 535]]
[[768 514]] , [[766 516]]
[[477 534]] , [[477 535]]
[[832 688]] , [[832 691]]
[[296 708]] , [[296 709]]
[[478 717]] , [[478 721]]
[[734 716]] , [[734 721]]
[[468 630]] , [[468 646]]
[[658 766]] , [[658 769]]
[[658 768]] , [[658 769]]
[[843 834]] , [[844 833]]
[[656 762]] , [[656 763]]
[[488 770]] , [[488 781]]
[[320 740]] , [[320 741]]
[[286 722]] , [[286 729]]
[[488 768]] , [[488 781]]
[[841 978]] , [[842 977]]
[[470 810]] , [[470 813]]
[[470 896]] , [[470 901]]
[[678 820]] , [[678 829]]
[[474 894]] , [[473 895]]
[[470 810]] , [[470 813]]
[[488 766]] , [[488 781]]
[[488 768]] , [[488 781]]
[[470 810]] , [[470 813]]
[[839 850]] , [[840 849]]
[[470 810]] , [[470 813]]
[[656 768]] , [[656 769]]
[[478 990]] , [[478 995]]
[[334 898]] , [[334 905]]
[[ 843 1010]] , [[ 844 1009]]
[[470 784]] , [[470 793]]
[[ 502 1018]] , [[ 502 1023]]
[[470 804]] , [[470 809]]
[[475 896]] , [[474 897]]
[[ 475 1024]] , [[ 476 1023]]
[[330 896]] , [[330 901]]
[[468 832]] , [[468 851]]
[[330 896]] , [[330 901]]
[[839 820]] , [[840 819]]
[[330 896]] , [[330 901]]
[[487 784]] , [[487 790]]
[[468 822]] , [[468 847]]
[[468 810]] , [[468 813]]
[[498 992]] , [[498 999]]
[[658 766]] , [[658 767]]
[[839 820]] , [[840 819]]
[[840 776]] , [[840 781]]
[[484 768]] , [[484 774]]
[[651 628]] , [[650 629]]
[[835 794]] , [[836 793]]
[[658 760]] , [[658 761]]
[[483 768]] , [[483 772]]
[[656 760]] , [[656 769]]
[[470 784]] , [[470 790]]
[[469 631]] , [[469 645]]
[[468 810]] , [[468 817]]
[[680 860]] , [[680 865]]
[[470 818]] , [[470 821]]
[[658 770]] , [[658 771]]
[[658 770]] , [[658 771]]
[[658 770]] , [[658 771]]
[[816 886]] , [[816 891]]
[[840 784]] , [[840 793]]
[[658 760]] , [[658 765]]
[[660 808]] , [[660 813]]
[[674 897]] , [[674 901]]
[[835 706]] , [[836 705]]
[[842 620]] , [[842 621]]
[[814 886]] , [[814 892]]
[[662 814]] , [[662 821]]
[[352 748]] , [[352 755]]
[[661 822]] , [[661 831]]
[[351 744]] , [[350 745]]
[[661 814]] , [[661 839]]
[[838 768]] , [[838 769]]
[[312 906]] , [[312 910]]
[[814 880]] , [[814 884]]
[[836 768]] , [[836 783]]
[[654 644]] , [[654 649]]
[[334 742]] , [[334 743]]
[[656 650]] , [[656 653]]
[[796 886]] , [[796 891]]
[[840 686]] , [[840 693]]
[[386 729]] , [[385 730]]
[[386 729]] , [[385 730]]
[[840 686]] , [[840 693]]
[[838 768]] , [[838 769]]
[[318 904]] , [[318 909]]
[[840 796]] , [[840 808]]
[[324 744]] , [[323 745]]
[[840 786]] , [[840 791]]
[[840 920]] , [[840 925]]
[[778 886]] , [[778 891]]
[[812 866]] , [[812 867]]
[[370 726]] , [[370 727]]
[[842 992]] , [[842 995]]
[[320 742]] , [[319 743]]
[[310 903]] , [[310 907]]
[[289 887]] , [[289 888]]
[[836 982]] , [[836 987]]
[[718 878]] , [[718 882]]
[[308 896]] , [[308 901]]
[[686 874]] , [[686 885]]
[[290 888]] , [[290 889]]
[[464 734]] , [[464 735]]
[[692 876]] , [[692 877]]
[[530 742]] , [[530 749]]
[[526 742]] , [[526 749]]
[[542 738]] , [[542 743]]
[[358 744]] , [[358 749]]
[[732 716]] , [[732 721]]
[[508 738]] , [[508 751]]
[[518 738]] , [[518 743]]
[[554 738]] , [[554 743]]
[[836 676]] , [[836 677]]
[[310 742]] , [[310 755]]
[[464 736]] , [[464 737]]
[[648 700]] , [[648 709]]
[[468 734]] , [[468 735]]
[[835 738]] , [[835 739]]
[[646 734]] , [[646 735]]
[[832 756]] , [[832 765]]
[[498 740]] , [[498 748]]
[[648 738]] , [[648 747]]
[[660 822]] , [[660 833]]
[[810 862]] , [[810 863]]
[[480 742]] , [[480 745]]
[[680 865]] , [[680 873]]
[[318 744]] , [[318 745]]
[[688 876]] , [[688 880]]
[[827 846]] , [[827 855]]
[[838 846]] , [[838 881]]
[[835 780]] , [[835 785]]
[[808 862]] , [[808 863]]
[[318 746]] , [[318 749]]
[[832 830]] , [[832 839]]
[[318 746]] , [[318 749]]
[[338 889]] , [[338 893]]
[[834 942]] , [[834 943]]
[[772 880]] , [[772 884]]
[[321 745]] , [[320 746]]
[[777 714]] , [[778 713]]
[[670 518]] , [[670 526]]
[[648 604]] , [[648 605]]
[[646 656]] , [[646 663]]
[[320 746]] , [[320 751]]
[[648 608]] , [[647 609]]
[[646 714]] , [[646 715]]
[[640 516]] , [[640 517]]
[[651 607]] , [[650 608]]
[[664 576]] , [[664 581]]
[[776 712]] , [[776 713]]
[[823 860]] , [[824 859]]
[[823 860]] , [[824 859]]
[[828 700]] , [[828 703]]
[[281 544]] , [[280 545]]
[[377 513]] , [[376 514]]
[[400 534]] , [[400 538]]
[[648 640]] , [[648 643]]
[[646 632]] , [[646 637]]
[[654 782]] , [[654 787]]
[[646 630]] , [[646 637]]
[[282 550]] , [[282 563]]
[[466 622]] , [[466 631]]
[[288 673]] , [[288 677]]
[[290 704]] , [[290 711]]
[[646 632]] , [[646 637]]
[[671 720]] , [[670 721]]
[[466 622]] , [[466 631]]
[[290 704]] , [[290 711]]
[[376 518]] , [[376 522]]
[[665 530]] , [[666 529]]
[[486 518]] , [[486 523]]
[[377 516]] , [[377 522]]
[[304 542]] , [[304 543]]
[[752 514]] , [[752 515]]
[[486 518]] , [[486 523]]
[[376 516]] , [[376 517]]
[[512 518]] , [[512 525]]
[[712 166]] , [[712 171]]
[[376 516]] , [[376 523]]
[[831 528]] , [[832 527]]
[[802 514]] , [[802 515]]
[[377 516]] , [[377 520]]
[[486 518]] , [[486 522]]
[[736 516]] , [[736 519]]
[[486 518]] , [[486 522]]
[[376 516]] , [[376 520]]
[[488 518]] , [[488 523]]
[[750 160]] , [[750 165]]
[[375 514]] , [[375 515]]
[[376 514]] , [[376 522]]
[[720 721]] , [[720 725]]
[[782 514]] , [[782 515]]
[[488 518]] , [[488 523]]
[[786 515]] , [[785 516]]
[[302 536]] , [[302 539]]
[[766 710]] , [[766 712]]
[[284 548]] , [[284 551]]
[[304 542]] , [[304 549]]
[[288 546]] , [[288 547]]
[[510 518]] , [[509 519]]
[[304 542]] , [[304 543]]
[[834 518]] , [[834 523]]
[[304 542]] , [[304 543]]
[[304 542]] , [[304 543]]
[[304 536]] , [[304 541]]
[[648 634]] , [[648 637]]
[[465 693]] , [[464 694]]
[[465 695]] , [[464 696]]
[[284 544]] , [[284 545]]
[[802 514]] , [[802 515]]
[[284 546]] , [[284 547]]
[[653 646]] , [[654 645]]
[[832 567]] , [[832 569]]
[[826 540]] , [[826 541]]
[[472 708]] , [[472 717]]
[[470 656]] , [[470 661]]
[[656 771]] , [[656 775]]
[[650 632]] , [[650 635]]
[[354 750]] , [[354 754]]
[[476 526]] , [[476 531]]
[[474 710]] , [[474 717]]
[[282 547]] , [[281 548]]
[[356 750]] , [[356 755]]
[[648 636]] , [[648 637]]
[[654 630]] , [[654 635]]
[[826 540]] , [[826 541]]
[[464 672]] , [[464 689]]
[[826 540]] , [[826 545]]
[[299 538]] , [[298 539]]
[[826 540]] , [[826 541]]
[[851 576]] , [[852 575]]
[[650 632]] , [[650 635]]
[[466 640]] , [[466 651]]
[[460 654]] , [[460 659]]
[[466 640]] , [[466 651]]
[[302 536]] , [[302 539]]
[[466 622]] , [[466 623]]
[[280 548]] , [[280 555]]
[[462 784]] , [[462 791]]
[[656 778]] , [[656 779]]
[[654 778]] , [[654 781]]
[[302 536]] , [[302 539]]
[[464 664]] , [[464 685]]
[[466 622]] , [[466 627]]
[[464 664]] , [[464 673]]
[[646 636]] , [[646 639]]
[[473 520]] , [[473 521]]
[[473 520]] , [[473 521]]
[[466 622]] , [[466 631]]
[[476 540]] , [[476 541]]
[[280 549]] , [[280 557]]
[[822 542]] , [[822 546]]
[[464 664]] , [[464 677]]
[[835 602]] , [[836 601]]
[[650 628]] , [[650 629]]
[[302 538]] , [[302 539]]
[[650 628]] , [[650 629]]
[[650 628]] , [[650 629]]
[[471 836]] , [[472 835]]
[[466 622]] , [[466 627]]
[[466 664]] , [[466 665]]
[[474 718]] , [[474 723]]
[[466 664]] , [[466 665]]
[[466 622]] , [[466 627]]
[[284 552]] , [[284 557]]
[[650 632]] , [[650 633]]
[[648 618]] , [[648 625]]
[[648 618]] , [[648 625]]
[[654 628]] , [[654 631]]
[[304 539]] , [[303 540]]
[[650 632]] , [[650 633]]
[[476 534]] , [[475 535]]
[[330 528]] , [[330 533]]
[[752 514]] , [[752 515]]
[[302 538]] , [[302 539]]
[[302 538]] , [[302 539]]
[[504 516]] , [[504 525]]
[[656 778]] , [[656 781]]
[[462 664]] , [[462 673]]
[[284 549]] , [[283 550]]
[[485 790]] , [[485 795]]
[[468 666]] , [[468 673]]
[[468 666]] , [[468 673]]
[[304 538]] , [[304 539]]
[[654 632]] , [[654 633]]
[[474 694]] , [[474 699]]
[[486 514]] , [[486 515]]
[[754 514]] , [[754 515]]
[[802 512]] , [[802 513]]
[[841 570]] , [[842 569]]
[[652 612]] , [[652 617]]
[[841 570]] , [[842 569]]
[[844 784]] , [[844 801]]
[[486 514]] , [[486 515]]
[[518 520]] , [[518 525]]
[[477 533]] , [[476 534]]
[[652 666]] , [[652 691]]
[[282 546]] , [[282 550]]
[[652 720]] , [[652 725]]
[[798 514]] , [[798 515]]
[[662 844]] , [[662 849]]
[[758 514]] , [[758 515]]
[[328 524]] , [[328 529]]
[[475 533]] , [[473 535]]
[[758 514]] , [[758 515]]
[[284 546]] , [[284 547]]
[[475 533]] , [[473 535]]
[[782 710]] , [[782 717]]
[[475 533]] , [[473 535]]
[[786 708]] , [[786 709]]
[[471 545]] , [[472 544]]
[[742 714]] , [[742 715]]
[[822 721]] , [[822 725]]
[[806 514]] , [[805 515]]
[[806 514]] , [[805 515]]
[[378 516]] , [[378 522]]
[[848 558]] , [[848 559]]
[[802 514]] , [[801 515]]
[[830 534]] , [[830 541]]
[[378 514]] , [[378 519]]
[[480 534]] , [[480 535]]
[[448 512]] , [[448 519]]
[[304 535]] , [[303 536]]
[[480 534]] , [[480 535]]
[[834 782]] , [[834 801]]
[[840 552]] , [[840 561]]
[[304 535]] , [[303 536]]
[[466 650]] , [[466 655]]
[[ 824 1611]] , [[ 824 1615]]
[[294 708]] , [[294 709]]
[[ 472 1034]] , [[ 472 1037]]
[[838 780]] , [[838 781]]
[[835 774]] , [[835 778]]
[[466 653]] , [[465 654]]
[[674 868]] , [[674 877]]
[[320 744]] , [[320 745]]
[[834 774]] , [[834 781]]
[[650 636]] , [[650 637]]
[[654 776]] , [[654 780]]
[[296 693]] , [[296 701]]
[[485 796]] , [[486 795]]
[[320 744]] , [[320 747]]
[[654 782]] , [[654 829]]
[[670 866]] , [[671 865]]
[[654 780]] , [[654 831]]
[[466 822]] , [[466 835]]
[[834 772]] , [[834 781]]
[[304 742]] , [[304 751]]
[[297 887]] , [[297 891]]
[[288 726]] , [[288 731]]
[[470 866]] , [[470 873]]
[[470 866]] , [[470 873]]
[[326 740]] , [[326 741]]
[[656 760]] , [[656 767]]
[[658 780]] , [[658 783]]
[[836 772]] , [[836 776]]
[[836 768]] , [[836 769]]
[[468 768]] , [[468 783]]
[[468 895]] , [[468 899]]
[[654 760]] , [[654 767]]
[[836 768]] , [[836 769]]
[[670 718]] , [[670 723]]
[[299 750]] , [[299 755]]
[[320 738]] , [[320 745]]
[[834 776]] , [[834 783]]
[[290 726]] , [[290 733]]
[[ 494 1024]] , [[ 495 1023]]
[[294 672]] , [[294 677]]
[[834 928]] , [[834 935]]
[[ 486 1006]] , [[ 486 1011]]
[[470 798]] , [[470 805]]
[[470 798]] , [[470 815]]
[[484 768]] , [[484 772]]
[[652 626]] , [[652 627]]
[[846 618]] , [[846 621]]
[[658 766]] , [[658 767]]
[[324 744]] , [[324 747]]
[[650 630]] , [[650 632]]
[[306 748]] , [[306 751]]
[[662 846]] , [[662 855]]
[[290 670]] , [[290 685]]
[[467 656]] , [[467 665]]
[[462 672]] , [[462 687]]
[[650 634]] , [[650 635]]
[[462 670]] , [[462 689]]
[[294 688]] , [[294 695]]
[[361 748]] , [[361 753]]
[[758 514]] , [[758 515]]
[[832 698]] , [[832 699]]
[[837 564]] , [[836 565]]
[[458 540]] , [[458 541]]
[[446 512]] , [[446 517]]
[[502 514]] , [[502 515]]
[[827 530]] , [[828 529]]
[[304 540]] , [[304 543]]
[[848 570]] , [[848 575]]
[[728 716]] , [[728 721]]
[[826 542]] , [[826 547]]
[[488 994]] , [[ 488 1003]]
[[840 542]] , [[840 547]]
[[282 546]] , [[282 553]]
[[300 542]] , [[300 551]]
[[672 875]] , [[672 879]]
[[842 784]] , [[842 795]]
[[830 686]] , [[830 695]]
[[680 856]] , [[680 861]]
[[838 894]] , [[837 895]]
[[302 542]] , [[302 549]]
[[282 547]] , [[282 549]]
[[282 547]] , [[282 549]]
[[464 656]] , [[464 665]]
[[823 868]] , [[824 867]]
[[464 656]] , [[464 665]]
[[834 556]] , [[834 559]]
[[464 656]] , [[464 665]]
[[468 878]] , [[468 882]]
[[478 864]] , [[478 871]]
[[648 624]] , [[648 625]]
[[464 796]] , [[464 827]]
[[483 777]] , [[483 783]]
[[464 801]] , [[464 827]]
[[464 638]] , [[464 639]]
[[464 782]] , [[464 847]]
[[838 534]] , [[838 543]]
[[646 616]] , [[646 621]]
[[648 628]] , [[648 629]]
[[648 628]] , [[648 629]]
[[838 536]] , [[838 541]]
[[826 544]] , [[826 548]]
[[838 536]] , [[838 541]]
[[835 594]] , [[836 593]]
[[320 528]] , [[320 535]]
[[472 528]] , [[472 533]]
[[340 526]] , [[340 527]]
[[464 584]] , [[464 589]]
[[841 552]] , [[842 551]]
[[502 518]] , [[502 523]]
[[502 518]] , [[502 523]]
[[300 538]] , [[300 547]]
[[792 512]] , [[792 513]]
[[841 964]] , [[842 963]]
[[320 528]] , [[320 535]]
[[320 528]] , [[320 535]]
[[471 541]] , [[468 544]]
[[650 780]] , [[650 801]]
[[471 541]] , [[471 542]]
[[378 530]] , [[378 535]]
[[282 546]] , [[282 547]]
[[482 858]] , [[482 863]]
[[464 640]] , [[464 645]]
[[463 640]] , [[463 644]]
[[830 516]] , [[830 517]]
[[302 539]] , [[302 543]]
[[320 528]] , [[320 535]]
[[648 628]] , [[648 629]]
[[458 632]] , [[458 639]]
[[286 713]] , [[286 717]]
[[298 536]] , [[298 538]]
[[470 532]] , [[470 533]]
[[470 532]] , [[470 533]]
[[374 514]] , [[374 517]]
[[478 514]] , [[478 515]]
[[310 528]] , [[310 537]]
[[746 514]] , [[746 515]]
[[644 618]] , [[644 623]]
[[470 532]] , [[470 533]]
[[466 645]] , [[466 647]]
[[466 644]] , [[466 651]]
[[476 514]] , [[476 517]]
[[373 516]] , [[373 517]]
[[470 514]] , [[470 521]]
[[373 516]] , [[373 517]]
[[846 550]] , [[846 553]]
[[373 516]] , [[373 517]]
[[469 698]] , [[470 697]]
[[458 710]] , [[458 717]]
[[458 710]] , [[458 717]]
[[648 630]] , [[648 631]]
[[650 780]] , [[650 781]]
[[458 710]] , [[458 717]]
[[466 660]] , [[466 667]]
[[464 801]] , [[464 805]]
[[298 538]] , [[298 547]]
[[752 512]] , [[752 513]]
[[298 542]] , [[298 547]]
[[465 654]] , [[464 655]]
[[464 801]] , [[464 805]]
[[462 712]] , [[462 717]]
[[300 540]] , [[300 545]]
[[494 515]] , [[494 517]]
[[510 518]] , [[510 523]]
[[312 528]] , [[312 533]]
[[287 545]] , [[285 547]]
[[314 528]] , [[314 533]]
[[ 469 1002]] , [[ 469 1007]]
[[468 642]] , [[468 645]]
[[284 550]] , [[284 555]]
[[306 540]] , [[306 541]]
[[652 770]] , [[652 774]]
[[650 616]] , [[650 617]]
[[450 896]] , [[450 901]]
[[470 644]] , [[470 645]]
[[675 828]] , [[676 827]]
[[470 644]] , [[470 651]]
[[296 702]] , [[296 709]]
[[306 540]] , [[306 549]]
[[470 628]] , [[470 635]]
[[470 628]] , [[470 635]]
[[484 762]] , [[484 767]]
[[485 770]] , [[485 775]]
[[471 628]] , [[470 629]]
[[652 620]] , [[652 637]]
[[652 618]] , [[652 619]]
[[855 554]] , [[855 558]]
[[484 778]] , [[484 783]]
[[654 622]] , [[654 625]]
[[654 622]] , [[654 625]]
[[656 768]] , [[656 783]]
[[484 760]] , [[484 768]]
[[466 660]] , [[466 665]]
[[470 638]] , [[470 640]]
[[288 556]] , [[288 558]]
[[650 638]] , [[650 641]]
[[742 515]] , [[741 516]]
[[284 550]] , [[284 558]]
[[636 518]] , [[636 519]]
[[644 624]] , [[644 633]]
[[463 581]] , [[462 582]]
[[766 712]] , [[766 717]]
[[746 714]] , [[746 719]]
[[705 722]] , [[704 723]]
[[851 559]] , [[852 558]]
[[306 542]] , [[306 549]]
[[782 710]] , [[782 711]]
[[851 559]] , [[852 558]]
[[675 534]] , [[676 533]]
[[667 530]] , [[668 529]]
[[593 260]] , [[593 264]]
[[667 530]] , [[668 529]]
[[576 258]] , [[576 262]]
[[379 514]] , [[379 518]]
[[675 534]] , [[676 533]]
[[835 528]] , [[836 527]]
[[574 258]] , [[574 262]]
[[476 514]] , [[476 519]]
[[576 258]] , [[576 262]]
[[476 514]] , [[476 519]]
[[675 534]] , [[676 533]]
[[476 514]] , [[476 519]]
[[667 528]] , [[668 527]]
[[477 534]] , [[477 535]]
[[768 514]] , [[766 516]]
[[477 534]] , [[477 535]]
[[832 688]] , [[832 691]]
[[296 708]] , [[296 709]]
[[478 717]] , [[478 721]]
[[734 716]] , [[734 721]]
[[468 630]] , [[468 646]]
[[658 766]] , [[658 769]]
[[658 768]] , [[658 769]]
[[843 834]] , [[844 833]]
[[656 762]] , [[656 763]]
[[488 770]] , [[488 781]]
[[320 740]] , [[320 741]]
[[286 722]] , [[286 729]]
[[488 768]] , [[488 781]]
[[841 978]] , [[842 977]]
[[470 810]] , [[470 813]]
[[470 896]] , [[470 901]]
[[678 820]] , [[678 829]]
[[474 894]] , [[473 895]]
[[470 810]] , [[470 813]]
[[488 766]] , [[488 781]]
[[488 768]] , [[488 781]]
[[470 810]] , [[470 813]]
[[839 850]] , [[840 849]]
[[470 810]] , [[470 813]]
[[656 768]] , [[656 769]]
[[478 990]] , [[478 995]]
[[334 898]] , [[334 905]]
[[ 843 1010]] , [[ 844 1009]]
[[470 784]] , [[470 793]]
[[ 502 1018]] , [[ 502 1023]]
[[470 804]] , [[470 809]]
[[475 896]] , [[474 897]]
[[ 475 1024]] , [[ 476 1023]]
[[330 896]] , [[330 901]]
[[468 832]] , [[468 851]]
[[330 896]] , [[330 901]]
[[839 820]] , [[840 819]]
[[330 896]] , [[330 901]]
[[487 784]] , [[487 790]]
[[468 822]] , [[468 847]]
[[468 810]] , [[468 813]]
[[498 992]] , [[498 999]]
[[658 766]] , [[658 767]]
[[839 820]] , [[840 819]]
[[840 776]] , [[840 781]]
[[484 768]] , [[484 774]]
[[651 628]] , [[650 629]]
[[835 794]] , [[836 793]]
[[658 760]] , [[658 761]]
[[483 768]] , [[483 772]]
[[656 760]] , [[656 769]]
[[470 784]] , [[470 790]]
[[469 631]] , [[469 645]]
[[468 810]] , [[468 817]]
[[680 860]] , [[680 865]]
[[470 818]] , [[470 821]]
[[658 770]] , [[658 771]]
[[658 770]] , [[658 771]]
[[658 770]] , [[658 771]]
[[816 886]] , [[816 891]]
[[840 784]] , [[840 793]]
[[658 760]] , [[658 765]]
[[660 808]] , [[660 813]]
[[674 897]] , [[674 901]]
[[835 706]] , [[836 705]]
[[842 620]] , [[842 621]]
[[814 886]] , [[814 892]]
[[662 814]] , [[662 821]]
[[352 748]] , [[352 755]]
[[661 822]] , [[661 831]]
[[351 744]] , [[350 745]]
[[661 814]] , [[661 839]]
[[838 768]] , [[838 769]]
[[312 906]] , [[312 910]]
[[814 880]] , [[814 884]]
[[836 768]] , [[836 783]]
[[654 644]] , [[654 649]]
[[334 742]] , [[334 743]]
[[656 650]] , [[656 653]]
[[796 886]] , [[796 891]]
[[840 686]] , [[840 693]]
[[386 729]] , [[385 730]]
[[386 729]] , [[385 730]]
[[840 686]] , [[840 693]]
[[838 768]] , [[838 769]]
[[318 904]] , [[318 909]]
[[840 796]] , [[840 808]]
[[324 744]] , [[323 745]]
[[840 786]] , [[840 791]]
[[840 920]] , [[840 925]]
[[778 886]] , [[778 891]]
[[812 866]] , [[812 867]]
[[370 726]] , [[370 727]]
[[842 992]] , [[842 995]]
[[320 742]] , [[319 743]]
[[310 903]] , [[310 907]]
[[289 887]] , [[289 888]]
[[836 982]] , [[836 987]]
[[718 878]] , [[718 882]]
[[308 896]] , [[308 901]]
[[686 874]] , [[686 885]]
[[290 888]] , [[290 889]]
[[464 734]] , [[464 735]]
[[692 876]] , [[692 877]]
[[530 742]] , [[530 749]]
[[526 742]] , [[526 749]]
[[542 738]] , [[542 743]]
[[358 744]] , [[358 749]]
[[732 716]] , [[732 721]]
[[508 738]] , [[508 751]]
[[518 738]] , [[518 743]]
[[554 738]] , [[554 743]]
[[836 676]] , [[836 677]]
[[310 742]] , [[310 755]]
[[464 736]] , [[464 737]]
[[648 700]] , [[648 709]]
[[468 734]] , [[468 735]]
[[835 738]] , [[835 739]]
[[646 734]] , [[646 735]]
[[832 756]] , [[832 765]]
[[498 740]] , [[498 748]]
[[648 738]] , [[648 747]]
[[660 822]] , [[660 833]]
[[810 862]] , [[810 863]]
[[480 742]] , [[480 745]]
[[680 865]] , [[680 873]]
[[318 744]] , [[318 745]]
[[688 876]] , [[688 880]]
[[827 846]] , [[827 855]]
[[838 846]] , [[838 881]]
[[835 780]] , [[835 785]]
[[808 862]] , [[808 863]]
[[318 746]] , [[318 749]]
[[832 830]] , [[832 839]]
[[318 746]] , [[318 749]]
[[338 889]] , [[338 893]]
[[834 942]] , [[834 943]]
[[772 880]] , [[772 884]]
[[321 745]] , [[320 746]]
[[777 714]] , [[778 713]]
[[670 518]] , [[670 526]]
[[648 604]] , [[648 605]]
[[646 656]] , [[646 663]]
[[320 746]] , [[320 751]]
[[648 608]] , [[647 609]]
[[646 714]] , [[646 715]]
[[640 516]] , [[640 517]]
[[651 607]] , [[650 608]]
[[664 576]] , [[664 581]]
[[776 712]] , [[776 713]]
[[823 860]] , [[824 859]]
[[823 860]] , [[824 859]]
[[828 700]] , [[828 703]]
[[281 544]] , [[280 545]]
[[377 513]] , [[376 514]]
[[400 534]] , [[400 538]]
[[648 640]] , [[648 643]]
[[646 632]] , [[646 637]]
[[654 782]] , [[654 787]]
[[646 630]] , [[646 637]]
[[282 550]] , [[282 563]]
[[466 622]] , [[466 631]]
[[288 673]] , [[288 677]]
[[290 704]] , [[290 711]]
[[646 632]] , [[646 637]]
[[671 720]] , [[670 721]]
[[466 622]] , [[466 631]]
[[290 704]] , [[290 711]]
[[758 856]] , [[758 863]]
[[353 882]] , [[354 881]]
[[351 884]] , [[352 883]]
[[353 880]] , [[354 879]]
[[462 858]] , [[462 859]]
[[406 858]] , [[406 859]]
[[336 860]] , [[336 861]]
[[353 868]] , [[354 867]]
[[353 868]] , [[354 867]]
[[478 856]] , [[478 857]]
[[776 566]] , [[776 570]]
[[370 858]] , [[370 859]]
[[430 858]] , [[430 859]]
[[646 862]] , [[646 863]]
[[219 903]] , [[219 905]]
[[370 858]] , [[370 859]]
[[642 862]] , [[642 865]]
[[239 862]] , [[238 863]]
[[246 888]] , [[246 893]]
[[238 862]] , [[238 867]]
[[316 860]] , [[315 861]]
[[642 862]] , [[642 863]]
[[ 526 1010]] , [[ 526 1011]]
[[542 859]] , [[541 860]]
[[298 862]] , [[296 864]]
[[304 860]] , [[304 861]]
[[540 856]] , [[540 857]]
[[540 857]] , [[539 858]]
[[519 858]] , [[518 859]]
[[298 862]] , [[298 863]]
[[536 860]] , [[535 861]]
[[641 864]] , [[641 865]]
[[654 862]] , [[654 863]]
[[544 859]] , [[543 860]]
[[544 859]] , [[543 860]]
[[238 862]] , [[238 871]]
[[528 858]] , [[527 859]]
[[304 860]] , [[303 861]]
[[210 904]] , [[210 911]]
[[518 858]] , [[517 859]]
[[214 902]] , [[214 911]]
[[228 862]] , [[228 866]]
[[212 902]] , [[212 903]]
[[624 862]] , [[624 863]]
[[200 952]] , [[200 959]]
[[608 864]] , [[608 877]]
[[300 862]] , [[300 863]]
[[228 864]] , [[228 871]]
[[608 862]] , [[608 863]]
[[606 862]] , [[606 863]]
[[186 964]] , [[186 969]]
[[198 968]] , [[198 969]]
[[345 918]] , [[345 923]]
[[380 983]] , [[380 987]]
[[ 201 1048]] , [[ 202 1047]]
[[ 510 1018]] , [[ 510 1021]]
[[ 217 1160]] , [[ 218 1159]]
[[ 738 1028]] , [[ 738 1029]]
[[ 510 1014]] , [[ 510 1015]]
[[ 518 1012]] , [[ 518 1013]]
[[188 988]] , [[188 995]]
[[200 988]] , [[200 993]]
[[208 946]] , [[208 949]]
[[182 942]] , [[182 955]]
[[210 932]] , [[210 941]]
[[188 918]] , [[188 925]]
[[196 942]] , [[196 947]]
[[188 918]] , [[188 925]]
[[576 862]] , [[576 863]]
[[210 922]] , [[210 927]]
[[198 894]] , [[198 895]]
[[198 894]] , [[198 895]]
[[177 906]] , [[177 913]]
[[732 876]] , [[732 888]]
[[196 920]] , [[196 925]]
[[206 894]] , [[206 895]]
[[210 896]] , [[210 907]]
[[191 962]] , [[192 961]]
[[178 926]] , [[178 931]]
[[756 876]] , [[756 893]]
[[210 896]] , [[210 907]]
[[198 922]] , [[198 927]]
[[290 863]] , [[290 865]]
[[326 888]] , [[326 895]]
[[754 874]] , [[754 895]]
[[292 864]] , [[292 873]]
[[326 888]] , [[326 895]]
[[210 944]] , [[210 949]]
[[328 888]] , [[328 889]]
[[730 896]] , [[730 902]]
[[206 960]] , [[206 969]]
[[210 946]] , [[210 951]]
[[210 930]] , [[210 951]]
[[210 930]] , [[210 951]]
[[230 894]] , [[230 899]]
[[204 918]] , [[204 921]]
[[229 864]] , [[228 865]]
[[262 894]] , [[262 899]]
[[184 918]] , [[184 927]]
[[236 894]] , [[236 899]]
[[734 896]] , [[734 897]]
[[210 908]] , [[210 913]]
[[734 894]] , [[734 911]]
[[212 934]] , [[212 945]]
[[232 872]] , [[232 877]]
[[188 920]] , [[188 927]]
[[218 932]] , [[218 945]]
[[222 900]] , [[222 903]]
[[282 864]] , [[282 869]]
[[238 872]] , [[238 877]]
[[280 872]] , [[280 877]]
[[224 900]] , [[224 903]]
[[194 958]] , [[194 963]]
[[584 862]] , [[584 883]]
[[190 936]] , [[190 943]]
[[194 990]] , [[194 997]]
[[190 936]] , [[190 943]]
[[194 990]] , [[194 997]]
[[190 936]] , [[190 943]]
[[196 990]] , [[196 995]]
[[206 952]] , [[206 957]]
[[192 960]] , [[192 965]]
[[218 974]] , [[218 981]]
[[ 748 1024]] , [[ 748 1028]]
[[ 514 1012]] , [[ 514 1021]]
[[ 514 1012]] , [[ 514 1021]]
[[194 974]] , [[194 981]]
[[194 974]] , [[194 981]]
[[194 974]] , [[194 981]]
[[194 974]] , [[194 981]]
[[324 862]] , [[324 863]]
[[218 950]] , [[218 957]]
[[216 982]] , [[216 987]]
[[222 928]] , [[222 935]]
[[216 956]] , [[216 965]]
[[216 954]] , [[216 965]]
[[216 956]] , [[216 961]]
[[317 882]] , [[318 881]]
[[300 862]] , [[299 863]]
[[528 860]] , [[527 861]]
[[302 862]] , [[301 863]]
[[528 860]] , [[527 861]]
[[311 862]] , [[310 863]]
[[311 862]] , [[310 863]]
[[421 879]] , [[422 878]]
[[648 864]] , [[648 865]]
[[300 864]] , [[300 865]]
[[753 870]] , [[754 869]]
[[ 376 1020]] , [[ 376 1021]]
[[ 526 1014]] , [[ 526 1015]]
[[297 864]] , [[295 866]]
[[754 864]] , [[754 869]]
[[234 896]] , [[234 901]]
[[754 864]] , [[754 869]]
[[541 862]] , [[540 863]]
[[654 868]] , [[654 869]]
[[462 864]] , [[462 865]]
[[450 864]] , [[450 865]]
[[391 864]] , [[390 865]]
[[452 864]] , [[452 865]]
[[658 866]] , [[658 867]]
[[311 864]] , [[310 865]]
[[368 863]] , [[367 864]]
[[535 862]] , [[534 863]]
[[188 868]] , [[188 870]]
[[535 862]] , [[533 864]]
[[272 896]] , [[272 901]]
[[187 870]] , [[186 871]]
[[204 938]] , [[204 945]]
[[668 866]] , [[668 867]]
[[190 924]] , [[190 931]]
[[210 946]] , [[210 951]]
[[192 926]] , [[192 933]]
[[192 926]] , [[192 933]]
[[186 872]] , [[186 879]]
[[272 880]] , [[272 885]]
[[ 213 1008]] , [[ 214 1007]]
[[211 998]] , [[212 997]]
[[274 880]] , [[274 885]]
[[192 924]] , [[192 935]]
[[192 924]] , [[192 935]]
[[192 924]] , [[192 933]]
[[209 970]] , [[210 969]]
[[198 934]] , [[198 941]]
[[220 924]] , [[220 935]]
[[220 924]] , [[220 945]]
[[192 924]] , [[192 929]]
[[190 910]] , [[190 917]]
[[207 978]] , [[208 977]]
[[704 868]] , [[704 869]]
[[222 908]] , [[222 913]]
[[692 868]] , [[692 869]]
[[200 926]] , [[200 931]]
[[202 904]] , [[202 911]]
[[704 868]] , [[704 869]]
[[718 872]] , [[718 873]]
[[192 910]] , [[192 929]]
[[694 872]] , [[694 873]]
[[224 930]] , [[224 935]]
[[191 907]] , [[190 908]]
[[215 966]] , [[216 965]]
[[224 904]] , [[224 911]]
[[224 902]] , [[224 913]]
[[224 904]] , [[224 913]]
[[262 895]] , [[262 899]]
[[190 870]] , [[190 875]]
[[534 864]] , [[534 865]]
[[537 862]] , [[535 864]]
[[535 862]] , [[533 864]]
[[320 864]] , [[319 865]]
[[739 882]] , [[740 881]]
[[484 864]] , [[484 865]]
[[272 867]] , [[271 868]]
[[191 906]] , [[191 907]]
[[192 904]] , [[192 905]]
[[692 874]] , [[692 875]]
[[690 876]] , [[690 877]]
[[690 876]] , [[690 877]]
[[206 920]] , [[206 927]]
[[190 910]] , [[190 931]]
[[ 207 1044]] , [[ 208 1043]]
[[ 209 1056]] , [[ 210 1055]]
[[ 215 1006]] , [[ 216 1005]]
[[220 926]] , [[220 931]]
[[203 994]] , [[204 993]]
[[216 964]] , [[216 981]]
[[184 908]] , [[184 913]]
[[246 894]] , [[246 895]]
[[306 868]] , [[306 873]]
[[262 866]] , [[261 867]]
[[189 992]] , [[190 991]]
[[ 201 1068]] , [[ 202 1067]]
[[ 195 1026]] , [[ 196 1025]]
[[174 896]] , [[174 914]]
[[ 744 1008]] , [[ 744 1009]]
[[180 944]] , [[180 971]]
[[189 990]] , [[190 989]]
[[174 896]] , [[174 913]]
[[256 870]] , [[256 875]]
[[250 860]] , [[250 865]]
[[248 862]] , [[248 865]]
[[642 856]] , [[642 859]]
[[406 858]] , [[406 867]]
[[634 858]] , [[634 861]]
[[399 863]] , [[399 867]]
[[304 854]] , [[303 855]]
[[298 854]] , [[298 855]]
[[234 860]] , [[234 865]]
[[ 500 1008]] , [[ 500 1027]]
[[350 958]] , [[350 968]]
[[ 518 1006]] , [[ 518 1007]]
[[374 974]] , [[374 975]]
[[ 502 1008]] , [[ 502 1009]]
[[ 377 1020]] , [[ 378 1019]]
[[ 510 1008]] , [[ 510 1009]]
[[176 912]] , [[176 923]]
[[222 888]] , [[222 893]]
[[236 858]] , [[236 863]]
[[236 858]] , [[236 863]]
[[190 934]] , [[190 943]]
[[190 934]] , [[190 943]]
[[ 203 1360]] , [[ 204 1359]]
[[198 964]] , [[198 973]]
[[198 964]] , [[198 975]]
[[ 370 1010]] , [[ 370 1011]]
[[202 918]] , [[202 919]]
[[248 878]] , [[248 885]]
[[248 886]] , [[248 891]]
[[536 854]] , [[536 862]]
[[178 928]] , [[178 957]]
[[200 920]] , [[200 927]]
[[174 896]] , [[174 913]]
[[208 932]] , [[208 941]]
[[176 924]] , [[176 929]]
[[192 932]] , [[192 941]]
[[176 922]] , [[176 927]]
[[208 932]] , [[208 941]]
[[200 918]] , [[200 925]]
[[516 854]] , [[516 855]]
[[527 866]] , [[528 865]]
[[524 852]] , [[524 853]]
[[520 852]] , [[520 853]]
[[526 863]] , [[528 865]]
[[450 854]] , [[450 855]]
[[456 855]] , [[455 856]]
[[408 856]] , [[407 857]]
[[ 199 1407]] , [[ 200 1406]]
[[486 858]] , [[486 859]]
[[484 858]] , [[484 859]]
[[437 858]] , [[435 860]]
[[ 512 1014]] , [[ 512 1015]]
[[200 916]] , [[200 921]]
[[175 898]] , [[175 899]]
[[175 901]] , [[174 902]]
[[175 901]] , [[174 902]]
[[736 852]] , [[736 853]]
[[500 858]] , [[500 859]]
[[174 910]] , [[174 915]]
[[190 916]] , [[190 921]]
[[488 858]] , [[488 859]]
[[488 858]] , [[488 859]]
[[175 902]] , [[174 903]]
[[740 852]] , [[740 853]]
[[526 858]] , [[526 859]]
[[320 860]] , [[320 861]]
[[474 860]] , [[474 875]]
[[514 858]] , [[514 859]]
[[208 940]] , [[208 947]]
[[208 940]] , [[208 947]]
[[175 902]] , [[174 903]]
[[212 894]] , [[212 898]]
[[212 894]] , [[212 898]]
[[212 894]] , [[212 898]]
[[738 852]] , [[737 853]]
[[212 894]] , [[212 898]]
[[175 902]] , [[174 903]]
[[175 902]] , [[174 903]]
[[346 860]] , [[346 861]]
[[175 902]] , [[174 903]]
[[742 852]] , [[741 853]]
[[314 860]] , [[313 861]]
[[318 860]] , [[317 861]]
[[206 912]] , [[206 919]]
[[382 860]] , [[382 861]]
[[542 862]] , [[542 863]]
[[232 894]] , [[232 895]]
[[542 878]] , [[542 879]]
[[199 984]] , [[200 983]]
[[663 886]] , [[664 885]]
[[359 872]] , [[358 873]]
[[224 898]] , [[224 903]]
[[360 864]] , [[359 865]]
[[220 914]] , [[220 929]]
[[512 862]] , [[512 867]]
[[514 862]] , [[514 863]]
[[220 914]] , [[220 915]]
[[260 876]] , [[260 881]]
[[522 862]] , [[522 863]]
[[524 862]] , [[524 863]]
[[220 910]] , [[220 915]]
[[200 910]] , [[200 915]]
[[200 910]] , [[200 915]]
[[215 958]] , [[216 957]]
[[278 880]] , [[278 897]]
[[758 857]] , [[757 858]]
[[748 858]] , [[748 859]]
[[350 862]] , [[350 863]]
[[220 914]] , [[220 921]]
[[199 948]] , [[200 947]]
[[758 858]] , [[758 861]]
[[284 868]] , [[284 873]]
[[744 896]] , [[744 902]]
[[194 890]] , [[194 895]]
[[588 864]] , [[588 865]]
[[266 872]] , [[266 879]]
[[266 872]] , [[266 879]]
[[757 890]] , [[758 889]]
[[390 864]] , [[389 865]]
[[266 870]] , [[266 875]]
[[224 938]] , [[224 941]]
[[ 221 1072]] , [[ 222 1071]]
[[ 759 1024]] , [[ 759 1027]]
[[198 954]] , [[198 967]]
[[220 958]] , [[220 969]]
[[268 868]] , [[268 873]]
[[360 936]] , [[360 943]]
[[269 868]] , [[268 869]]
[[616 866]] , [[616 867]]
[[238 898]] , [[238 903]]
[[644 866]] , [[643 867]]
[[232 900]] , [[232 905]]
[[346 866]] , [[346 867]]
[[638 868]] , [[637 869]]
[[654 868]] , [[654 869]]
[[552 864]] , [[551 865]]
[[552 862]] , [[552 863]]
[[642 866]] , [[642 867]]
[[552 862]] , [[552 863]]
[[ 247 1068]] , [[ 248 1067]]
[[246 898]] , [[246 899]]
[[246 898]] , [[246 904]]
[[246 898]] , [[246 899]]
[[442 864]] , [[442 865]]
[[268 870]] , [[268 875]]
[[ 526 1014]] , [[ 526 1015]]
[[248 898]] , [[248 903]]
[[248 898]] , [[248 903]]
[[ 522 1014]] , [[ 522 1015]]
[[ 764 1020]] , [[ 764 1021]]
[[ 520 1014]] , [[ 520 1015]]
[[ 280 1056]] , [[ 280 1059]]
[[ 752 1020]] , [[ 752 1025]]
[[ 370 1018]] , [[ 370 1022]]
[[ 540 1012]] , [[ 540 1013]]
[[652 868]] , [[652 869]]
[[444 862]] , [[444 863]]
[[444 862]] , [[444 863]]
[[444 862]] , [[444 863]]
[[314 862]] , [[313 863]]
[[650 866]] , [[650 867]]
[[266 870]] , [[266 877]]
[[266 870]] , [[266 877]]
[[ 530 1012]] , [[ 530 1013]]
[[266 870]] , [[266 877]]
[[272 894]] , [[272 901]]
[[ 380 1018]] , [[ 380 1021]]
[[272 896]] , [[272 901]]
[[272 896]] , [[272 901]]
[[654 865]] , [[653 866]]
[[ 379 1018]] , [[ 379 1021]]
[[317 870]] , [[318 869]]
[[648 866]] , [[648 867]]
[[ 384 1022]] , [[ 384 1023]]
[[ 526 1018]] , [[ 526 1019]]
[[310 864]] , [[309 865]]
[[331 866]] , [[332 865]]
[[325 874]] , [[326 873]]
[[ 770 1014]] , [[ 770 1015]]
[[323 876]] , [[324 875]]
[[480 860]] , [[480 861]]
[[329 886]] , [[330 885]]
[[329 888]] , [[330 887]]
[[470 868]] , [[470 869]]
[[306 870]] , [[306 873]]
[[416 860]] , [[414 862]]
[[ 354 1036]] , [[ 354 1040]]
[[ 502 1012]] , [[ 502 1019]]
[[294 882]] , [[294 887]]
[[ 742 1028]] , [[ 742 1029]]
[[737 892]] , [[738 891]]
[[300 866]] , [[300 885]]
[[754 878]] , [[754 881]]
[[ 504 1020]] , [[ 504 1025]]
[[ 199 1066]] , [[ 200 1065]]
[[542 862]] , [[542 863]]
[[182 958]] , [[182 971]]
[[518 858]] , [[518 867]]
[[182 956]] , [[182 957]]
[[ 228 1048]] , [[ 228 1053]]
[[ 183 1028]] , [[ 183 1029]]
[[ 522 1008]] , [[ 522 1009]]
[[ 358 1010]] , [[ 358 1015]]
[[ 360 1010]] , [[ 360 1011]]
[[ 362 1010]] , [[ 362 1011]]
[[ 522 1008]] , [[ 522 1009]]
[[182 958]] , [[182 967]]
[[182 958]] , [[182 967]]
[[319 854]] , [[317 856]]
[[ 384 1008]] , [[ 384 1009]]
[[182 958]] , [[182 967]]
[[190 992]] , [[190 997]]
[[526 854]] , [[526 855]]
[[ 360 1010]] , [[ 360 1011]]
[[182 958]] , [[182 967]]
[[ 360 1012]] , [[ 360 1013]]
[[396 856]] , [[396 857]]
[[384 856]] , [[384 857]]
[[312 857]] , [[312 861]]
[[472 854]] , [[472 855]]
[[312 856]] , [[312 857]]
[[508 854]] , [[508 855]]
[[206 970]] , [[206 977]]
[[544 854]] , [[544 855]]
[[516 854]] , [[515 855]]
[[216 990]] , [[216 995]]
[[ 374 1010]] , [[ 374 1013]]
[[195 968]] , [[195 975]]
[[398 854]] , [[398 855]]
[[ 374 1012]] , [[ 374 1015]]
[[400 854]] , [[400 855]]
[[ 376 1008]] , [[ 376 1009]]
[[ 220 1022]] , [[ 220 1025]]
[[306 868]] , [[306 881]]
[[766 854]] , [[766 879]]
[[306 866]] , [[306 871]]
[[ 515 1006]] , [[ 515 1010]]
[[ 516 1006]] , [[ 516 1013]]
[[592 856]] , [[592 857]]
[[ 220 1022]] , [[ 220 1033]]
[[672 856]] , [[671 857]]
[[ 518 1008]] , [[ 518 1013]]
[[ 374 1018]] , [[ 374 1027]]
[[741 884]] , [[742 883]]
[[634 865]] , [[633 866]]
[[310 864]] , [[310 869]]
[[640 866]] , [[640 867]]
[[323 884]] , [[324 883]]
[[474 854]] , [[474 855]]
[[450 856]] , [[450 857]]
[[470 858]] , [[470 859]]
[[317 870]] , [[318 869]]
[[321 884]] , [[322 883]]
[[723 866]] , [[723 869]]
[[662 868]] , [[662 895]]
[[200 954]] , [[200 961]]
[[395 890]] , [[396 889]]
[[196 894]] , [[196 911]]
[[314 862]] , [[314 867]]
[[666 862]] , [[666 863]]
[[204 984]] , [[204 991]]
[[362 862]] , [[362 867]]
[[664 864]] , [[664 867]]
[[355 882]] , [[356 881]]
[[404 876]] , [[404 883]]
[[324 876]] , [[324 881]]
[[666 864]] , [[666 865]]
[[405 876]] , [[405 877]]
[[664 864]] , [[664 866]]
[[666 864]] , [[666 865]]
