[[452 510]] , [[452 521]]
[[736 153]] , [[736 157]]
[[713 163]] , [[712 164]]
[[478 516]] , [[478 517]]
[[752 514]] , [[752 515]]
[[665 530]] , [[666 529]]
[[769 512]] , [[767 514]]
[[478 518]] , [[478 525]]
[[374 514]] , [[374 523]]
[[374 514]] , [[374 523]]
[[502 514]] , [[502 519]]
[[502 514]] , [[502 519]]
[[502 514]] , [[502 519]]
[[502 514]] , [[502 519]]
[[756 514]] , [[755 515]]
[[624 267]] , [[624 271]]
[[478 514]] , [[478 525]]
[[452 512]] , [[452 521]]
[[376 514]] , [[374 516]]
[[376 514]] , [[374 516]]
[[634 264]] , [[634 265]]
[[648 274]] , [[648 278]]
[[839 602]] , [[840 601]]
[[375 514]] , [[375 515]]
[[811 520]] , [[812 519]]
[[648 274]] , [[648 278]]
[[494 514]] , [[494 517]]
[[648 274]] , [[648 278]]
[[452 514]] , [[452 521]]
[[452 514]] , [[452 521]]
[[375 514]] , [[375 515]]
[[496 516]] , [[496 521]]
[[375 514]] , [[375 515]]
[[744 514]] , [[744 515]]
[[641 532]] , [[642 531]]
[[494 516]] , [[494 521]]
[[754 514]] , [[754 515]]
[[996 435]] , [[996 439]]
[[841 566]] , [[842 565]]
[[832 518]] , [[832 523]]
[[502 516]] , [[502 523]]
[[832 516]] , [[832 523]]
[[522 528]] , [[522 533]]
[[832 517]] , [[832 523]]
[[839 566]] , [[840 565]]
[[376 515]] , [[375 516]]
[[474 520]] , [[474 531]]
[[504 516]] , [[504 524]]
[[377 515]] , [[376 516]]
[[754 514]] , [[754 515]]
[[733 268]] , [[733 273]]
[[752 514]] , [[752 515]]
[[808 515]] , [[807 516]]
[[478 520]] , [[478 529]]
[[839 574]] , [[840 573]]
[[754 514]] , [[754 515]]
[[478 520]] , [[478 527]]
[[486 514]] , [[486 515]]
[[837 528]] , [[838 527]]
[[612 258]] , [[612 262]]
[[377 514]] , [[377 515]]
[[758 514]] , [[758 515]]
[[744 160]] , [[744 165]]
[[378 514]] , [[378 515]]
[[718 273]] , [[718 277]]
[[486 514]] , [[486 515]]
[[678 258]] , [[678 262]]
[[821 524]] , [[822 523]]
[[833 530]] , [[834 529]]
[[769 148]] , [[769 153]]
[[800 514]] , [[800 515]]
[[448 512]] , [[448 518]]
[[676 256]] , [[676 257]]
[[821 540]] , [[822 539]]
[[359 750]] , [[359 755]]
[[304 534]] , [[304 535]]
[[464 704]] , [[464 713]]
[[304 534]] , [[304 535]]
[[468 622]] , [[468 633]]
[[825 530]] , [[826 529]]
[[650 630]] , [[650 651]]
[[304 534]] , [[304 535]]
[[477 536]] , [[477 537]]
[[800 514]] , [[800 515]]
[[656 616]] , [[656 621]]
[[819 528]] , [[820 527]]
[[476 546]] , [[477 545]]
[[514 516]] , [[514 517]]
[[468 624]] , [[468 629]]
[[840 618]] , [[840 619]]
[[290 686]] , [[290 705]]
[[288 726]] , [[288 733]]
[[480 530]] , [[480 533]]
[[480 530]] , [[480 535]]
[[296 694]] , [[296 703]]
[[502 518]] , [[502 523]]
[[468 650]] , [[466 652]]
[[650 622]] , [[650 631]]
[[475 538]] , [[475 545]]
[[476 546]] , [[477 545]]
[[652 624]] , [[652 629]]
[[466 624]] , [[466 633]]
[[842 618]] , [[842 619]]
[[294 580]] , [[294 587]]
[[654 624]] , [[654 627]]
[[502 518]] , [[502 523]]
[[290 590]] , [[290 599]]
[[504 518]] , [[504 523]]
[[306 535]] , [[306 539]]
[[306 535]] , [[306 539]]
[[466 624]] , [[466 633]]
[[778 536]] , [[778 541]]
[[294 672]] , [[294 677]]
[[514 516]] , [[514 519]]
[[842 618]] , [[842 619]]
[[292 678]] , [[292 705]]
[[842 618]] , [[842 619]]
[[290 590]] , [[290 599]]
[[847 554]] , [[847 559]]
[[380 515]] , [[379 516]]
[[758 514]] , [[758 515]]
[[379 515]] , [[379 517]]
[[526 520]] , [[526 524]]
[[480 534]] , [[479 535]]
[[650 634]] , [[650 635]]
[[835 538]] , [[836 537]]
[[652 258]] , [[652 262]]
[[833 538]] , [[834 537]]
[[841 546]] , [[842 545]]
[[502 514]] , [[501 515]]
[[850 560]] , [[850 566]]
[[486 514]] , [[486 517]]
[[646 264]] , [[646 269]]
[[752 514]] , [[752 515]]
[[452 512]] , [[452 519]]
[[640 264]] , [[640 269]]
[[754 514]] , [[753 515]]
[[472 512]] , [[472 513]]
[[472 512]] , [[472 513]]
[[663 530]] , [[664 529]]
[[472 530]] , [[472 531]]
[[373 516]] , [[373 520]]
[[372 514]] , [[372 522]]
[[300 540]] , [[300 541]]
[[644 626]] , [[644 627]]
[[740 151]] , [[739 152]]
[[592 258]] , [[592 262]]
[[314 530]] , [[314 535]]
[[771 142]] , [[771 147]]
[[756 512]] , [[756 513]]
[[756 512]] , [[756 513]]
[[839 642]] , [[840 641]]
[[648 624]] , [[648 625]]
[[298 537]] , [[298 544]]
[[756 513]] , [[755 514]]
[[838 534]] , [[838 541]]
[[847 568]] , [[848 567]]
[[282 544]] , [[282 547]]
[[484 514]] , [[484 515]]
[[502 518]] , [[502 523]]
[[750 128]] , [[750 133]]
[[748 512]] , [[748 513]]
[[806 512]] , [[806 513]]
[[748 512]] , [[748 515]]
[[648 264]] , [[648 269]]
[[808 513]] , [[807 514]]
[[443 513]] , [[443 517]]
[[673 264]] , [[673 268]]
[[714 275]] , [[714 279]]
[[733 267]] , [[733 273]]
[[776 512]] , [[776 513]]
[[746 514]] , [[746 515]]
[[841 964]] , [[842 963]]
[[792 512]] , [[792 513]]
[[994 432]] , [[994 439]]
[[792 512]] , [[792 513]]
[[822 542]] , [[822 547]]
[[450 514]] , [[450 518]]
[[792 512]] , [[792 513]]
[[666 275]] , [[666 279]]
[[994 432]] , [[994 439]]
[[698 275]] , [[698 279]]
[[994 432]] , [[994 439]]
[[792 512]] , [[790 514]]
[[494 514]] , [[494 521]]
[[742 130]] , [[742 134]]
[[744 130]] , [[744 134]]
[[746 130]] , [[746 134]]
[[698 275]] , [[698 279]]
[[796 512]] , [[796 513]]
[[825 538]] , [[826 537]]
[[464 512]] , [[464 516]]
[[718 275]] , [[718 279]]
[[800 512]] , [[800 513]]
[[446 513]] , [[446 519]]
[[726 164]] , [[726 169]]
[[752 512]] , [[752 515]]
[[823 530]] , [[824 529]]
[[448 512]] , [[448 521]]
[[474 514]] , [[474 517]]
[[803 524]] , [[804 523]]
[[801 524]] , [[802 523]]
[[678 256]] , [[678 263]]
[[774 512]] , [[774 513]]
[[774 512]] , [[774 513]]
[[650 616]] , [[650 617]]
[[486 514]] , [[486 515]]
[[670 256]] , [[670 262]]
[[815 522]] , [[816 521]]
[[947 368]] , [[946 369]]
[[478 532]] , [[478 535]]
[[380 516]] , [[380 520]]
[[320 530]] , [[320 535]]
[[494 515]] , [[494 523]]
[[323 528]] , [[323 529]]
[[756 514]] , [[756 515]]
[[843 535]] , [[844 534]]
[[843 535]] , [[844 534]]
[[512 518]] , [[512 523]]
[[380 516]] , [[380 520]]
[[490 514]] , [[490 515]]
[[490 514]] , [[490 515]]
[[478 514]] , [[478 520]]
[[382 514]] , [[382 515]]
[[740 516]] , [[740 517]]
[[837 544]] , [[838 543]]
[[811 722]] , [[812 721]]
[[761 515]] , [[760 516]]
[[835 954]] , [[836 953]]
[[853 578]] , [[854 577]]
[[833 746]] , [[834 745]]
[[851 578]] , [[852 577]]
[[829 882]] , [[830 881]]
[[656 265]] , [[656 269]]
[[490 514]] , [[490 515]]
[[776 514]] , [[775 515]]
[[512 518]] , [[512 523]]
[[726 516]] , [[726 517]]
[[480 526]] , [[480 533]]
[[476 514]] , [[476 520]]
[[678 256]] , [[678 262]]
[[815 522]] , [[816 521]]
[[306 538]] , [[306 539]]
[[306 538]] , [[306 539]]
[[494 518]] , [[494 523]]
[[496 518]] , [[496 523]]
[[838 556]] , [[838 566]]
[[480 532]] , [[480 533]]
[[846 552]] , [[846 556]]
[[833 708]] , [[834 707]]
[[478 526]] , [[478 532]]
[[480 516]] , [[480 521]]
[[526 518]] , [[526 519]]
[[842 557]] , [[842 561]]
[[286 722]] , [[286 727]]
[[650 630]] , [[650 637]]
[[294 678]] , [[294 685]]
[[840 620]] , [[840 621]]
[[650 628]] , [[650 637]]
[[304 536]] , [[304 547]]
[[379 516]] , [[379 517]]
[[480 516]] , [[480 521]]
[[650 628]] , [[650 651]]
[[306 536]] , [[306 537]]
[[838 622]] , [[838 623]]
[[518 520]] , [[518 525]]
[[314 744]] , [[314 747]]
[[470 626]] , [[470 627]]
[[654 628]] , [[654 633]]
[[852 547]] , [[852 551]]
[[658 770]] , [[658 771]]
[[470 626]] , [[470 627]]
[[312 744]] , [[312 747]]
[[840 776]] , [[840 779]]
[[297 679]] , [[296 680]]
[[297 697]] , [[297 701]]
[[296 680]] , [[296 686]]
[[308 542]] , [[308 543]]
[[294 678]] , [[294 687]]
[[840 622]] , [[840 623]]
[[294 678]] , [[294 687]]
[[840 622]] , [[840 623]]
[[658 766]] , [[658 767]]
[[308 536]] , [[308 537]]
[[292 582]] , [[292 585]]
[[842 551]] , [[842 555]]
[[308 536]] , [[308 537]]
[[742 516]] , [[742 518]]
[[838 622]] , [[838 623]]
[[320 528]] , [[320 533]]
[[854 562]] , [[854 563]]
[[308 536]] , [[308 537]]
[[837 674]] , [[838 673]]
[[500 518]] , [[500 522]]
[[838 620]] , [[838 623]]
[[648 622]] , [[648 626]]
[[840 620]] , [[840 621]]
[[854 567]] , [[854 573]]
[[462 540]] , [[462 545]]
[[464 549]] , [[464 555]]
[[843 700]] , [[844 699]]
[[468 592]] , [[468 603]]
[[292 584]] , [[292 589]]
[[650 610]] , [[650 611]]
[[472 650]] , [[472 655]]
[[466 582]] , [[466 591]]
[[286 548]] , [[286 549]]
[[662 272]] , [[662 277]]
[[840 686]] , [[840 693]]
[[840 542]] , [[840 547]]
[[842 618]] , [[842 619]]
[[624 272]] , [[624 277]]
[[663 530]] , [[664 529]]
[[669 528]] , [[670 527]]
[[652 600]] , [[652 607]]
[[663 526]] , [[664 525]]
[[829 522]] , [[830 521]]
[[610 265]] , [[610 269]]
[[652 536]] , [[652 541]]
[[836 656]] , [[836 665]]
[[638 518]] , [[638 525]]
[[638 518]] , [[638 525]]
[[750 514]] , [[750 515]]
[[370 726]] , [[370 727]]
[[828 716]] , [[828 717]]
[[307 544]] , [[307 548]]
[[758 714]] , [[757 715]]
[[768 512]] , [[768 513]]
[[838 710]] , [[838 717]]
[[828 708]] , [[828 709]]
[[368 736]] , [[368 744]]
[[688 520]] , [[688 525]]
[[480 732]] , [[480 733]]
[[286 550]] , [[286 565]]
[[286 550]] , [[286 563]]
[[800 512]] , [[799 513]]
[[798 513]] , [[797 514]]
[[686 520]] , [[686 525]]
[[785 714]] , [[785 719]]
[[732 256]] , [[732 260]]
[[848 560]] , [[848 565]]
[[738 518]] , [[738 523]]
[[672 516]] , [[672 523]]
[[284 548]] , [[284 552]]
[[614 258]] , [[614 262]]
[[762 512]] , [[762 513]]
[[711 518]] , [[711 525]]
[[456 560]] , [[456 565]]
[[812 511]] , [[811 512]]
[[320 530]] , [[320 535]]
[[646 596]] , [[646 603]]
[[832 672]] , [[832 681]]
[[836 618]] , [[836 628]]
[[740 720]] , [[740 725]]
[[854 582]] , [[854 587]]
[[816 694]] , [[816 701]]
[[704 516]] , [[704 517]]
[[468 606]] , [[468 625]]
[[294 554]] , [[294 555]]
[[646 648]] , [[646 657]]
[[704 516]] , [[704 517]]
[[290 580]] , [[290 584]]
[[792 510]] , [[792 511]]
[[820 698]] , [[820 705]]
[[694 722]] , [[694 727]]
[[840 682]] , [[840 689]]
[[670 518]] , [[670 526]]
[[766 510]] , [[766 511]]
[[748 160]] , [[748 161]]
[[640 516]] , [[640 517]]
[[835 712]] , [[836 711]]
[[786 510]] , [[785 511]]
[[730 156]] , [[730 161]]
[[819 722]] , [[820 721]]
[[835 948]] , [[836 947]]
[[281 549]] , [[281 555]]
[[281 549]] , [[281 551]]
[[836 592]] , [[836 601]]
[[482 514]] , [[482 521]]
[[835 882]] , [[836 881]]
[[797 514]] , [[797 515]]
[[841 556]] , [[842 555]]
[[640 272]] , [[640 276]]
[[624 273]] , [[624 278]]
[[376 514]] , [[376 521]]
[[476 547]] , [[477 546]]
[[482 514]] , [[482 521]]
[[838 520]] , [[838 527]]
[[376 515]] , [[376 521]]
[[748 512]] , [[748 513]]
[[452 510]] , [[452 521]]
[[736 153]] , [[736 157]]
[[713 163]] , [[712 164]]
[[478 516]] , [[478 517]]
[[752 514]] , [[752 515]]
[[665 530]] , [[666 529]]
[[769 512]] , [[767 514]]
[[478 518]] , [[478 525]]
[[374 514]] , [[374 523]]
[[374 514]] , [[374 523]]
[[502 514]] , [[502 519]]
[[502 514]] , [[502 519]]
[[502 514]] , [[502 519]]
[[502 514]] , [[502 519]]
[[756 514]] , [[755 515]]
[[624 267]] , [[624 271]]
[[478 514]] , [[478 525]]
[[452 512]] , [[452 521]]
[[376 514]] , [[374 516]]
[[376 514]] , [[374 516]]
[[634 264]] , [[634 265]]
[[648 274]] , [[648 278]]
[[839 602]] , [[840 601]]
[[375 514]] , [[375 515]]
[[811 520]] , [[812 519]]
[[648 274]] , [[648 278]]
[[494 514]] , [[494 517]]
[[648 274]] , [[648 278]]
[[452 514]] , [[452 521]]
[[452 514]] , [[452 521]]
[[375 514]] , [[375 515]]
[[496 516]] , [[496 521]]
[[375 514]] , [[375 515]]
[[744 514]] , [[744 515]]
[[641 532]] , [[642 531]]
[[494 516]] , [[494 521]]
[[754 514]] , [[754 515]]
[[996 435]] , [[996 439]]
[[841 566]] , [[842 565]]
[[832 518]] , [[832 523]]
[[502 516]] , [[502 523]]
[[832 516]] , [[832 523]]
[[522 528]] , [[522 533]]
[[832 517]] , [[832 523]]
[[839 566]] , [[840 565]]
[[376 515]] , [[375 516]]
[[474 520]] , [[474 531]]
[[504 516]] , [[504 524]]
[[377 515]] , [[376 516]]
[[754 514]] , [[754 515]]
[[733 268]] , [[733 273]]
[[752 514]] , [[752 515]]
[[808 515]] , [[807 516]]
[[478 520]] , [[478 529]]
[[839 574]] , [[840 573]]
[[754 514]] , [[754 515]]
[[478 520]] , [[478 527]]
[[486 514]] , [[486 515]]
[[837 528]] , [[838 527]]
[[612 258]] , [[612 262]]
[[377 514]] , [[377 515]]
[[758 514]] , [[758 515]]
[[744 160]] , [[744 165]]
[[378 514]] , [[378 515]]
[[718 273]] , [[718 277]]
[[486 514]] , [[486 515]]
[[678 258]] , [[678 262]]
[[821 524]] , [[822 523]]
[[833 530]] , [[834 529]]
[[769 148]] , [[769 153]]
[[800 514]] , [[800 515]]
[[448 512]] , [[448 518]]
[[676 256]] , [[676 257]]
[[821 540]] , [[822 539]]
[[359 750]] , [[359 755]]
[[304 534]] , [[304 535]]
[[464 704]] , [[464 713]]
[[304 534]] , [[304 535]]
[[468 622]] , [[468 633]]
[[825 530]] , [[826 529]]
[[650 630]] , [[650 651]]
[[304 534]] , [[304 535]]
[[477 536]] , [[477 537]]
[[800 514]] , [[800 515]]
[[656 616]] , [[656 621]]
[[819 528]] , [[820 527]]
[[476 546]] , [[477 545]]
[[514 516]] , [[514 517]]
[[468 624]] , [[468 629]]
[[840 618]] , [[840 619]]
[[290 686]] , [[290 705]]
[[288 726]] , [[288 733]]
[[480 530]] , [[480 533]]
[[480 530]] , [[480 535]]
[[296 694]] , [[296 703]]
[[502 518]] , [[502 523]]
[[468 650]] , [[466 652]]
[[650 622]] , [[650 631]]
[[475 538]] , [[475 545]]
[[476 546]] , [[477 545]]
[[652 624]] , [[652 629]]
[[466 624]] , [[466 633]]
[[842 618]] , [[842 619]]
[[294 580]] , [[294 587]]
[[654 624]] , [[654 627]]
[[502 518]] , [[502 523]]
[[290 590]] , [[290 599]]
[[504 518]] , [[504 523]]
[[306 535]] , [[306 539]]
[[306 535]] , [[306 539]]
[[466 624]] , [[466 633]]
[[778 536]] , [[778 541]]
[[294 672]] , [[294 677]]
[[514 516]] , [[514 519]]
[[842 618]] , [[842 619]]
[[292 678]] , [[292 705]]
[[842 618]] , [[842 619]]
[[290 590]] , [[290 599]]
[[847 554]] , [[847 559]]
[[380 515]] , [[379 516]]
[[758 514]] , [[758 515]]
[[379 515]] , [[379 517]]
[[526 520]] , [[526 524]]
[[480 534]] , [[479 535]]
[[650 634]] , [[650 635]]
[[835 538]] , [[836 537]]
[[652 258]] , [[652 262]]
[[833 538]] , [[834 537]]
[[841 546]] , [[842 545]]
[[502 514]] , [[501 515]]
[[850 560]] , [[850 566]]
[[486 514]] , [[486 517]]
[[646 264]] , [[646 269]]
[[752 514]] , [[752 515]]
[[452 512]] , [[452 519]]
[[640 264]] , [[640 269]]
[[754 514]] , [[753 515]]
[[472 512]] , [[472 513]]
[[472 512]] , [[472 513]]
[[663 530]] , [[664 529]]
[[472 530]] , [[472 531]]
[[373 516]] , [[373 520]]
[[372 514]] , [[372 522]]
[[300 540]] , [[300 541]]
[[644 626]] , [[644 627]]
[[740 151]] , [[739 152]]
[[592 258]] , [[592 262]]
[[314 530]] , [[314 535]]
[[771 142]] , [[771 147]]
[[756 512]] , [[756 513]]
[[756 512]] , [[756 513]]
[[839 642]] , [[840 641]]
[[648 624]] , [[648 625]]
[[298 537]] , [[298 544]]
[[756 513]] , [[755 514]]
[[838 534]] , [[838 541]]
[[847 568]] , [[848 567]]
[[282 544]] , [[282 547]]
[[484 514]] , [[484 515]]
[[502 518]] , [[502 523]]
[[750 128]] , [[750 133]]
[[748 512]] , [[748 513]]
[[806 512]] , [[806 513]]
[[748 512]] , [[748 515]]
[[648 264]] , [[648 269]]
[[808 513]] , [[807 514]]
[[443 513]] , [[443 517]]
[[673 264]] , [[673 268]]
[[714 275]] , [[714 279]]
[[733 267]] , [[733 273]]
[[776 512]] , [[776 513]]
[[746 514]] , [[746 515]]
[[841 964]] , [[842 963]]
[[792 512]] , [[792 513]]
[[994 432]] , [[994 439]]
[[792 512]] , [[792 513]]
[[822 542]] , [[822 547]]
[[450 514]] , [[450 518]]
[[792 512]] , [[792 513]]
[[666 275]] , [[666 279]]
[[994 432]] , [[994 439]]
[[698 275]] , [[698 279]]
[[994 432]] , [[994 439]]
[[792 512]] , [[790 514]]
[[494 514]] , [[494 521]]
[[742 130]] , [[742 134]]
[[744 130]] , [[744 134]]
[[746 130]] , [[746 134]]
[[698 275]] , [[698 279]]
[[796 512]] , [[796 513]]
[[825 538]] , [[826 537]]
[[464 512]] , [[464 516]]
[[718 275]] , [[718 279]]
[[800 512]] , [[800 513]]
[[446 513]] , [[446 519]]
[[726 164]] , [[726 169]]
[[752 512]] , [[752 515]]
[[823 530]] , [[824 529]]
[[448 512]] , [[448 521]]
[[474 514]] , [[474 517]]
[[803 524]] , [[804 523]]
[[801 524]] , [[802 523]]
[[678 256]] , [[678 263]]
[[774 512]] , [[774 513]]
[[774 512]] , [[774 513]]
[[650 616]] , [[650 617]]
[[486 514]] , [[486 515]]
[[670 256]] , [[670 262]]
[[815 522]] , [[816 521]]
[[947 368]] , [[946 369]]
[[478 532]] , [[478 535]]
[[380 516]] , [[380 520]]
[[320 530]] , [[320 535]]
[[494 515]] , [[494 523]]
[[323 528]] , [[323 529]]
[[756 514]] , [[756 515]]
[[843 535]] , [[844 534]]
[[843 535]] , [[844 534]]
[[512 518]] , [[512 523]]
[[380 516]] , [[380 520]]
[[490 514]] , [[490 515]]
[[490 514]] , [[490 515]]
[[478 514]] , [[478 520]]
[[382 514]] , [[382 515]]
[[740 516]] , [[740 517]]
[[837 544]] , [[838 543]]
[[811 722]] , [[812 721]]
[[761 515]] , [[760 516]]
[[835 954]] , [[836 953]]
[[853 578]] , [[854 577]]
[[833 746]] , [[834 745]]
[[851 578]] , [[852 577]]
[[829 882]] , [[830 881]]
[[656 265]] , [[656 269]]
[[490 514]] , [[490 515]]
[[776 514]] , [[775 515]]
[[512 518]] , [[512 523]]
[[726 516]] , [[726 517]]
[[480 526]] , [[480 533]]
[[476 514]] , [[476 520]]
[[678 256]] , [[678 262]]
[[815 522]] , [[816 521]]
[[306 538]] , [[306 539]]
[[306 538]] , [[306 539]]
[[494 518]] , [[494 523]]
[[496 518]] , [[496 523]]
[[838 556]] , [[838 566]]
[[480 532]] , [[480 533]]
[[846 552]] , [[846 556]]
[[833 708]] , [[834 707]]
[[478 526]] , [[478 532]]
[[480 516]] , [[480 521]]
[[526 518]] , [[526 519]]
[[842 557]] , [[842 561]]
[[286 722]] , [[286 727]]
[[650 630]] , [[650 637]]
[[294 678]] , [[294 685]]
[[840 620]] , [[840 621]]
[[650 628]] , [[650 637]]
[[304 536]] , [[304 547]]
[[379 516]] , [[379 517]]
[[480 516]] , [[480 521]]
[[650 628]] , [[650 651]]
[[306 536]] , [[306 537]]
[[838 622]] , [[838 623]]
[[518 520]] , [[518 525]]
[[314 744]] , [[314 747]]
[[470 626]] , [[470 627]]
[[654 628]] , [[654 633]]
[[852 547]] , [[852 551]]
[[658 770]] , [[658 771]]
[[470 626]] , [[470 627]]
[[312 744]] , [[312 747]]
[[840 776]] , [[840 779]]
[[297 679]] , [[296 680]]
[[297 697]] , [[297 701]]
[[296 680]] , [[296 686]]
[[308 542]] , [[308 543]]
[[294 678]] , [[294 687]]
[[840 622]] , [[840 623]]
[[294 678]] , [[294 687]]
[[840 622]] , [[840 623]]
[[658 766]] , [[658 767]]
[[308 536]] , [[308 537]]
[[292 582]] , [[292 585]]
[[842 551]] , [[842 555]]
[[308 536]] , [[308 537]]
[[742 516]] , [[742 518]]
[[838 622]] , [[838 623]]
[[320 528]] , [[320 533]]
[[854 562]] , [[854 563]]
[[308 536]] , [[308 537]]
[[837 674]] , [[838 673]]
[[500 518]] , [[500 522]]
[[838 620]] , [[838 623]]
[[648 622]] , [[648 626]]
[[840 620]] , [[840 621]]
[[854 567]] , [[854 573]]
[[462 540]] , [[462 545]]
[[464 549]] , [[464 555]]
[[843 700]] , [[844 699]]
[[468 592]] , [[468 603]]
[[292 584]] , [[292 589]]
[[650 610]] , [[650 611]]
[[472 650]] , [[472 655]]
[[466 582]] , [[466 591]]
[[286 548]] , [[286 549]]
[[662 272]] , [[662 277]]
[[840 686]] , [[840 693]]
[[840 542]] , [[840 547]]
[[842 618]] , [[842 619]]
[[624 272]] , [[624 277]]
[[663 530]] , [[664 529]]
[[669 528]] , [[670 527]]
[[652 600]] , [[652 607]]
[[663 526]] , [[664 525]]
[[829 522]] , [[830 521]]
[[610 265]] , [[610 269]]
[[652 536]] , [[652 541]]
[[836 656]] , [[836 665]]
[[638 518]] , [[638 525]]
[[638 518]] , [[638 525]]
[[750 514]] , [[750 515]]
[[370 726]] , [[370 727]]
[[828 716]] , [[828 717]]
[[307 544]] , [[307 548]]
[[758 714]] , [[757 715]]
[[768 512]] , [[768 513]]
[[838 710]] , [[838 717]]
[[828 708]] , [[828 709]]
[[368 736]] , [[368 744]]
[[688 520]] , [[688 525]]
[[480 732]] , [[480 733]]
[[286 550]] , [[286 565]]
[[286 550]] , [[286 563]]
[[800 512]] , [[799 513]]
[[798 513]] , [[797 514]]
[[686 520]] , [[686 525]]
[[785 714]] , [[785 719]]
[[732 256]] , [[732 260]]
[[848 560]] , [[848 565]]
[[738 518]] , [[738 523]]
[[672 516]] , [[672 523]]
[[284 548]] , [[284 552]]
[[614 258]] , [[614 262]]
[[762 512]] , [[762 513]]
[[711 518]] , [[711 525]]
[[456 560]] , [[456 565]]
[[812 511]] , [[811 512]]
[[320 530]] , [[320 535]]
[[646 596]] , [[646 603]]
[[832 672]] , [[832 681]]
[[836 618]] , [[836 628]]
[[740 720]] , [[740 725]]
[[854 582]] , [[854 587]]
[[816 694]] , [[816 701]]
[[704 516]] , [[704 517]]
[[468 606]] , [[468 625]]
[[294 554]] , [[294 555]]
[[646 648]] , [[646 657]]
[[704 516]] , [[704 517]]
[[290 580]] , [[290 584]]
[[792 510]] , [[792 511]]
[[820 698]] , [[820 705]]
[[694 722]] , [[694 727]]
[[840 682]] , [[840 689]]
[[670 518]] , [[670 526]]
[[766 510]] , [[766 511]]
[[748 160]] , [[748 161]]
[[640 516]] , [[640 517]]
[[835 712]] , [[836 711]]
[[786 510]] , [[785 511]]
[[730 156]] , [[730 161]]
[[819 722]] , [[820 721]]
[[835 948]] , [[836 947]]
[[281 549]] , [[281 555]]
[[281 549]] , [[281 551]]
[[836 592]] , [[836 601]]
[[482 514]] , [[482 521]]
[[835 882]] , [[836 881]]
[[797 514]] , [[797 515]]
[[841 556]] , [[842 555]]
[[640 272]] , [[640 276]]
[[624 273]] , [[624 278]]
[[376 514]] , [[376 521]]
[[476 547]] , [[477 546]]
[[482 514]] , [[482 521]]
[[838 520]] , [[838 527]]
[[376 515]] , [[376 521]]
[[748 512]] , [[748 513]]
[[308 864]] , [[308 869]]
[[308 864]] , [[308 869]]
[[382 862]] , [[382 863]]
[[512 860]] , [[512 861]]
[[304 860]] , [[304 861]]
[[416 859]] , [[415 860]]
[[743 880]] , [[744 879]]
[[392 860]] , [[392 861]]
[[285 868]] , [[286 867]]
[[743 892]] , [[744 891]]
[[434 860]] , [[434 861]]
[[556 862]] , [[556 863]]
[[558 862]] , [[558 863]]
[[558 862]] , [[558 863]]
[[558 862]] , [[558 863]]
[[285 862]] , [[284 863]]
[[282 866]] , [[282 873]]
[[295 868]] , [[296 867]]
[[288 862]] , [[288 865]]
[[362 938]] , [[363 937]]
[[1077  649]] , [[1076  650]]
[[369 936]] , [[370 935]]
[[728 860]] , [[728 865]]
[[298 862]] , [[297 863]]
[[592 862]] , [[592 879]]
[[238 880]] , [[238 887]]
[[300 862]] , [[300 867]]
[[400 860]] , [[400 861]]
[[371 872]] , [[372 871]]
[[538 862]] , [[537 863]]
[[538 862]] , [[537 863]]
[[  0 312]] , [[  0 316]]
[[364 868]] , [[364 869]]
[[658 862]] , [[658 863]]
[[320 854]] , [[320 855]]
[[364 848]] , [[364 849]]
[[530 846]] , [[530 847]]
[[307 864]] , [[308 863]]
[[295 868]] , [[296 867]]
[[295 868]] , [[296 867]]
[[234 856]] , [[234 863]]
[[382 854]] , [[382 855]]
[[484 852]] , [[484 853]]
[[752 860]] , [[752 861]]
[[246 876]] , [[246 889]]
[[766 866]] , [[766 881]]
[[602 864]] , [[602 865]]
[[389 880]] , [[390 879]]
[[334 852]] , [[334 853]]
[[736 846]] , [[736 847]]
