[[ 33 238]] , [[ 34 237]]
[[512 518]] , [[512 525]]
[[486 518]] , [[486 523]]
[[767 710]] , [[767 711]]
[[512 518]] , [[512 525]]
[[742 716]] , [[742 721]]
[[288 548]] , [[287 549]]
[[ 698 1000]] , [[ 698 1005]]
[[305 542]] , [[305 543]]
[[763 714]] , [[762 715]]
[[288 547]] , [[287 548]]
[[763 714]] , [[762 715]]
[[478 520]] , [[478 533]]
[[762 714]] , [[761 715]]
[[304 540]] , [[304 541]]
[[288 547]] , [[287 548]]
[[288 546]] , [[288 547]]
[[742 716]] , [[742 717]]
[[803 710]] , [[803 714]]
[[358 749]] , [[358 753]]
[[740 719]] , [[740 723]]
[[488 970]] , [[488 975]]
[[488 518]] , [[488 523]]
[[302 537]] , [[302 543]]
[[302 537]] , [[302 543]]
[[480 976]] , [[480 980]]
[[766 710]] , [[766 711]]
[[719 720]] , [[719 725]]
[[714 720]] , [[714 725]]
[[476 758]] , [[476 763]]
[[678 952]] , [[678 957]]
[[678 960]] , [[678 967]]
[[658 812]] , [[658 815]]
[[656 798]] , [[656 799]]
[[646 702]] , [[646 717]]
[[357 750]] , [[357 754]]
[[722 718]] , [[721 719]]
[[670 722]] , [[670 727]]
[[726 717]] , [[725 718]]
[[726 717]] , [[725 718]]
[[842 738]] , [[842 743]]
[[840 752]] , [[840 763]]
[[671 858]] , [[672 857]]
[[834 768]] , [[834 777]]
[[648 626]] , [[648 633]]
[[656 790]] , [[656 797]]
[[484 872]] , [[484 877]]
[[654 784]] , [[654 833]]
[[354 750]] , [[354 754]]
[[486 872]] , [[486 877]]
[[474 868]] , [[474 872]]
[[486 872]] , [[486 873]]
[[466 860]] , [[466 865]]
[[674 920]] , [[674 921]]
[[474 710]] , [[474 717]]
[[466 814]] , [[466 849]]
[[466 804]] , [[466 809]]
[[486 872]] , [[486 873]]
[[466 814]] , [[466 849]]
[[466 857]] , [[466 861]]
[[464 800]] , [[464 807]]
[[466 816]] , [[466 849]]
[[665 868]] , [[666 867]]
[[656 772]] , [[656 785]]
[[671 864]] , [[672 863]]
[[650 770]] , [[650 775]]
[[657 798]] , [[657 799]]
[[464 814]] , [[464 837]]
[[464 814]] , [[464 837]]
[[486 872]] , [[484 874]]
[[654 782]] , [[654 789]]
[[654 782]] , [[654 801]]
[[485 781]] , [[484 782]]
[[ 774 1610]] , [[ 773 1611]]
[[ 487 1011]] , [[ 488 1010]]
[[ 487 1011]] , [[ 488 1010]]
[[466 798]] , [[466 799]]
[[474 894]] , [[474 897]]
[[485 781]] , [[484 782]]
[[486 874]] , [[485 875]]
[[462 784]] , [[462 791]]
[[655 780]] , [[655 785]]
[[464 664]] , [[464 677]]
[[474 894]] , [[474 896]]
[[464 664]] , [[464 677]]
[[464 800]] , [[464 817]]
[[482 786]] , [[482 790]]
[[694 968]] , [[694 975]]
[[650 628]] , [[650 629]]
[[694 968]] , [[694 975]]
[[485 781]] , [[485 785]]
[[482 786]] , [[482 790]]
[[482 786]] , [[482 790]]
[[ 482 1000]] , [[ 482 1007]]
[[471 836]] , [[472 835]]
[[484 872]] , [[483 873]]
[[484 872]] , [[483 873]]
[[466 796]] , [[466 801]]
[[671 856]] , [[672 855]]
[[483 768]] , [[483 774]]
[[466 796]] , [[466 801]]
[[652 780]] , [[652 784]]
[[654 780]] , [[654 785]]
[[466 796]] , [[466 801]]
[[656 784]] , [[656 797]]
[[466 815]] , [[466 827]]
[[483 786]] , [[483 791]]
[[458 640]] , [[458 645]]
[[302 538]] , [[302 539]]
[[466 796]] , [[466 813]]
[[670 920]] , [[670 929]]
[[484 788]] , [[484 795]]
[[358 887]] , [[358 891]]
[[483 801]] , [[483 805]]
[[485 790]] , [[485 795]]
[[ 798 1610]] , [[ 797 1611]]
[[468 842]] , [[468 845]]
[[ 482 1006]] , [[ 482 1007]]
[[654 784]] , [[654 793]]
[[466 804]] , [[466 811]]
[[485 870]] , [[485 871]]
[[284 548]] , [[283 549]]
[[847 576]] , [[848 575]]
[[284 548]] , [[283 549]]
[[646 632]] , [[646 655]]
[[482 776]] , [[482 785]]
[[282 548]] , [[282 549]]
[[670 922]] , [[670 925]]
[[477 535]] , [[477 538]]
[[649 768]] , [[648 769]]
[[654 771]] , [[654 775]]
[[660 820]] , [[660 821]]
[[665 867]] , [[664 868]]
[[475 927]] , [[475 929]]
[[660 844]] , [[660 849]]
[[ 724 1612]] , [[ 724 1616]]
[[ 485 1023]] , [[ 484 1024]]
[[682 960]] , [[682 971]]
[[742 719]] , [[742 723]]
[[768 708]] , [[768 709]]
[[701 995]] , [[700 996]]
[[ 482 1022]] , [[ 481 1023]]
[[ 749 1613]] , [[ 749 1617]]
[[ 490 1007]] , [[ 490 1011]]
[[ 801 1610]] , [[ 800 1611]]
[[ 703 1001]] , [[ 702 1002]]
[[ 492 1016]] , [[ 492 1023]]
[[ 724 1612]] , [[ 724 1616]]
[[806 704]] , [[806 705]]
[[712 720]] , [[711 721]]
[[770 708]] , [[769 709]]
[[702 722]] , [[702 727]]
[[848 558]] , [[848 559]]
[[770 708]] , [[769 709]]
[[848 550]] , [[848 555]]
[[818 698]] , [[818 699]]
[[450 532]] , [[450 536]]
[[823 866]] , [[823 871]]
[[832 832]] , [[832 833]]
[[ 792 1611]] , [[ 791 1612]]
[[838 920]] , [[838 927]]
[[839 940]] , [[839 943]]
[[838 920]] , [[838 927]]
[[ 912 1874]] , [[ 911 1875]]
[[838 940]] , [[838 943]]
[[ 912 1874]] , [[ 912 1880]]
[[ 493 1024]] , [[ 493 1025]]
[[ 684 1005]] , [[ 683 1006]]
[[660 860]] , [[660 879]]
[[ 496 1026]] , [[ 496 1033]]
[[835 986]] , [[836 985]]
[[838 924]] , [[838 927]]
[[486 776]] , [[486 789]]
[[674 868]] , [[674 877]]
[[671 866]] , [[672 865]]
[[838 926]] , [[838 927]]
[[486 798]] , [[486 807]]
[[ 703 1003]] , [[ 703 1007]]
[[320 904]] , [[320 909]]
[[838 926]] , [[838 927]]
[[ 486 1016]] , [[ 486 1021]]
[[297 887]] , [[297 891]]
[[297 887]] , [[297 891]]
[[498 998]] , [[ 498 1006]]
[[470 866]] , [[470 873]]
[[ 708 1611]] , [[ 708 1615]]
[[ 486 1022]] , [[ 484 1024]]
[[470 866]] , [[470 873]]
[[660 794]] , [[660 795]]
[[ 496 1014]] , [[ 496 1019]]
[[ 498 1000]] , [[ 498 1009]]
[[ 498 1000]] , [[ 498 1009]]
[[472 896]] , [[472 901]]
[[ 496 1012]] , [[ 496 1023]]
[[470 895]] , [[470 899]]
[[486 998]] , [[486 999]]
[[836 768]] , [[836 769]]
[[343 897]] , [[343 904]]
[[338 886]] , [[338 893]]
[[ 495 1006]] , [[ 495 1007]]
[[674 924]] , [[674 925]]
[[ 912 1873]] , [[ 912 1877]]
[[673 922]] , [[673 923]]
[[ 883 1874]] , [[ 882 1875]]
[[ 915 1873]] , [[ 915 1877]]
[[ 304 1046]] , [[ 304 1051]]
[[ 496 1012]] , [[ 496 1013]]
[[ 486 1006]] , [[ 486 1011]]
[[836 772]] , [[836 775]]
[[468 768]] , [[468 783]]
[[672 926]] , [[672 943]]
[[294 888]] , [[294 893]]
[[837 772]] , [[837 775]]
[[838 932]] , [[838 933]]
[[ 802 1610]] , [[ 801 1611]]
[[838 778]] , [[838 783]]
[[838 778]] , [[838 783]]
[[834 798]] , [[834 819]]
[[760 713]] , [[760 714]]
[[839 778]] , [[839 785]]
[[836 936]] , [[836 942]]
[[834 862]] , [[834 863]]
[[834 698]] , [[834 699]]
[[ 480 1010]] , [[ 480 1015]]
[[480 974]] , [[480 983]]
[[478 960]] , [[478 977]]
[[458 540]] , [[458 541]]
[[824 702]] , [[824 703]]
[[848 570]] , [[848 575]]
[[ 678 1014]] , [[ 678 1022]]
[[ 708 1016]] , [[ 708 1023]]
[[ 761 1612]] , [[ 760 1613]]
[[ 492 1014]] , [[ 492 1023]]
[[ 632 1613]] , [[ 632 1617]]
[[692 993]] , [[692 999]]
[[ 832 1012]] , [[ 832 1013]]
[[686 988]] , [[686 991]]
[[ 480 1020]] , [[ 480 1021]]
[[676 962]] , [[676 971]]
[[680 856]] , [[680 861]]
[[ 475 1034]] , [[ 476 1033]]
[[ 842 1009]] , [[ 842 1017]]
[[835 820]] , [[836 819]]
[[654 798]] , [[654 807]]
[[644 630]] , [[644 635]]
[[483 792]] , [[482 793]]
[[356 752]] , [[356 756]]
[[680 855]] , [[680 857]]
[[652 784]] , [[652 791]]
[[472 842]] , [[472 845]]
[[ 848 1616]] , [[ 848 1621]]
[[ 784 1872]] , [[ 784 1875]]
[[466 852]] , [[466 873]]
[[ 486 1006]] , [[ 486 1013]]
[[484 900]] , [[484 905]]
[[672 928]] , [[672 931]]
[[466 852]] , [[466 865]]
[[693 984]] , [[694 983]]
[[650 782]] , [[650 791]]
[[483 792]] , [[483 794]]
[[470 856]] , [[470 861]]
[[464 802]] , [[464 849]]
[[650 782]] , [[650 801]]
[[650 782]] , [[650 803]]
[[483 792]] , [[483 794]]
[[481 767]] , [[481 770]]
[[464 640]] , [[464 641]]
[[481 767]] , [[481 770]]
[[648 628]] , [[648 629]]
[[483 792]] , [[483 794]]
[[648 628]] , [[648 629]]
[[650 628]] , [[650 629]]
[[650 628]] , [[650 633]]
[[598 724]] , [[598 729]]
[[282 546]] , [[282 547]]
[[480 768]] , [[480 779]]
[[471 541]] , [[468 544]]
[[464 644]] , [[464 645]]
[[650 780]] , [[650 801]]
[[670 924]] , [[670 929]]
[[480 792]] , [[480 799]]
[[652 784]] , [[652 789]]
[[465 813]] , [[465 816]]
[[ 486 1000]] , [[ 486 1017]]
[[465 813]] , [[465 816]]
[[465 812]] , [[465 816]]
[[648 628]] , [[648 629]]
[[465 812]] , [[464 813]]
[[286 713]] , [[286 717]]
[[465 812]] , [[464 813]]
[[466 852]] , [[466 859]]
[[670 924]] , [[670 929]]
[[466 830]] , [[466 849]]
[[466 830]] , [[466 849]]
[[550 728]] , [[550 733]]
[[461 659]] , [[462 658]]
[[461 659]] , [[462 658]]
[[466 812]] , [[466 823]]
[[550 728]] , [[550 733]]
[[466 826]] , [[466 829]]
[[652 784]] , [[652 791]]
[[672 926]] , [[672 933]]
[[466 813]] , [[466 823]]
[[646 626]] , [[646 629]]
[[465 654]] , [[465 658]]
[[644 618]] , [[644 623]]
[[466 660]] , [[466 669]]
[[730 876]] , [[730 893]]
[[466 660]] , [[466 669]]
[[470 862]] , [[470 873]]
[[672 926]] , [[672 932]]
[[ 484 1002]] , [[ 484 1009]]
[[470 854]] , [[470 859]]
[[672 934]] , [[672 935]]
[[672 934]] , [[672 935]]
[[ 486 1002]] , [[ 486 1005]]
[[ 744 1611]] , [[ 744 1615]]
[[650 780]] , [[650 807]]
[[648 630]] , [[648 631]]
[[464 807]] , [[464 845]]
[[673 934]] , [[672 935]]
[[ 778 1612]] , [[ 778 1616]]
[[674 946]] , [[674 947]]
[[464 801]] , [[464 805]]
[[646 636]] , [[646 637]]
[[473 700]] , [[474 699]]
[[466 638]] , [[466 645]]
[[654 778]] , [[654 779]]
[[468 642]] , [[468 645]]
[[ 640 1880]] , [[ 640 1884]]
[[484 854]] , [[484 859]]
[[468 814]] , [[468 849]]
[[467 654]] , [[467 656]]
[[468 828]] , [[468 829]]
[[489 802]] , [[488 803]]
[[ 334 1624]] , [[ 334 1631]]
[[470 813]] , [[470 814]]
[[674 924]] , [[674 925]]
[[658 798]] , [[658 805]]
[[468 798]] , [[468 817]]
[[484 762]] , [[484 767]]
[[468 800]] , [[468 846]]
[[472 850]] , [[472 851]]
[[ 494 1010]] , [[ 494 1017]]
[[ 495 1011]] , [[ 494 1012]]
[[656 782]] , [[656 783]]
[[468 800]] , [[468 835]]
[[472 850]] , [[472 851]]
[[657 770]] , [[657 774]]
[[336 894]] , [[336 899]]
[[656 786]] , [[656 791]]
[[658 798]] , [[658 805]]
[[483 842]] , [[482 843]]
[[483 842]] , [[482 843]]
[[837 954]] , [[838 953]]
[[472 789]] , [[472 793]]
[[486 770]] , [[486 787]]
[[656 770]] , [[656 785]]
[[470 692]] , [[470 697]]
[[724 724]] , [[724 729]]
[[359 750]] , [[359 754]]
[[656 782]] , [[656 795]]
[[744 714]] , [[744 718]]
[[681 851]] , [[681 855]]
[[844 816]] , [[844 824]]
[[674 920]] , [[674 921]]
[[705 722]] , [[704 723]]
[[358 752]] , [[358 756]]
[[678 864]] , [[678 869]]
[[666 715]] , [[666 719]]
[[790 708]] , [[790 709]]
[[819 704]] , [[817 706]]
[[768 514]] , [[768 515]]
[[286 546]] , [[286 547]]
[[835 528]] , [[836 527]]
[[480 526]] , [[480 528]]
[[480 528]] , [[479 529]]
[[702 721]] , [[701 722]]
[[788 514]] , [[788 515]]
[[306 536]] , [[306 537]]
[[788 514]] , [[788 515]]
[[306 536]] , [[306 537]]
[[306 534]] , [[306 535]]
[[844 554]] , [[845 553]]
[[306 534]] , [[306 535]]
[[722 720]] , [[722 721]]
[[294 698]] , [[294 703]]
[[288 720]] , [[288 727]]
[[834 792]] , [[834 799]]
[[ 482 1012]] , [[ 482 1017]]
[[ 690 1010]] , [[ 690 1012]]
[[840 926]] , [[840 927]]
[[840 926]] , [[840 927]]
[[686 996]] , [[686 999]]
[[471 865]] , [[471 871]]
[[841 978]] , [[842 977]]
[[841 978]] , [[842 977]]
[[296 890]] , [[296 895]]
[[841 962]] , [[842 961]]
[[678 822]] , [[678 827]]
[[841 962]] , [[842 961]]
[[ 725 1611]] , [[ 725 1615]]
[[676 934]] , [[676 939]]
[[ 495 1026]] , [[ 496 1025]]
[[ 496 1034]] , [[ 497 1033]]
[[ 480 1022]] , [[ 480 1024]]
[[841 978]] , [[842 977]]
[[471 865]] , [[471 869]]
[[475 896]] , [[474 897]]
[[496 990]] , [[496 991]]
[[838 922]] , [[837 923]]
[[ 496 1012]] , [[ 495 1013]]
[[ 843 1010]] , [[ 844 1009]]
[[ 782 1611]] , [[ 782 1615]]
[[ 502 1018]] , [[ 502 1023]]
[[ 304 1048]] , [[ 304 1053]]
[[676 926]] , [[676 927]]
[[ 756 1874]] , [[ 755 1875]]
[[676 926]] , [[676 927]]
[[ 504 1616]] , [[ 504 1620]]
[[ 748 1875]] , [[ 747 1876]]
[[ 779 1611]] , [[ 779 1615]]
[[ 475 1019]] , [[ 475 1021]]
[[ 496 1036]] , [[ 497 1035]]
[[674 926]] , [[674 927]]
[[ 297 1044]] , [[ 296 1045]]
[[498 992]] , [[498 999]]
[[ 470 1021]] , [[ 470 1023]]
[[836 926]] , [[836 927]]
[[ 758 1875]] , [[ 758 1879]]
[[468 822]] , [[468 829]]
[[334 904]] , [[334 909]]
[[675 924]] , [[675 927]]
[[468 822]] , [[468 829]]
[[840 776]] , [[840 781]]
[[332 904]] , [[332 909]]
[[468 822]] , [[468 827]]
[[470 820]] , [[470 821]]
[[470 820]] , [[470 821]]
[[320 906]] , [[320 911]]
[[468 810]] , [[468 817]]
[[ 482 1022]] , [[ 482 1023]]
[[488 970]] , [[488 975]]
[[675 924]] , [[675 927]]
[[308 894]] , [[308 901]]
[[838 926]] , [[838 931]]
[[678 946]] , [[678 953]]
[[ 686 1012]] , [[ 685 1013]]
[[328 904]] , [[328 909]]
[[300 899]] , [[300 903]]
[[ 495 1036]] , [[ 496 1035]]
[[ 486 1006]] , [[ 486 1010]]
[[838 798]] , [[838 803]]
[[660 816]] , [[660 831]]
[[ 306 1026]] , [[ 306 1029]]
[[836 922]] , [[836 925]]
[[661 822]] , [[661 831]]
[[ 688 1005]] , [[ 688 1009]]
[[814 884]] , [[814 885]]
[[ 306 1027]] , [[ 306 1029]]
[[ 688 1006]] , [[ 688 1010]]
[[ 307 1029]] , [[ 307 1031]]
[[ 490 1019]] , [[ 490 1021]]
[[ 490 1019]] , [[ 490 1021]]
[[836 922]] , [[836 951]]
[[836 922]] , [[836 942]]
[[320 905]] , [[319 906]]
[[ 689 1018]] , [[ 690 1017]]
[[796 886]] , [[796 890]]
[[652 890]] , [[652 895]]
[[838 924]] , [[838 925]]
[[662 892]] , [[662 897]]
[[ 711 1012]] , [[ 711 1017]]
[[ 489 1020]] , [[ 487 1022]]
[[ 687 1018]] , [[ 688 1017]]
[[838 922]] , [[838 925]]
[[840 920]] , [[840 941]]
[[ 301 1042]] , [[ 302 1041]]
[[ 301 1042]] , [[ 302 1041]]
[[ 705 1000]] , [[ 705 1005]]
[[288 886]] , [[288 897]]
[[ 496 1008]] , [[ 496 1013]]
[[ 695 1022]] , [[ 696 1021]]
[[ 695 1022]] , [[ 696 1021]]
[[ 707 1020]] , [[ 708 1019]]
[[ 701 1024]] , [[ 702 1023]]
[[688 988]] , [[688 991]]
[[ 496 1006]] , [[ 496 1011]]
[[842 978]] , [[842 979]]
[[ 482 1008]] , [[ 482 1013]]
[[680 878]] , [[680 885]]
[[ 294 1008]] , [[ 294 1023]]
[[672 878]] , [[672 883]]
[[744 880]] , [[744 885]]
[[806 870]] , [[806 871]]
[[832 998]] , [[832 999]]
[[652 740]] , [[652 744]]
[[672 852]] , [[672 853]]
[[838 802]] , [[838 807]]
[[662 855]] , [[661 856]]
[[310 742]] , [[310 747]]
[[662 853]] , [[660 855]]
[[832 830]] , [[832 839]]
[[318 744]] , [[318 751]]
[[836 774]] , [[836 783]]
[[830 828]] , [[830 837]]
[[836 774]] , [[836 783]]
[[824 858]] , [[824 859]]
[[836 814]] , [[836 825]]
[[832 814]] , [[832 825]]
[[844 868]] , [[844 873]]
[[681 996]] , [[681 997]]
[[688 882]] , [[688 887]]
[[700 995]] , [[ 700 1007]]
[[718 878]] , [[718 883]]
[[490 944]] , [[490 951]]
[[832 910]] , [[832 915]]
[[458 892]] , [[458 897]]
[[720 878]] , [[720 883]]
[[454 894]] , [[454 901]]
[[840 878]] , [[840 883]]
[[835 912]] , [[835 917]]
[[338 889]] , [[338 893]]
[[ 480 1018]] , [[ 480 1023]]
[[ 844 1873]] , [[ 844 1877]]
[[ 481 1019]] , [[ 481 1023]]
[[816 884]] , [[816 889]]
[[654 756]] , [[654 757]]
[[662 862]] , [[662 873]]
[[662 862]] , [[662 875]]
[[634 886]] , [[634 891]]
[[630 886]] , [[630 891]]
[[799 871]] , [[798 872]]
[[809 886]] , [[809 891]]
[[778 710]] , [[778 719]]
[[656 758]] , [[656 759]]
[[665 862]] , [[664 863]]
[[ 496 1012]] , [[ 496 1023]]
[[760 874]] , [[760 879]]
[[650 768]] , [[650 773]]
[[664 866]] , [[663 867]]
[[662 816]] , [[662 825]]
[[667 879]] , [[666 880]]
[[464 678]] , [[464 685]]
[[673 924]] , [[673 927]]
[[470 816]] , [[470 833]]
[[ 482 1018]] , [[ 482 1019]]
[[608 894]] , [[608 899]]
[[468 812]] , [[468 817]]
[[466 790]] , [[466 794]]
[[ 493 1026]] , [[ 494 1025]]
[[482 986]] , [[482 991]]
[[478 858]] , [[478 863]]
[[482 986]] , [[482 991]]
[[466 789]] , [[466 794]]
[[482 999]] , [[ 482 1015]]
[[512 518]] , [[512 525]]
[[486 518]] , [[486 523]]
[[767 710]] , [[767 711]]
[[512 518]] , [[512 525]]
[[742 716]] , [[742 721]]
[[288 548]] , [[287 549]]
[[ 698 1000]] , [[ 698 1005]]
[[305 542]] , [[305 543]]
[[763 714]] , [[762 715]]
[[288 547]] , [[287 548]]
[[763 714]] , [[762 715]]
[[478 520]] , [[478 533]]
[[762 714]] , [[761 715]]
[[304 540]] , [[304 541]]
[[288 547]] , [[287 548]]
[[288 546]] , [[288 547]]
[[742 716]] , [[742 717]]
[[803 710]] , [[803 714]]
[[358 749]] , [[358 753]]
[[740 719]] , [[740 723]]
[[488 970]] , [[488 975]]
[[488 518]] , [[488 523]]
[[302 537]] , [[302 543]]
[[302 537]] , [[302 543]]
[[480 976]] , [[480 980]]
[[766 710]] , [[766 711]]
[[719 720]] , [[719 725]]
[[714 720]] , [[714 725]]
[[476 758]] , [[476 763]]
[[678 952]] , [[678 957]]
[[678 960]] , [[678 967]]
[[658 812]] , [[658 815]]
[[656 798]] , [[656 799]]
[[646 702]] , [[646 717]]
[[357 750]] , [[357 754]]
[[722 718]] , [[721 719]]
[[670 722]] , [[670 727]]
[[726 717]] , [[725 718]]
[[726 717]] , [[725 718]]
[[842 738]] , [[842 743]]
[[840 752]] , [[840 763]]
[[671 858]] , [[672 857]]
[[834 768]] , [[834 777]]
[[648 626]] , [[648 633]]
[[656 790]] , [[656 797]]
[[484 872]] , [[484 877]]
[[654 784]] , [[654 833]]
[[354 750]] , [[354 754]]
[[486 872]] , [[486 877]]
[[474 868]] , [[474 872]]
[[486 872]] , [[486 873]]
[[466 860]] , [[466 865]]
[[674 920]] , [[674 921]]
[[474 710]] , [[474 717]]
[[466 814]] , [[466 849]]
[[466 804]] , [[466 809]]
[[486 872]] , [[486 873]]
[[466 814]] , [[466 849]]
[[466 857]] , [[466 861]]
[[464 800]] , [[464 807]]
[[466 816]] , [[466 849]]
[[665 868]] , [[666 867]]
[[656 772]] , [[656 785]]
[[671 864]] , [[672 863]]
[[650 770]] , [[650 775]]
[[657 798]] , [[657 799]]
[[464 814]] , [[464 837]]
[[464 814]] , [[464 837]]
[[486 872]] , [[484 874]]
[[654 782]] , [[654 789]]
[[654 782]] , [[654 801]]
[[485 781]] , [[484 782]]
[[ 774 1610]] , [[ 773 1611]]
[[ 487 1011]] , [[ 488 1010]]
[[ 487 1011]] , [[ 488 1010]]
[[466 798]] , [[466 799]]
[[474 894]] , [[474 897]]
[[485 781]] , [[484 782]]
[[486 874]] , [[485 875]]
[[462 784]] , [[462 791]]
[[655 780]] , [[655 785]]
[[464 664]] , [[464 677]]
[[474 894]] , [[474 896]]
[[464 664]] , [[464 677]]
[[464 800]] , [[464 817]]
[[482 786]] , [[482 790]]
[[694 968]] , [[694 975]]
[[650 628]] , [[650 629]]
[[694 968]] , [[694 975]]
[[485 781]] , [[485 785]]
[[482 786]] , [[482 790]]
[[482 786]] , [[482 790]]
[[ 482 1000]] , [[ 482 1007]]
[[471 836]] , [[472 835]]
[[484 872]] , [[483 873]]
[[484 872]] , [[483 873]]
[[466 796]] , [[466 801]]
[[671 856]] , [[672 855]]
[[483 768]] , [[483 774]]
[[466 796]] , [[466 801]]
[[652 780]] , [[652 784]]
[[654 780]] , [[654 785]]
[[466 796]] , [[466 801]]
[[656 784]] , [[656 797]]
[[466 815]] , [[466 827]]
[[483 786]] , [[483 791]]
[[458 640]] , [[458 645]]
[[302 538]] , [[302 539]]
[[466 796]] , [[466 813]]
[[670 920]] , [[670 929]]
[[484 788]] , [[484 795]]
[[358 887]] , [[358 891]]
[[483 801]] , [[483 805]]
[[485 790]] , [[485 795]]
[[ 798 1610]] , [[ 797 1611]]
[[468 842]] , [[468 845]]
[[ 482 1006]] , [[ 482 1007]]
[[654 784]] , [[654 793]]
[[466 804]] , [[466 811]]
[[485 870]] , [[485 871]]
[[284 548]] , [[283 549]]
[[847 576]] , [[848 575]]
[[284 548]] , [[283 549]]
[[646 632]] , [[646 655]]
[[482 776]] , [[482 785]]
[[282 548]] , [[282 549]]
[[670 922]] , [[670 925]]
[[477 535]] , [[477 538]]
[[649 768]] , [[648 769]]
[[654 771]] , [[654 775]]
[[660 820]] , [[660 821]]
[[665 867]] , [[664 868]]
[[475 927]] , [[475 929]]
[[660 844]] , [[660 849]]
[[ 724 1612]] , [[ 724 1616]]
[[ 485 1023]] , [[ 484 1024]]
[[682 960]] , [[682 971]]
[[742 719]] , [[742 723]]
[[768 708]] , [[768 709]]
[[701 995]] , [[700 996]]
[[ 482 1022]] , [[ 481 1023]]
[[ 749 1613]] , [[ 749 1617]]
[[ 490 1007]] , [[ 490 1011]]
[[ 801 1610]] , [[ 800 1611]]
[[ 703 1001]] , [[ 702 1002]]
[[ 492 1016]] , [[ 492 1023]]
[[ 724 1612]] , [[ 724 1616]]
[[806 704]] , [[806 705]]
[[712 720]] , [[711 721]]
[[770 708]] , [[769 709]]
[[702 722]] , [[702 727]]
[[848 558]] , [[848 559]]
[[770 708]] , [[769 709]]
[[848 550]] , [[848 555]]
[[818 698]] , [[818 699]]
[[450 532]] , [[450 536]]
[[823 866]] , [[823 871]]
[[832 832]] , [[832 833]]
[[ 792 1611]] , [[ 791 1612]]
[[838 920]] , [[838 927]]
[[839 940]] , [[839 943]]
[[838 920]] , [[838 927]]
[[ 912 1874]] , [[ 911 1875]]
[[838 940]] , [[838 943]]
[[ 912 1874]] , [[ 912 1880]]
[[ 493 1024]] , [[ 493 1025]]
[[ 684 1005]] , [[ 683 1006]]
[[660 860]] , [[660 879]]
[[ 496 1026]] , [[ 496 1033]]
[[835 986]] , [[836 985]]
[[838 924]] , [[838 927]]
[[486 776]] , [[486 789]]
[[674 868]] , [[674 877]]
[[671 866]] , [[672 865]]
[[838 926]] , [[838 927]]
[[486 798]] , [[486 807]]
[[ 703 1003]] , [[ 703 1007]]
[[320 904]] , [[320 909]]
[[838 926]] , [[838 927]]
[[ 486 1016]] , [[ 486 1021]]
[[297 887]] , [[297 891]]
[[297 887]] , [[297 891]]
[[498 998]] , [[ 498 1006]]
[[470 866]] , [[470 873]]
[[ 708 1611]] , [[ 708 1615]]
[[ 486 1022]] , [[ 484 1024]]
[[470 866]] , [[470 873]]
[[660 794]] , [[660 795]]
[[ 496 1014]] , [[ 496 1019]]
[[ 498 1000]] , [[ 498 1009]]
[[ 498 1000]] , [[ 498 1009]]
[[472 896]] , [[472 901]]
[[ 496 1012]] , [[ 496 1023]]
[[470 895]] , [[470 899]]
[[486 998]] , [[486 999]]
[[836 768]] , [[836 769]]
[[343 897]] , [[343 904]]
[[338 886]] , [[338 893]]
[[ 495 1006]] , [[ 495 1007]]
[[674 924]] , [[674 925]]
[[ 912 1873]] , [[ 912 1877]]
[[673 922]] , [[673 923]]
[[ 883 1874]] , [[ 882 1875]]
[[ 915 1873]] , [[ 915 1877]]
[[ 304 1046]] , [[ 304 1051]]
[[ 496 1012]] , [[ 496 1013]]
[[ 486 1006]] , [[ 486 1011]]
[[836 772]] , [[836 775]]
[[468 768]] , [[468 783]]
[[672 926]] , [[672 943]]
[[294 888]] , [[294 893]]
[[837 772]] , [[837 775]]
[[838 932]] , [[838 933]]
[[ 802 1610]] , [[ 801 1611]]
[[838 778]] , [[838 783]]
[[838 778]] , [[838 783]]
[[834 798]] , [[834 819]]
[[760 713]] , [[760 714]]
[[839 778]] , [[839 785]]
[[836 936]] , [[836 942]]
[[834 862]] , [[834 863]]
[[834 698]] , [[834 699]]
[[ 480 1010]] , [[ 480 1015]]
[[480 974]] , [[480 983]]
[[478 960]] , [[478 977]]
[[458 540]] , [[458 541]]
[[824 702]] , [[824 703]]
[[848 570]] , [[848 575]]
[[ 678 1014]] , [[ 678 1022]]
[[ 708 1016]] , [[ 708 1023]]
[[ 761 1612]] , [[ 760 1613]]
[[ 492 1014]] , [[ 492 1023]]
[[ 632 1613]] , [[ 632 1617]]
[[692 993]] , [[692 999]]
[[ 832 1012]] , [[ 832 1013]]
[[686 988]] , [[686 991]]
[[ 480 1020]] , [[ 480 1021]]
[[676 962]] , [[676 971]]
[[680 856]] , [[680 861]]
[[ 475 1034]] , [[ 476 1033]]
[[ 842 1009]] , [[ 842 1017]]
[[835 820]] , [[836 819]]
[[654 798]] , [[654 807]]
[[644 630]] , [[644 635]]
[[483 792]] , [[482 793]]
[[356 752]] , [[356 756]]
[[680 855]] , [[680 857]]
[[652 784]] , [[652 791]]
[[472 842]] , [[472 845]]
[[ 848 1616]] , [[ 848 1621]]
[[ 784 1872]] , [[ 784 1875]]
[[466 852]] , [[466 873]]
[[ 486 1006]] , [[ 486 1013]]
[[484 900]] , [[484 905]]
[[672 928]] , [[672 931]]
[[466 852]] , [[466 865]]
[[693 984]] , [[694 983]]
[[650 782]] , [[650 791]]
[[483 792]] , [[483 794]]
[[470 856]] , [[470 861]]
[[464 802]] , [[464 849]]
[[650 782]] , [[650 801]]
[[650 782]] , [[650 803]]
[[483 792]] , [[483 794]]
[[481 767]] , [[481 770]]
[[464 640]] , [[464 641]]
[[481 767]] , [[481 770]]
[[648 628]] , [[648 629]]
[[483 792]] , [[483 794]]
[[648 628]] , [[648 629]]
[[650 628]] , [[650 629]]
[[650 628]] , [[650 633]]
[[598 724]] , [[598 729]]
[[282 546]] , [[282 547]]
[[480 768]] , [[480 779]]
[[471 541]] , [[468 544]]
[[464 644]] , [[464 645]]
[[650 780]] , [[650 801]]
[[670 924]] , [[670 929]]
[[480 792]] , [[480 799]]
[[652 784]] , [[652 789]]
[[465 813]] , [[465 816]]
[[ 486 1000]] , [[ 486 1017]]
[[465 813]] , [[465 816]]
[[465 812]] , [[465 816]]
[[648 628]] , [[648 629]]
[[465 812]] , [[464 813]]
[[286 713]] , [[286 717]]
[[465 812]] , [[464 813]]
[[466 852]] , [[466 859]]
[[670 924]] , [[670 929]]
[[466 830]] , [[466 849]]
[[466 830]] , [[466 849]]
[[550 728]] , [[550 733]]
[[461 659]] , [[462 658]]
[[461 659]] , [[462 658]]
[[466 812]] , [[466 823]]
[[550 728]] , [[550 733]]
[[466 826]] , [[466 829]]
[[652 784]] , [[652 791]]
[[672 926]] , [[672 933]]
[[466 813]] , [[466 823]]
[[646 626]] , [[646 629]]
[[465 654]] , [[465 658]]
[[644 618]] , [[644 623]]
[[466 660]] , [[466 669]]
[[730 876]] , [[730 893]]
[[466 660]] , [[466 669]]
[[470 862]] , [[470 873]]
[[672 926]] , [[672 932]]
[[ 484 1002]] , [[ 484 1009]]
[[470 854]] , [[470 859]]
[[672 934]] , [[672 935]]
[[672 934]] , [[672 935]]
[[ 486 1002]] , [[ 486 1005]]
[[ 744 1611]] , [[ 744 1615]]
[[650 780]] , [[650 807]]
[[648 630]] , [[648 631]]
[[464 807]] , [[464 845]]
[[673 934]] , [[672 935]]
[[ 778 1612]] , [[ 778 1616]]
[[674 946]] , [[674 947]]
[[464 801]] , [[464 805]]
[[646 636]] , [[646 637]]
[[473 700]] , [[474 699]]
[[466 638]] , [[466 645]]
[[654 778]] , [[654 779]]
[[468 642]] , [[468 645]]
[[ 640 1880]] , [[ 640 1884]]
[[484 854]] , [[484 859]]
[[468 814]] , [[468 849]]
[[467 654]] , [[467 656]]
[[468 828]] , [[468 829]]
[[489 802]] , [[488 803]]
[[ 334 1624]] , [[ 334 1631]]
[[470 813]] , [[470 814]]
[[674 924]] , [[674 925]]
[[658 798]] , [[658 805]]
[[468 798]] , [[468 817]]
[[484 762]] , [[484 767]]
[[468 800]] , [[468 846]]
[[472 850]] , [[472 851]]
[[ 494 1010]] , [[ 494 1017]]
[[ 495 1011]] , [[ 494 1012]]
[[656 782]] , [[656 783]]
[[468 800]] , [[468 835]]
[[472 850]] , [[472 851]]
[[657 770]] , [[657 774]]
[[336 894]] , [[336 899]]
[[656 786]] , [[656 791]]
[[658 798]] , [[658 805]]
[[483 842]] , [[482 843]]
[[483 842]] , [[482 843]]
[[837 954]] , [[838 953]]
[[472 789]] , [[472 793]]
[[486 770]] , [[486 787]]
[[656 770]] , [[656 785]]
[[470 692]] , [[470 697]]
[[724 724]] , [[724 729]]
[[359 750]] , [[359 754]]
[[656 782]] , [[656 795]]
[[744 714]] , [[744 718]]
[[681 851]] , [[681 855]]
[[844 816]] , [[844 824]]
[[674 920]] , [[674 921]]
[[705 722]] , [[704 723]]
[[358 752]] , [[358 756]]
[[678 864]] , [[678 869]]
[[666 715]] , [[666 719]]
[[790 708]] , [[790 709]]
[[819 704]] , [[817 706]]
[[768 514]] , [[768 515]]
[[286 546]] , [[286 547]]
[[835 528]] , [[836 527]]
[[480 526]] , [[480 528]]
[[480 528]] , [[479 529]]
[[702 721]] , [[701 722]]
[[788 514]] , [[788 515]]
[[306 536]] , [[306 537]]
[[788 514]] , [[788 515]]
[[306 536]] , [[306 537]]
[[306 534]] , [[306 535]]
[[844 554]] , [[845 553]]
[[306 534]] , [[306 535]]
[[722 720]] , [[722 721]]
[[294 698]] , [[294 703]]
[[288 720]] , [[288 727]]
[[834 792]] , [[834 799]]
[[ 482 1012]] , [[ 482 1017]]
[[ 690 1010]] , [[ 690 1012]]
[[840 926]] , [[840 927]]
[[840 926]] , [[840 927]]
[[686 996]] , [[686 999]]
[[471 865]] , [[471 871]]
[[841 978]] , [[842 977]]
[[841 978]] , [[842 977]]
[[296 890]] , [[296 895]]
[[841 962]] , [[842 961]]
[[678 822]] , [[678 827]]
[[841 962]] , [[842 961]]
[[ 725 1611]] , [[ 725 1615]]
[[676 934]] , [[676 939]]
[[ 495 1026]] , [[ 496 1025]]
[[ 496 1034]] , [[ 497 1033]]
[[ 480 1022]] , [[ 480 1024]]
[[841 978]] , [[842 977]]
[[471 865]] , [[471 869]]
[[475 896]] , [[474 897]]
[[496 990]] , [[496 991]]
[[838 922]] , [[837 923]]
[[ 496 1012]] , [[ 495 1013]]
[[ 843 1010]] , [[ 844 1009]]
[[ 782 1611]] , [[ 782 1615]]
[[ 502 1018]] , [[ 502 1023]]
[[ 304 1048]] , [[ 304 1053]]
[[676 926]] , [[676 927]]
[[ 756 1874]] , [[ 755 1875]]
[[676 926]] , [[676 927]]
[[ 504 1616]] , [[ 504 1620]]
[[ 748 1875]] , [[ 747 1876]]
[[ 779 1611]] , [[ 779 1615]]
[[ 475 1019]] , [[ 475 1021]]
[[ 496 1036]] , [[ 497 1035]]
[[674 926]] , [[674 927]]
[[ 297 1044]] , [[ 296 1045]]
[[498 992]] , [[498 999]]
[[ 470 1021]] , [[ 470 1023]]
[[836 926]] , [[836 927]]
[[ 758 1875]] , [[ 758 1879]]
[[468 822]] , [[468 829]]
[[334 904]] , [[334 909]]
[[675 924]] , [[675 927]]
[[468 822]] , [[468 829]]
[[840 776]] , [[840 781]]
[[332 904]] , [[332 909]]
[[468 822]] , [[468 827]]
[[470 820]] , [[470 821]]
[[470 820]] , [[470 821]]
[[320 906]] , [[320 911]]
[[468 810]] , [[468 817]]
[[ 482 1022]] , [[ 482 1023]]
[[488 970]] , [[488 975]]
[[675 924]] , [[675 927]]
[[308 894]] , [[308 901]]
[[838 926]] , [[838 931]]
[[678 946]] , [[678 953]]
[[ 686 1012]] , [[ 685 1013]]
[[328 904]] , [[328 909]]
[[300 899]] , [[300 903]]
[[ 495 1036]] , [[ 496 1035]]
[[ 486 1006]] , [[ 486 1010]]
[[838 798]] , [[838 803]]
[[660 816]] , [[660 831]]
[[ 306 1026]] , [[ 306 1029]]
[[836 922]] , [[836 925]]
[[661 822]] , [[661 831]]
[[ 688 1005]] , [[ 688 1009]]
[[814 884]] , [[814 885]]
[[ 306 1027]] , [[ 306 1029]]
[[ 688 1006]] , [[ 688 1010]]
[[ 307 1029]] , [[ 307 1031]]
[[ 490 1019]] , [[ 490 1021]]
[[ 490 1019]] , [[ 490 1021]]
[[836 922]] , [[836 951]]
[[836 922]] , [[836 942]]
[[320 905]] , [[319 906]]
[[ 689 1018]] , [[ 690 1017]]
[[796 886]] , [[796 890]]
[[652 890]] , [[652 895]]
[[838 924]] , [[838 925]]
[[662 892]] , [[662 897]]
[[ 711 1012]] , [[ 711 1017]]
[[ 489 1020]] , [[ 487 1022]]
[[ 687 1018]] , [[ 688 1017]]
[[838 922]] , [[838 925]]
[[840 920]] , [[840 941]]
[[ 301 1042]] , [[ 302 1041]]
[[ 301 1042]] , [[ 302 1041]]
[[ 705 1000]] , [[ 705 1005]]
[[288 886]] , [[288 897]]
[[ 496 1008]] , [[ 496 1013]]
[[ 695 1022]] , [[ 696 1021]]
[[ 695 1022]] , [[ 696 1021]]
[[ 707 1020]] , [[ 708 1019]]
[[ 701 1024]] , [[ 702 1023]]
[[688 988]] , [[688 991]]
[[ 496 1006]] , [[ 496 1011]]
[[842 978]] , [[842 979]]
[[ 482 1008]] , [[ 482 1013]]
[[680 878]] , [[680 885]]
[[ 294 1008]] , [[ 294 1023]]
[[672 878]] , [[672 883]]
[[744 880]] , [[744 885]]
[[806 870]] , [[806 871]]
[[832 998]] , [[832 999]]
[[652 740]] , [[652 744]]
[[672 852]] , [[672 853]]
[[838 802]] , [[838 807]]
[[662 855]] , [[661 856]]
[[310 742]] , [[310 747]]
[[662 853]] , [[660 855]]
[[832 830]] , [[832 839]]
[[318 744]] , [[318 751]]
[[836 774]] , [[836 783]]
[[830 828]] , [[830 837]]
[[836 774]] , [[836 783]]
[[824 858]] , [[824 859]]
[[836 814]] , [[836 825]]
[[832 814]] , [[832 825]]
[[844 868]] , [[844 873]]
[[681 996]] , [[681 997]]
[[688 882]] , [[688 887]]
[[700 995]] , [[ 700 1007]]
[[718 878]] , [[718 883]]
[[490 944]] , [[490 951]]
[[832 910]] , [[832 915]]
[[458 892]] , [[458 897]]
[[720 878]] , [[720 883]]
[[454 894]] , [[454 901]]
[[840 878]] , [[840 883]]
[[835 912]] , [[835 917]]
[[338 889]] , [[338 893]]
[[ 480 1018]] , [[ 480 1023]]
[[ 844 1873]] , [[ 844 1877]]
[[ 481 1019]] , [[ 481 1023]]
[[816 884]] , [[816 889]]
[[654 756]] , [[654 757]]
[[662 862]] , [[662 873]]
[[662 862]] , [[662 875]]
[[634 886]] , [[634 891]]
[[630 886]] , [[630 891]]
[[799 871]] , [[798 872]]
[[809 886]] , [[809 891]]
[[778 710]] , [[778 719]]
[[656 758]] , [[656 759]]
[[665 862]] , [[664 863]]
[[ 496 1012]] , [[ 496 1023]]
[[760 874]] , [[760 879]]
[[650 768]] , [[650 773]]
[[664 866]] , [[663 867]]
[[662 816]] , [[662 825]]
[[667 879]] , [[666 880]]
[[464 678]] , [[464 685]]
[[673 924]] , [[673 927]]
[[470 816]] , [[470 833]]
[[ 482 1018]] , [[ 482 1019]]
[[608 894]] , [[608 899]]
[[468 812]] , [[468 817]]
[[466 790]] , [[466 794]]
[[ 493 1026]] , [[ 494 1025]]
[[482 986]] , [[482 991]]
[[478 858]] , [[478 863]]
[[482 986]] , [[482 991]]
[[466 789]] , [[466 794]]
[[482 999]] , [[ 482 1015]]
[[ 528 1010]] , [[ 528 1011]]
[[ 518 1012]] , [[ 518 1013]]
[[ 753 1018]] , [[ 753 1019]]
[[ 752 1016]] , [[ 752 1019]]
[[ 752 1016]] , [[ 752 1019]]
[[ 752 1016]] , [[ 752 1017]]
[[ 373 1016]] , [[ 373 1017]]
[[ 516 1010]] , [[ 516 1011]]
[[ 526 1008]] , [[ 526 1009]]
[[646 860]] , [[645 861]]
[[646 860]] , [[645 861]]
[[334 858]] , [[334 861]]
[[642 862]] , [[642 863]]
[[296 860]] , [[296 877]]
[[430 858]] , [[430 859]]
[[ 540 1010]] , [[ 540 1011]]
[[ 540 1010]] , [[ 540 1011]]
[[642 862]] , [[642 865]]
[[ 373 1018]] , [[ 373 1019]]
[[ 752 1016]] , [[ 752 1017]]
[[ 516 1012]] , [[ 516 1013]]
[[ 752 1016]] , [[ 752 1017]]
[[ 750 1016]] , [[ 750 1025]]
[[ 234 1075]] , [[ 235 1074]]
[[ 233 1284]] , [[ 234 1283]]
[[ 370 1018]] , [[ 370 1019]]
[[ 239 1316]] , [[ 240 1315]]
[[ 230 1104]] , [[ 230 1107]]
[[ 230 1104]] , [[ 230 1107]]
[[ 230 1106]] , [[ 230 1123]]
[[ 232 1141]] , [[ 232 1145]]
[[ 235 1274]] , [[ 236 1273]]
[[ 538 1192]] , [[ 538 1193]]
[[ 752 1016]] , [[ 752 1021]]
[[ 526 1012]] , [[ 526 1013]]
[[ 232 1104]] , [[ 232 1105]]
[[ 240 1169]] , [[ 240 1173]]
[[ 234 1142]] , [[ 234 1147]]
[[ 756 1016]] , [[ 756 1017]]
[[ 370 1016]] , [[ 370 1033]]
[[ 232 1102]] , [[ 232 1103]]
[[ 232 1105]] , [[ 232 1107]]
[[ 232 1134]] , [[ 232 1139]]
[[ 376 1018]] , [[ 376 1019]]
[[ 756 1018]] , [[ 756 1021]]
[[ 756 1018]] , [[ 756 1021]]
[[ 376 1188]] , [[ 376 1189]]
[[ 756 1018]] , [[ 756 1019]]
[[ 252 1314]] , [[ 253 1313]]
[[ 374 1018]] , [[ 374 1023]]
[[ 230 1106]] , [[ 230 1125]]
[[ 756 1018]] , [[ 756 1019]]
[[ 756 1018]] , [[ 756 1019]]
[[234 864]] , [[234 869]]
[[ 542 1012]] , [[ 542 1013]]
[[ 540 1012]] , [[ 540 1013]]
[[214 928]] , [[214 935]]
[[282 862]] , [[282 867]]
[[638 862]] , [[638 863]]
[[ 518 1012]] , [[ 518 1013]]
[[216 930]] , [[216 935]]
[[236 864]] , [[236 869]]
[[216 928]] , [[216 935]]
[[636 862]] , [[636 863]]
[[214 982]] , [[214 987]]
[[ 516 1012]] , [[ 516 1013]]
[[218 902]] , [[218 905]]
[[632 862]] , [[632 863]]
[[630 862]] , [[630 883]]
[[ 761 1020]] , [[ 761 1021]]
[[ 220 1052]] , [[ 220 1057]]
[[ 522 1010]] , [[ 522 1011]]
[[200 932]] , [[200 937]]
[[200 930]] , [[200 937]]
[[ 512 1012]] , [[ 512 1013]]
[[ 512 1012]] , [[ 512 1013]]
[[ 512 1012]] , [[ 512 1013]]
[[204 930]] , [[204 937]]
[[214 926]] , [[214 931]]
[[214 904]] , [[214 909]]
[[214 922]] , [[214 931]]
[[ 538 1010]] , [[ 538 1011]]
[[ 368 1016]] , [[ 368 1023]]
[[196 926]] , [[196 933]]
[[202 958]] , [[202 963]]
[[ 753 1022]] , [[ 751 1024]]
[[ 366 1018]] , [[ 366 1028]]
[[ 365 1030]] , [[ 365 1031]]
[[ 363 1018]] , [[ 363 1025]]
[[ 363 1024]] , [[ 363 1028]]
[[ 207 1056]] , [[ 208 1055]]
[[ 740 1024]] , [[ 740 1025]]
[[ 741 1024]] , [[ 741 1025]]
[[ 357 1039]] , [[ 356 1040]]
[[384 994]] , [[384 999]]
[[ 510 1016]] , [[ 510 1017]]
[[ 206 1036]] , [[ 206 1039]]
[[ 359 1266]] , [[ 360 1265]]
[[ 359 1266]] , [[ 360 1265]]
[[ 216 1202]] , [[ 216 1211]]
[[ 209 1316]] , [[ 210 1315]]
[[ 226 1338]] , [[ 227 1337]]
[[ 207 1312]] , [[ 208 1311]]
[[ 217 1158]] , [[ 218 1157]]
[[ 202 1032]] , [[ 202 1033]]
[[ 202 1028]] , [[ 202 1032]]
[[ 738 1026]] , [[ 738 1027]]
[[ 505 1014]] , [[ 505 1017]]
[[184 972]] , [[184 982]]
[[ 505 1014]] , [[ 505 1017]]
[[ 205 1064]] , [[ 206 1063]]
[[208 946]] , [[208 949]]
[[ 760 1014]] , [[ 760 1053]]
[[190 966]] , [[190 971]]
[[190 966]] , [[190 971]]
[[186 988]] , [[186 995]]
[[758 984]] , [[758 991]]
[[186 988]] , [[186 993]]
[[180 934]] , [[180 947]]
[[188 990]] , [[188 999]]
[[186 990]] , [[186 995]]
[[ 508 1014]] , [[ 508 1015]]
[[191 962]] , [[192 961]]
[[186 990]] , [[186 995]]
[[ 506 1014]] , [[ 506 1015]]
[[190 992]] , [[190 997]]
[[190 992]] , [[190 997]]
[[186 990]] , [[186 995]]
[[180 936]] , [[180 947]]
[[ 225 1068]] , [[ 226 1067]]
[[ 566 1047]] , [[ 565 1048]]
[[ 204 1028]] , [[ 204 1035]]
[[ 211 1060]] , [[ 212 1059]]
[[ 223 1068]] , [[ 224 1067]]
[[ 221 1064]] , [[ 222 1063]]
[[ 215 1060]] , [[ 216 1059]]
[[ 215 1060]] , [[ 216 1059]]
[[186 990]] , [[186 997]]
[[ 215 1062]] , [[ 216 1061]]
[[184 918]] , [[184 927]]
[[206 960]] , [[206 969]]
[[ 508 1014]] , [[ 508 1015]]
[[760 958]] , [[760 961]]
[[ 745 1286]] , [[ 746 1285]]
[[736 958]] , [[736 977]]
[[764 976]] , [[764 977]]
[[ 504 1016]] , [[ 504 1027]]
[[188 990]] , [[188 999]]
[[190 990]] , [[190 999]]
[[ 512 1016]] , [[ 512 1025]]
[[774 988]] , [[774 989]]
[[194 986]] , [[194 997]]
[[776 982]] , [[776 987]]
[[220 944]] , [[220 947]]
[[ 514 1016]] , [[ 514 1027]]
[[ 748 1028]] , [[ 748 1047]]
[[ 750 1026]] , [[ 750 1027]]
[[ 211 1058]] , [[ 212 1057]]
[[ 241 1066]] , [[ 242 1065]]
[[ 241 1062]] , [[ 242 1061]]
[[ 263 1064]] , [[ 264 1063]]
[[ 209 1058]] , [[ 210 1057]]
[[ 261 1062]] , [[ 262 1061]]
[[ 209 1056]] , [[ 210 1055]]
[[ 239 1062]] , [[ 240 1061]]
[[ 235 1062]] , [[ 236 1061]]
[[ 214 1030]] , [[ 214 1033]]
[[ 214 1030]] , [[ 214 1035]]
[[ 214 1030]] , [[ 214 1033]]
[[ 257 1062]] , [[ 258 1061]]
[[ 257 1062]] , [[ 258 1061]]
[[ 211 1056]] , [[ 212 1055]]
[[ 259 1062]] , [[ 260 1061]]
[[ 524 1012]] , [[ 524 1013]]
[[ 211 1080]] , [[ 212 1079]]
[[ 788 1072]] , [[ 788 1078]]
[[ 752 1024]] , [[ 752 1027]]
[[ 223 1068]] , [[ 224 1067]]
[[ 364 1094]] , [[ 364 1103]]
[[ 752 1022]] , [[ 752 1025]]
[[214 990]] , [[214 991]]
[[ 514 1014]] , [[ 514 1023]]
[[ 514 1014]] , [[ 514 1021]]
[[214 958]] , [[214 975]]
[[224 898]] , [[224 903]]
[[630 864]] , [[630 865]]
[[294 862]] , [[293 863]]
[[302 862]] , [[302 869]]
[[638 864]] , [[638 865]]
[[ 530 1012]] , [[ 530 1013]]
[[656 864]] , [[656 865]]
[[ 758 1020]] , [[ 758 1021]]
[[ 372 1018]] , [[ 372 1021]]
[[ 752 1018]] , [[ 752 1023]]
[[ 752 1018]] , [[ 752 1023]]
[[ 530 1012]] , [[ 530 1013]]
[[ 236 1134]] , [[ 236 1137]]
[[ 376 1018]] , [[ 376 1019]]
[[ 374 1020]] , [[ 374 1023]]
[[ 755 1206]] , [[ 755 1209]]
[[ 751 1292]] , [[ 752 1291]]
[[ 760 1020]] , [[ 760 1021]]
[[ 377 1190]] , [[ 377 1191]]
[[ 238 1139]] , [[ 238 1149]]
[[ 374 1020]] , [[ 374 1021]]
[[ 532 1014]] , [[ 532 1015]]
[[332 864]] , [[331 865]]
[[238 896]] , [[238 897]]
[[195 976]] , [[195 984]]
[[ 197 1009]] , [[ 197 1013]]
[[ 199 1006]] , [[ 199 1007]]
[[192 936]] , [[192 941]]
[[192 912]] , [[192 915]]
[[196 934]] , [[196 941]]
[[ 761 1018]] , [[ 761 1021]]
[[198 936]] , [[198 941]]
[[196 908]] , [[196 909]]
[[270 896]] , [[270 901]]
[[ 526 1014]] , [[ 526 1015]]
[[190 924]] , [[190 931]]
[[ 764 1018]] , [[ 764 1019]]
[[ 542 1014]] , [[ 542 1015]]
[[ 532 1194]] , [[ 532 1195]]
[[ 542 1014]] , [[ 542 1015]]
[[ 372 1020]] , [[ 372 1021]]
[[ 216 1118]] , [[ 216 1121]]
[[204 958]] , [[204 963]]
[[ 761 1016]] , [[ 761 1019]]
[[210 960]] , [[210 963]]
[[ 516 1016]] , [[ 516 1019]]
[[ 752 1020]] , [[ 752 1021]]
[[218 964]] , [[218 969]]
[[ 213 1058]] , [[ 214 1057]]
[[216 966]] , [[216 971]]
[[ 213 1050]] , [[ 214 1049]]
[[212 958]] , [[212 961]]
[[ 516 1016]] , [[ 516 1019]]
[[204 958]] , [[204 963]]
[[ 215 1050]] , [[ 216 1049]]
[[ 215 1050]] , [[ 216 1049]]
[[198 934]] , [[198 941]]
[[220 924]] , [[220 943]]
[[ 754 1016]] , [[ 754 1019]]
[[ 205 1012]] , [[ 206 1011]]
[[200 926]] , [[200 931]]
[[ 213 1054]] , [[ 214 1053]]
[[196 958]] , [[196 979]]
[[ 215 1048]] , [[ 216 1047]]
[[ 205 1012]] , [[ 206 1011]]
[[ 205 1012]] , [[ 206 1011]]
[[224 944]] , [[224 953]]
[[ 225 1068]] , [[ 226 1067]]
[[ 757 1016]] , [[ 757 1019]]
[[ 522 1016]] , [[ 522 1017]]
[[ 756 1016]] , [[ 756 1019]]
[[191 906]] , [[191 907]]
[[ 756 1016]] , [[ 756 1019]]
[[224 938]] , [[224 945]]
[[214 928]] , [[214 935]]
[[215 968]] , [[216 967]]
[[ 528 1018]] , [[ 528 1019]]
[[203 986]] , [[204 985]]
[[209 946]] , [[210 945]]
[[215 968]] , [[216 967]]
[[215 968]] , [[216 967]]
[[203 984]] , [[204 983]]
[[215 976]] , [[216 975]]
[[213 992]] , [[214 991]]
[[204 916]] , [[204 927]]
[[204 916]] , [[204 927]]
[[ 203 1004]] , [[ 204 1003]]
[[194 942]] , [[194 977]]
[[194 942]] , [[194 977]]
[[ 207 1042]] , [[ 208 1041]]
[[ 211 1076]] , [[ 212 1075]]
[[ 207 1042]] , [[ 208 1041]]
[[ 211 1076]] , [[ 212 1075]]
[[ 516 1024]] , [[ 516 1025]]
[[ 770 1028]] , [[ 770 1029]]
[[ 394 1026]] , [[ 394 1027]]
[[ 388 1026]] , [[ 388 1027]]
[[196 942]] , [[196 943]]
[[ 516 1024]] , [[ 516 1025]]
[[ 514 1024]] , [[ 514 1025]]
[[ 203 1080]] , [[ 204 1079]]
[[ 506 1022]] , [[ 506 1023]]
[[182 942]] , [[182 943]]
[[202 944]] , [[202 953]]
[[ 205 1180]] , [[ 205 1181]]
[[ 360 1020]] , [[ 360 1021]]
[[ 205 1180]] , [[ 205 1181]]
[[ 744 1010]] , [[ 744 1011]]
[[ 259 1292]] , [[ 260 1291]]
[[ 198 1014]] , [[ 198 1021]]
[[ 382 1010]] , [[ 382 1011]]
[[ 275 1048]] , [[ 276 1047]]
[[ 358 1014]] , [[ 358 1023]]
[[ 273 1052]] , [[ 274 1051]]
[[ 271 1054]] , [[ 272 1053]]
[[ 271 1056]] , [[ 272 1055]]
[[ 182 1016]] , [[ 182 1025]]
[[ 360 1014]] , [[ 360 1015]]
[[ 740 1016]] , [[ 740 1019]]
[[ 227 1062]] , [[ 228 1061]]
[[ 225 1062]] , [[ 226 1061]]
[[ 357 1014]] , [[ 357 1015]]
[[ 227 1298]] , [[ 228 1297]]
[[ 734 1018]] , [[ 734 1022]]
[[ 225 1308]] , [[ 226 1307]]
[[ 202 1031]] , [[ 200 1033]]
[[ 222 1188]] , [[ 222 1189]]
[[ 255 1066]] , [[ 256 1065]]
[[ 736 1024]] , [[ 736 1029]]
[[ 243 1062]] , [[ 244 1061]]
[[ 201 1018]] , [[ 201 1019]]
[[ 762 1006]] , [[ 762 1019]]
[[762 974]] , [[762 985]]
[[ 211 1056]] , [[ 212 1055]]
[[ 211 1056]] , [[ 212 1055]]
[[ 194 1018]] , [[ 194 1022]]
[[ 192 1018]] , [[ 192 1019]]
[[ 213 1076]] , [[ 214 1075]]
[[ 534 1126]] , [[ 534 1137]]
[[ 211 1056]] , [[ 212 1055]]
[[ 378 1010]] , [[ 378 1011]]
[[ 358 1012]] , [[ 358 1015]]
[[534 960]] , [[534 967]]
[[ 530 1020]] , [[ 530 1023]]
[[ 530 1018]] , [[ 530 1019]]
[[204 968]] , [[204 973]]
[[ 528 1014]] , [[ 528 1015]]
[[500 984]] , [[500 989]]
[[ 273 1058]] , [[ 274 1057]]
[[ 195 1042]] , [[ 196 1041]]
[[ 243 1056]] , [[ 244 1055]]
[[ 358 1014]] , [[ 358 1015]]
[[204 970]] , [[204 973]]
[[204 968]] , [[204 973]]
[[202 990]] , [[202 991]]
[[192 932]] , [[192 941]]
[[200 912]] , [[200 917]]
[[200 914]] , [[200 919]]
[[ 358 1012]] , [[ 358 1013]]
[[204 970]] , [[204 991]]
[[176 922]] , [[176 929]]
[[ 504 1014]] , [[ 504 1015]]
[[ 512 1014]] , [[ 512 1015]]
[[ 358 1014]] , [[ 358 1015]]
[[ 233 1314]] , [[ 234 1313]]
[[ 221 1068]] , [[ 222 1067]]
[[ 221 1068]] , [[ 222 1067]]
[[ 215 1062]] , [[ 216 1061]]
[[ 209 1060]] , [[ 210 1059]]
[[202 976]] , [[202 977]]
[[ 358 1014]] , [[ 358 1015]]
[[204 974]] , [[204 975]]
[[ 510 1012]] , [[ 510 1013]]
[[204 972]] , [[204 973]]
[[198 974]] , [[198 979]]
[[179 960]] , [[179 967]]
[[196 952]] , [[196 953]]
[[179 960]] , [[179 967]]
[[204 976]] , [[204 989]]
[[204 976]] , [[204 989]]
[[198 974]] , [[198 979]]
[[ 221 1062]] , [[ 222 1061]]
[[ 221 1062]] , [[ 222 1061]]
[[ 506 1014]] , [[ 506 1015]]
[[204 992]] , [[204 997]]
[[204 992]] , [[204 997]]
[[204 992]] , [[204 997]]
[[178 942]] , [[178 951]]
[[ 356 1014]] , [[ 356 1015]]
[[ 508 1014]] , [[ 508 1015]]
[[ 506 1014]] , [[ 506 1015]]
[[194 952]] , [[194 953]]
[[ 508 1014]] , [[ 508 1015]]
[[178 942]] , [[178 953]]
[[206 962]] , [[206 967]]
[[180 960]] , [[180 975]]
[[ 358 1010]] , [[ 358 1011]]
[[180 946]] , [[180 951]]
[[195 992]] , [[196 991]]
[[182 912]] , [[182 925]]
[[182 922]] , [[182 927]]
[[184 924]] , [[184 931]]
[[184 926]] , [[184 933]]
[[198 944]] , [[198 945]]
[[ 226 1179]] , [[ 226 1183]]
[[220 920]] , [[220 923]]
[[213 980]] , [[214 979]]
[[220 918]] , [[220 935]]
[[ 538 1022]] , [[ 538 1023]]
[[220 980]] , [[220 995]]
[[209 986]] , [[210 985]]
[[218 996]] , [[218 997]]
[[ 540 1016]] , [[ 540 1017]]
[[ 374 1018]] , [[ 374 1019]]
[[ 374 1018]] , [[ 374 1019]]
[[220 996]] , [[220 997]]
[[205 976]] , [[206 975]]
[[ 540 1016]] , [[ 540 1017]]
[[190 930]] , [[190 935]]
[[218 988]] , [[218 993]]
[[ 380 1018]] , [[ 380 1019]]
[[220 990]] , [[ 220 1003]]
[[207 962]] , [[208 961]]
[[207 962]] , [[208 961]]
[[207 962]] , [[208 961]]
[[550 952]] , [[550 975]]
[[548 976]] , [[548 989]]
[[294 870]] , [[294 875]]
[[220 918]] , [[220 923]]
[[308 866]] , [[308 877]]
[[201 982]] , [[202 981]]
[[750 968]] , [[750 975]]
[[778 980]] , [[778 991]]
[[222 942]] , [[222 947]]
[[ 520 1016]] , [[ 520 1017]]
[[ 516 1016]] , [[ 516 1017]]
[[ 520 1016]] , [[ 520 1017]]
[[196 974]] , [[196 979]]
[[ 750 1026]] , [[ 750 1045]]
[[ 221 1072]] , [[ 222 1071]]
[[ 374 1200]] , [[ 374 1215]]
[[ 228 1200]] , [[ 228 1203]]
[[ 373 1198]] , [[ 373 1202]]
[[ 243 1076]] , [[ 244 1075]]
[[ 366 1026]] , [[ 366 1041]]
[[ 766 1024]] , [[ 766 1027]]
[[ 758 1024]] , [[ 758 1025]]
[[ 757 1022]] , [[ 757 1025]]
[[ 520 1016]] , [[ 520 1017]]
[[ 235 1072]] , [[ 236 1071]]
[[ 237 1074]] , [[ 238 1073]]
[[ 231 1072]] , [[ 232 1071]]
[[ 754 1022]] , [[ 754 1025]]
[[ 374 1192]] , [[ 374 1193]]
[[ 524 1016]] , [[ 524 1017]]
[[ 233 1072]] , [[ 234 1071]]
[[410 894]] , [[410 899]]
[[ 374 1022]] , [[ 374 1023]]
[[ 259 1076]] , [[ 260 1075]]
[[ 768 1020]] , [[ 768 1023]]
[[ 370 1020]] , [[ 370 1025]]
[[ 758 1022]] , [[ 758 1023]]
[[ 758 1022]] , [[ 758 1023]]
[[ 238 1138]] , [[ 238 1153]]
[[ 230 1073]] , [[ 230 1087]]
[[ 230 1078]] , [[ 230 1087]]
[[ 766 1022]] , [[ 766 1023]]
[[ 238 1100]] , [[ 238 1103]]
[[ 768 1020]] , [[ 768 1021]]
[[ 234 1132]] , [[ 233 1133]]
[[ 236 1102]] , [[ 236 1107]]
[[ 236 1102]] , [[ 236 1107]]
[[ 242 1092]] , [[ 242 1097]]
[[ 238 1154]] , [[ 238 1159]]
[[ 238 1132]] , [[ 238 1133]]
[[ 232 1098]] , [[ 232 1102]]
[[ 230 1086]] , [[ 230 1091]]
[[ 238 1078]] , [[ 238 1085]]
[[ 282 1072]] , [[ 282 1077]]
[[ 282 1072]] , [[ 282 1077]]
[[ 282 1072]] , [[ 282 1077]]
[[ 236 1062]] , [[ 236 1067]]
[[ 236 1062]] , [[ 236 1067]]
[[ 279 1054]] , [[ 278 1055]]
[[ 236 1062]] , [[ 236 1067]]
[[ 254 1088]] , [[ 254 1097]]
[[ 254 1088]] , [[ 254 1097]]
[[ 254 1088]] , [[ 254 1097]]
[[ 254 1088]] , [[ 254 1097]]
[[ 236 1062]] , [[ 236 1067]]
[[ 228 1122]] , [[ 228 1131]]
[[ 234 1062]] , [[ 234 1067]]
[[ 234 1062]] , [[ 234 1067]]
[[ 254 1088]] , [[ 254 1096]]
[[ 257 1308]] , [[ 258 1307]]
[[ 265 1058]] , [[ 263 1060]]
[[ 378 1190]] , [[ 378 1193]]
[[ 750 1024]] , [[ 750 1029]]
[[ 542 1200]] , [[ 542 1201]]
[[ 232 1156]] , [[ 231 1157]]
[[ 766 1026]] , [[ 766 1027]]
[[ 384 1022]] , [[ 384 1025]]
[[ 232 1134]] , [[ 232 1139]]
[[ 768 1016]] , [[ 768 1017]]
[[ 260 1052]] , [[ 260 1057]]
[[ 240 1150]] , [[ 240 1157]]
[[ 241 1054]] , [[ 239 1056]]
[[ 762 1020]] , [[ 762 1021]]
[[ 248 1060]] , [[ 248 1065]]
[[ 234 1064]] , [[ 234 1065]]
[[ 367 1026]] , [[ 367 1033]]
[[ 235 1064]] , [[ 234 1065]]
[[ 744 1030]] , [[ 744 1031]]
[[ 504 1018]] , [[ 504 1025]]
[[ 528 1014]] , [[ 528 1015]]
[[ 756 1024]] , [[ 756 1025]]
[[ 502 1012]] , [[ 502 1019]]
[[ 365 1126]] , [[ 365 1129]]
[[ 188 1070]] , [[ 188 1091]]
[[ 196 1076]] , [[ 196 1077]]
[[ 222 1058]] , [[ 222 1063]]
[[ 204 1028]] , [[ 204 1033]]
[[ 506 1016]] , [[ 506 1017]]
[[ 562 1049]] , [[ 561 1050]]
[[ 296 1052]] , [[ 296 1053]]
[[ 224 1060]] , [[ 224 1067]]
[[ 202 1030]] , [[ 202 1031]]
[[ 202 1028]] , [[ 202 1029]]
[[ 256 1052]] , [[ 256 1063]]
[[ 204 1030]] , [[ 204 1035]]
[[ 256 1066]] , [[ 256 1073]]
[[ 186 1078]] , [[ 186 1083]]
[[ 186 1078]] , [[ 186 1083]]
[[ 226 1072]] , [[ 226 1079]]
[[ 226 1072]] , [[ 226 1079]]
[[ 228 1074]] , [[ 228 1079]]
[[ 230 1072]] , [[ 230 1073]]
[[ 252 1048]] , [[ 252 1053]]
[[ 252 1048]] , [[ 252 1053]]
[[ 254 1048]] , [[ 254 1053]]
[[ 262 1076]] , [[ 262 1083]]
[[ 224 1050]] , [[ 224 1055]]
[[ 184 1060]] , [[ 184 1065]]
[[ 226 1050]] , [[ 226 1055]]
[[ 184 1060]] , [[ 184 1065]]
[[ 252 1062]] , [[ 252 1071]]
[[ 252 1062]] , [[ 252 1073]]
[[ 255 1050]] , [[ 254 1051]]
[[ 232 1052]] , [[ 232 1053]]
[[ 254 1064]] , [[ 254 1071]]
[[ 256 1050]] , [[ 256 1055]]
[[ 185 1036]] , [[ 185 1037]]
[[ 212 1036]] , [[ 212 1041]]
[[ 260 1046]] , [[ 260 1051]]
[[ 212 1034]] , [[ 212 1041]]
[[ 265 1046]] , [[ 263 1048]]
[[ 193 1038]] , [[ 193 1043]]
[[ 274 1064]] , [[ 274 1071]]
[[ 198 1038]] , [[ 198 1069]]
[[ 218 1024]] , [[ 218 1039]]
[[ 246 1052]] , [[ 246 1057]]
[[ 222 1022]] , [[ 222 1023]]
[[ 544 1010]] , [[ 544 1013]]
[[ 200 1062]] , [[ 200 1071]]
[[ 550 1086]] , [[ 550 1093]]
[[ 270 1048]] , [[ 270 1053]]
[[ 200 1044]] , [[ 200 1057]]
[[ 308 1042]] , [[ 308 1043]]
[[ 242 1048]] , [[ 242 1053]]
[[ 326 1040]] , [[ 326 1041]]
[[ 242 1050]] , [[ 242 1055]]
[[ 246 1076]] , [[ 246 1083]]
[[ 246 1050]] , [[ 246 1055]]
[[ 224 1064]] , [[ 224 1069]]
[[ 406 1088]] , [[ 406 1095]]
[[ 224 1040]] , [[ 224 1041]]
[[ 256 1058]] , [[ 256 1063]]
[[ 544 1014]] , [[ 544 1015]]
[[ 372 1022]] , [[ 372 1027]]
[[ 544 1014]] , [[ 544 1015]]
[[ 240 1126]] , [[ 240 1129]]
[[ 272 1052]] , [[ 272 1057]]
[[ 528 1008]] , [[ 528 1009]]
[[ 528 1006]] , [[ 528 1007]]
[[ 528 1006]] , [[ 528 1007]]
[[ 200 1006]] , [[ 200 1007]]
[[196 918]] , [[196 939]]
[[196 948]] , [[196 975]]
[[208 964]] , [[208 971]]
[[206 960]] , [[206 967]]
[[ 522 1016]] , [[ 522 1017]]
[[ 544 1014]] , [[ 544 1015]]
[[ 210 1094]] , [[ 210 1095]]
[[ 540 1012]] , [[ 540 1013]]
[[ 376 1186]] , [[ 376 1187]]
[[205 976]] , [[204 977]]
[[ 755 1012]] , [[ 755 1013]]
[[ 206 1038]] , [[ 206 1073]]
[[ 446 1078]] , [[ 446 1085]]
[[ 206 1038]] , [[ 206 1057]]
[[ 208 1108]] , [[ 208 1113]]
[[ 380 1014]] , [[ 380 1015]]
[[ 242 1058]] , [[ 242 1063]]
[[ 206 1038]] , [[ 206 1057]]
[[ 391 1014]] , [[ 391 1015]]
[[ 206 1022]] , [[ 206 1039]]
[[ 391 1014]] , [[ 391 1015]]
[[ 378 1016]] , [[ 378 1017]]
