[[750 159]] , [[750 165]]
[[749 155]] , [[749 159]]
[[752 514]] , [[752 515]]
[[837 602]] , [[838 601]]
[[376 514]] , [[376 521]]
[[669 532]] , [[670 531]]
[[494 516]] , [[494 525]]
[[769 512]] , [[767 514]]
[[769 512]] , [[767 514]]
[[375 514]] , [[375 515]]
[[375 514]] , [[375 515]]
[[375 514]] , [[375 515]]
[[375 514]] , [[375 515]]
[[502 514]] , [[502 519]]
[[376 514]] , [[374 516]]
[[669 274]] , [[669 278]]
[[452 512]] , [[452 521]]
[[452 512]] , [[452 521]]
[[624 258]] , [[624 262]]
[[835 544]] , [[836 543]]
[[452 512]] , [[452 521]]
[[750 514]] , [[750 515]]
[[730 160]] , [[730 161]]
[[452 514]] , [[452 521]]
[[375 514]] , [[375 515]]
[[375 514]] , [[375 515]]
[[744 514]] , [[744 515]]
[[641 532]] , [[642 531]]
[[376 516]] , [[376 522]]
[[454 514]] , [[454 519]]
[[996 435]] , [[996 439]]
[[502 516]] , [[502 523]]
[[376 516]] , [[376 522]]
[[841 648]] , [[842 647]]
[[472 520]] , [[472 527]]
[[504 516]] , [[504 524]]
[[448 510]] , [[448 521]]
[[754 514]] , [[754 515]]
[[832 517]] , [[832 521]]
[[377 515]] , [[376 516]]
[[754 514]] , [[754 515]]
[[454 512]] , [[454 519]]
[[376 514]] , [[376 517]]
[[752 514]] , [[752 515]]
[[504 516]] , [[504 524]]
[[478 520]] , [[478 529]]
[[376 514]] , [[376 523]]
[[378 515]] , [[377 516]]
[[378 514]] , [[378 515]]
[[780 514]] , [[778 516]]
[[592 258]] , [[592 262]]
[[454 510]] , [[454 525]]
[[837 578]] , [[838 577]]
[[720 273]] , [[720 278]]
[[750 156]] , [[750 163]]
[[378 514]] , [[378 515]]
[[670 258]] , [[670 262]]
[[758 514]] , [[758 515]]
[[821 524]] , [[822 523]]
[[767 130]] , [[767 134]]
[[754 514]] , [[754 515]]
[[654 258]] , [[654 263]]
[[748 514]] , [[748 515]]
[[304 750]] , [[304 757]]
[[800 514]] , [[800 515]]
[[296 698]] , [[296 703]]
[[800 514]] , [[800 515]]
[[654 616]] , [[654 621]]
[[750 514]] , [[750 515]]
[[838 624]] , [[838 629]]
[[526 520]] , [[526 524]]
[[475 546]] , [[476 545]]
[[833 530]] , [[834 529]]
[[838 564]] , [[838 565]]
[[750 514]] , [[750 515]]
[[514 516]] , [[514 517]]
[[802 514]] , [[801 515]]
[[838 622]] , [[838 623]]
[[656 616]] , [[656 623]]
[[288 662]] , [[288 667]]
[[296 692]] , [[296 697]]
[[526 520]] , [[526 527]]
[[526 520]] , [[526 527]]
[[467 650]] , [[466 651]]
[[379 516]] , [[379 520]]
[[650 622]] , [[650 631]]
[[842 618]] , [[842 619]]
[[306 538]] , [[306 539]]
[[306 538]] , [[306 539]]
[[842 618]] , [[842 619]]
[[842 618]] , [[842 619]]
[[294 580]] , [[294 587]]
[[306 538]] , [[306 541]]
[[466 624]] , [[466 633]]
[[382 515]] , [[381 516]]
[[846 563]] , [[846 565]]
[[380 516]] , [[380 517]]
[[482 530]] , [[482 533]]
[[482 530]] , [[482 533]]
[[842 618]] , [[842 619]]
[[480 526]] , [[480 532]]
[[654 626]] , [[654 627]]
[[380 516]] , [[380 517]]
[[290 590]] , [[290 599]]
[[470 642]] , [[470 650]]
[[290 590]] , [[290 599]]
[[846 562]] , [[846 564]]
[[310 534]] , [[310 536]]
[[758 514]] , [[758 515]]
[[480 514]] , [[480 519]]
[[758 514]] , [[758 515]]
[[379 515]] , [[379 520]]
[[310 534]] , [[310 536]]
[[290 590]] , [[290 595]]
[[665 530]] , [[666 529]]
[[628 258]] , [[628 262]]
[[665 530]] , [[666 529]]
[[665 530]] , [[666 529]]
[[379 514]] , [[378 515]]
[[284 546]] , [[284 549]]
[[378 514]] , [[378 520]]
[[633 259]] , [[633 263]]
[[665 528]] , [[666 527]]
[[472 510]] , [[472 511]]
[[663 530]] , [[664 529]]
[[640 264]] , [[640 271]]
[[640 264]] , [[640 269]]
[[500 520]] , [[500 525]]
[[810 514]] , [[810 517]]
[[756 512]] , [[755 513]]
[[500 520]] , [[500 525]]
[[282 547]] , [[282 549]]
[[772 136]] , [[772 140]]
[[474 514]] , [[474 529]]
[[819 524]] , [[820 523]]
[[819 524]] , [[820 523]]
[[835 580]] , [[836 579]]
[[282 546]] , [[282 549]]
[[314 528]] , [[314 529]]
[[819 538]] , [[820 537]]
[[520 516]] , [[520 521]]
[[298 538]] , [[298 544]]
[[298 538]] , [[298 545]]
[[748 512]] , [[748 513]]
[[520 516]] , [[520 521]]
[[994 432]] , [[994 441]]
[[748 512]] , [[748 515]]
[[994 432]] , [[994 441]]
[[672 256]] , [[672 262]]
[[994 432]] , [[994 441]]
[[800 512]] , [[800 513]]
[[698 258]] , [[698 262]]
[[728 256]] , [[728 260]]
[[994 432]] , [[994 439]]
[[486 514]] , [[486 521]]
[[374 516]] , [[374 523]]
[[994 432]] , [[994 439]]
[[698 275]] , [[698 279]]
[[994 432]] , [[994 439]]
[[470 539]] , [[470 541]]
[[792 512]] , [[792 513]]
[[774 512]] , [[774 513]]
[[758 128]] , [[758 133]]
[[729 275]] , [[729 279]]
[[666 275]] , [[666 279]]
[[711 275]] , [[711 279]]
[[829 542]] , [[830 541]]
[[450 514]] , [[450 518]]
[[656 275]] , [[656 279]]
[[ 825 1012]] , [[ 826 1011]]
[[815 532]] , [[816 531]]
[[728 275]] , [[728 279]]
[[698 275]] , [[698 279]]
[[752 512]] , [[752 513]]
[[752 512]] , [[752 513]]
[[823 530]] , [[824 529]]
[[472 514]] , [[472 527]]
[[656 258]] , [[656 262]]
[[754 512]] , [[754 513]]
[[448 512]] , [[448 519]]
[[752 512]] , [[752 513]]
[[728 168]] , [[728 173]]
[[458 508]] , [[458 509]]
[[286 548]] , [[286 549]]
[[810 513]] , [[809 514]]
[[768 514]] , [[768 515]]
[[320 530]] , [[320 531]]
[[494 515]] , [[494 521]]
[[838 519]] , [[838 537]]
[[800 514]] , [[799 515]]
[[838 522]] , [[838 537]]
[[667 532]] , [[668 531]]
[[817 522]] , [[818 521]]
[[817 522]] , [[818 521]]
[[750 516]] , [[750 517]]
[[774 514]] , [[773 515]]
[[576 258]] , [[576 262]]
[[382 514]] , [[382 515]]
[[382 514]] , [[382 515]]
[[744 152]] , [[744 153]]
[[774 514]] , [[774 521]]
[[817 522]] , [[818 521]]
[[648 271]] , [[648 275]]
[[776 512]] , [[776 513]]
[[847 586]] , [[848 585]]
[[632 258]] , [[632 263]]
[[853 578]] , [[854 577]]
[[645 265]] , [[645 269]]
[[851 578]] , [[852 577]]
[[666 256]] , [[666 261]]
[[630 258]] , [[630 263]]
[[781 520]] , [[782 519]]
[[726 516]] , [[726 517]]
[[667 530]] , [[668 529]]
[[782 514]] , [[782 515]]
[[379 514]] , [[379 520]]
[[478 514]] , [[478 521]]
[[477 534]] , [[477 535]]
[[477 534]] , [[477 535]]
[[377 516]] , [[377 521]]
[[480 516]] , [[480 521]]
[[304 538]] , [[304 544]]
[[840 520]] , [[840 521]]
[[304 538]] , [[304 544]]
[[842 557]] , [[842 561]]
[[524 520]] , [[524 525]]
[[379 516]] , [[379 517]]
[[494 518]] , [[494 523]]
[[304 536]] , [[304 543]]
[[292 710]] , [[292 719]]
[[840 620]] , [[840 621]]
[[647 624]] , [[647 627]]
[[846 558]] , [[846 564]]
[[468 624]] , [[468 628]]
[[480 526]] , [[480 531]]
[[794 512]] , [[794 513]]
[[379 516]] , [[379 517]]
[[838 622]] , [[838 623]]
[[476 534]] , [[476 541]]
[[848 560]] , [[848 563]]
[[496 516]] , [[496 521]]
[[294 692]] , [[294 693]]
[[838 622]] , [[838 623]]
[[470 626]] , [[470 627]]
[[305 536]] , [[305 544]]
[[488 770]] , [[488 781]]
[[840 622]] , [[840 623]]
[[294 692]] , [[294 693]]
[[813 878]] , [[814 877]]
[[652 634]] , [[652 637]]
[[296 680]] , [[296 686]]
[[652 634]] , [[652 637]]
[[478 534]] , [[478 543]]
[[652 634]] , [[652 637]]
[[854 554]] , [[854 555]]
[[470 636]] , [[470 638]]
[[838 556]] , [[838 567]]
[[318 742]] , [[318 743]]
[[320 528]] , [[320 533]]
[[854 556]] , [[854 557]]
[[308 536]] , [[308 537]]
[[476 534]] , [[476 543]]
[[665 528]] , [[666 527]]
[[292 584]] , [[292 591]]
[[526 520]] , [[526 525]]
[[308 536]] , [[308 537]]
[[476 534]] , [[476 543]]
[[466 612]] , [[466 619]]
[[491 518]] , [[491 522]]
[[650 618]] , [[650 621]]
[[838 620]] , [[838 628]]
[[466 608]] , [[466 615]]
[[460 544]] , [[460 549]]
[[306 540]] , [[306 543]]
[[306 540]] , [[306 543]]
[[648 614]] , [[648 619]]
[[306 544]] , [[306 549]]
[[306 540]] , [[306 549]]
[[306 540]] , [[306 549]]
[[471 636]] , [[470 637]]
[[286 548]] , [[286 555]]
[[752 514]] , [[752 515]]
[[838 622]] , [[838 623]]
[[764 514]] , [[764 515]]
[[654 600]] , [[654 601]]
[[829 524]] , [[830 523]]
[[829 524]] , [[830 523]]
[[465 578]] , [[464 579]]
[[829 522]] , [[830 521]]
[[611 265]] , [[611 269]]
[[526 256]] , [[526 261]]
[[640 518]] , [[640 519]]
[[650 638]] , [[650 648]]
[[764 514]] , [[764 515]]
[[766 512]] , [[766 513]]
[[828 718]] , [[828 719]]
[[287 549]] , [[287 550]]
[[824 534]] , [[824 539]]
[[808 710]] , [[808 711]]
[[712 258]] , [[712 262]]
[[828 708]] , [[828 709]]
[[831 718]] , [[832 717]]
[[480 735]] , [[479 736]]
[[716 518]] , [[714 520]]
[[828 706]] , [[828 707]]
[[684 520]] , [[684 525]]
[[684 520]] , [[684 525]]
[[712 266]] , [[712 270]]
[[714 268]] , [[714 272]]
[[733 518]] , [[733 522]]
[[840 612]] , [[840 627]]
[[284 550]] , [[284 559]]
[[686 518]] , [[686 525]]
[[800 510]] , [[800 511]]
[[710 518]] , [[710 523]]
[[815 511]] , [[814 512]]
[[678 518]] , [[678 523]]
[[648 554]] , [[648 559]]
[[716 517]] , [[715 518]]
[[832 586]] , [[832 590]]
[[641 622]] , [[641 631]]
[[832 560]] , [[832 565]]
[[792 714]] , [[792 721]]
[[840 550]] , [[840 551]]
[[834 638]] , [[834 671]]
[[646 516]] , [[646 517]]
[[652 538]] , [[652 543]]
[[670 518]] , [[670 527]]
[[292 632]] , [[292 639]]
[[646 516]] , [[646 517]]
[[464 554]] , [[464 561]]
[[714 164]] , [[714 169]]
[[646 638]] , [[646 649]]
[[680 722]] , [[680 727]]
[[646 640]] , [[646 649]]
[[646 516]] , [[646 517]]
[[839 626]] , [[840 625]]
[[378 512]] , [[376 514]]
[[748 160]] , [[748 165]]
[[831 728]] , [[832 727]]
[[827 708]] , [[828 707]]
[[825 882]] , [[826 881]]
[[476 534]] , [[476 539]]
[[476 528]] , [[476 541]]
[[843 616]] , [[844 615]]
[[376 514]] , [[376 521]]
[[841 556]] , [[842 555]]
[[841 556]] , [[842 555]]
[[815 530]] , [[816 529]]
[[538 262]] , [[538 266]]
[[543 263]] , [[543 267]]
[[804 512]] , [[803 513]]
[[506 515]] , [[506 517]]
[[805 512]] , [[804 513]]
[[506 515]] , [[506 519]]
[[766 512]] , [[766 513]]
[[667 530]] , [[668 529]]
[[750 159]] , [[750 165]]
[[749 155]] , [[749 159]]
[[752 514]] , [[752 515]]
[[837 602]] , [[838 601]]
[[376 514]] , [[376 521]]
[[669 532]] , [[670 531]]
[[494 516]] , [[494 525]]
[[769 512]] , [[767 514]]
[[769 512]] , [[767 514]]
[[375 514]] , [[375 515]]
[[375 514]] , [[375 515]]
[[375 514]] , [[375 515]]
[[375 514]] , [[375 515]]
[[502 514]] , [[502 519]]
[[376 514]] , [[374 516]]
[[669 274]] , [[669 278]]
[[452 512]] , [[452 521]]
[[452 512]] , [[452 521]]
[[624 258]] , [[624 262]]
[[835 544]] , [[836 543]]
[[452 512]] , [[452 521]]
[[750 514]] , [[750 515]]
[[730 160]] , [[730 161]]
[[452 514]] , [[452 521]]
[[375 514]] , [[375 515]]
[[375 514]] , [[375 515]]
[[744 514]] , [[744 515]]
[[641 532]] , [[642 531]]
[[376 516]] , [[376 522]]
[[454 514]] , [[454 519]]
[[996 435]] , [[996 439]]
[[502 516]] , [[502 523]]
[[376 516]] , [[376 522]]
[[841 648]] , [[842 647]]
[[472 520]] , [[472 527]]
[[504 516]] , [[504 524]]
[[448 510]] , [[448 521]]
[[754 514]] , [[754 515]]
[[832 517]] , [[832 521]]
[[377 515]] , [[376 516]]
[[754 514]] , [[754 515]]
[[454 512]] , [[454 519]]
[[376 514]] , [[376 517]]
[[752 514]] , [[752 515]]
[[504 516]] , [[504 524]]
[[478 520]] , [[478 529]]
[[376 514]] , [[376 523]]
[[378 515]] , [[377 516]]
[[378 514]] , [[378 515]]
[[780 514]] , [[778 516]]
[[592 258]] , [[592 262]]
[[454 510]] , [[454 525]]
[[837 578]] , [[838 577]]
[[720 273]] , [[720 278]]
[[750 156]] , [[750 163]]
[[378 514]] , [[378 515]]
[[670 258]] , [[670 262]]
[[758 514]] , [[758 515]]
[[821 524]] , [[822 523]]
[[767 130]] , [[767 134]]
[[754 514]] , [[754 515]]
[[654 258]] , [[654 263]]
[[748 514]] , [[748 515]]
[[304 750]] , [[304 757]]
[[800 514]] , [[800 515]]
[[296 698]] , [[296 703]]
[[800 514]] , [[800 515]]
[[654 616]] , [[654 621]]
[[750 514]] , [[750 515]]
[[838 624]] , [[838 629]]
[[526 520]] , [[526 524]]
[[475 546]] , [[476 545]]
[[833 530]] , [[834 529]]
[[838 564]] , [[838 565]]
[[750 514]] , [[750 515]]
[[514 516]] , [[514 517]]
[[802 514]] , [[801 515]]
[[838 622]] , [[838 623]]
[[656 616]] , [[656 623]]
[[288 662]] , [[288 667]]
[[296 692]] , [[296 697]]
[[526 520]] , [[526 527]]
[[526 520]] , [[526 527]]
[[467 650]] , [[466 651]]
[[379 516]] , [[379 520]]
[[650 622]] , [[650 631]]
[[842 618]] , [[842 619]]
[[306 538]] , [[306 539]]
[[306 538]] , [[306 539]]
[[842 618]] , [[842 619]]
[[842 618]] , [[842 619]]
[[294 580]] , [[294 587]]
[[306 538]] , [[306 541]]
[[466 624]] , [[466 633]]
[[382 515]] , [[381 516]]
[[846 563]] , [[846 565]]
[[380 516]] , [[380 517]]
[[482 530]] , [[482 533]]
[[482 530]] , [[482 533]]
[[842 618]] , [[842 619]]
[[480 526]] , [[480 532]]
[[654 626]] , [[654 627]]
[[380 516]] , [[380 517]]
[[290 590]] , [[290 599]]
[[470 642]] , [[470 650]]
[[290 590]] , [[290 599]]
[[846 562]] , [[846 564]]
[[310 534]] , [[310 536]]
[[758 514]] , [[758 515]]
[[480 514]] , [[480 519]]
[[758 514]] , [[758 515]]
[[379 515]] , [[379 520]]
[[310 534]] , [[310 536]]
[[290 590]] , [[290 595]]
[[665 530]] , [[666 529]]
[[628 258]] , [[628 262]]
[[665 530]] , [[666 529]]
[[665 530]] , [[666 529]]
[[379 514]] , [[378 515]]
[[284 546]] , [[284 549]]
[[378 514]] , [[378 520]]
[[633 259]] , [[633 263]]
[[665 528]] , [[666 527]]
[[472 510]] , [[472 511]]
[[663 530]] , [[664 529]]
[[640 264]] , [[640 271]]
[[640 264]] , [[640 269]]
[[500 520]] , [[500 525]]
[[810 514]] , [[810 517]]
[[756 512]] , [[755 513]]
[[500 520]] , [[500 525]]
[[282 547]] , [[282 549]]
[[772 136]] , [[772 140]]
[[474 514]] , [[474 529]]
[[819 524]] , [[820 523]]
[[819 524]] , [[820 523]]
[[835 580]] , [[836 579]]
[[282 546]] , [[282 549]]
[[314 528]] , [[314 529]]
[[819 538]] , [[820 537]]
[[520 516]] , [[520 521]]
[[298 538]] , [[298 544]]
[[298 538]] , [[298 545]]
[[748 512]] , [[748 513]]
[[520 516]] , [[520 521]]
[[994 432]] , [[994 441]]
[[748 512]] , [[748 515]]
[[994 432]] , [[994 441]]
[[672 256]] , [[672 262]]
[[994 432]] , [[994 441]]
[[800 512]] , [[800 513]]
[[698 258]] , [[698 262]]
[[728 256]] , [[728 260]]
[[994 432]] , [[994 439]]
[[486 514]] , [[486 521]]
[[374 516]] , [[374 523]]
[[994 432]] , [[994 439]]
[[698 275]] , [[698 279]]
[[994 432]] , [[994 439]]
[[470 539]] , [[470 541]]
[[792 512]] , [[792 513]]
[[774 512]] , [[774 513]]
[[758 128]] , [[758 133]]
[[729 275]] , [[729 279]]
[[666 275]] , [[666 279]]
[[711 275]] , [[711 279]]
[[829 542]] , [[830 541]]
[[450 514]] , [[450 518]]
[[656 275]] , [[656 279]]
[[ 825 1012]] , [[ 826 1011]]
[[815 532]] , [[816 531]]
[[728 275]] , [[728 279]]
[[698 275]] , [[698 279]]
[[752 512]] , [[752 513]]
[[752 512]] , [[752 513]]
[[823 530]] , [[824 529]]
[[472 514]] , [[472 527]]
[[656 258]] , [[656 262]]
[[754 512]] , [[754 513]]
[[448 512]] , [[448 519]]
[[752 512]] , [[752 513]]
[[728 168]] , [[728 173]]
[[458 508]] , [[458 509]]
[[286 548]] , [[286 549]]
[[810 513]] , [[809 514]]
[[768 514]] , [[768 515]]
[[320 530]] , [[320 531]]
[[494 515]] , [[494 521]]
[[838 519]] , [[838 537]]
[[800 514]] , [[799 515]]
[[838 522]] , [[838 537]]
[[667 532]] , [[668 531]]
[[817 522]] , [[818 521]]
[[817 522]] , [[818 521]]
[[750 516]] , [[750 517]]
[[774 514]] , [[773 515]]
[[576 258]] , [[576 262]]
[[382 514]] , [[382 515]]
[[382 514]] , [[382 515]]
[[744 152]] , [[744 153]]
[[774 514]] , [[774 521]]
[[817 522]] , [[818 521]]
[[648 271]] , [[648 275]]
[[776 512]] , [[776 513]]
[[847 586]] , [[848 585]]
[[632 258]] , [[632 263]]
[[853 578]] , [[854 577]]
[[645 265]] , [[645 269]]
[[851 578]] , [[852 577]]
[[666 256]] , [[666 261]]
[[630 258]] , [[630 263]]
[[781 520]] , [[782 519]]
[[726 516]] , [[726 517]]
[[667 530]] , [[668 529]]
[[782 514]] , [[782 515]]
[[379 514]] , [[379 520]]
[[478 514]] , [[478 521]]
[[477 534]] , [[477 535]]
[[477 534]] , [[477 535]]
[[377 516]] , [[377 521]]
[[480 516]] , [[480 521]]
[[304 538]] , [[304 544]]
[[840 520]] , [[840 521]]
[[304 538]] , [[304 544]]
[[842 557]] , [[842 561]]
[[524 520]] , [[524 525]]
[[379 516]] , [[379 517]]
[[494 518]] , [[494 523]]
[[304 536]] , [[304 543]]
[[292 710]] , [[292 719]]
[[840 620]] , [[840 621]]
[[647 624]] , [[647 627]]
[[846 558]] , [[846 564]]
[[468 624]] , [[468 628]]
[[480 526]] , [[480 531]]
[[794 512]] , [[794 513]]
[[379 516]] , [[379 517]]
[[838 622]] , [[838 623]]
[[476 534]] , [[476 541]]
[[848 560]] , [[848 563]]
[[496 516]] , [[496 521]]
[[294 692]] , [[294 693]]
[[838 622]] , [[838 623]]
[[470 626]] , [[470 627]]
[[305 536]] , [[305 544]]
[[488 770]] , [[488 781]]
[[840 622]] , [[840 623]]
[[294 692]] , [[294 693]]
[[813 878]] , [[814 877]]
[[652 634]] , [[652 637]]
[[296 680]] , [[296 686]]
[[652 634]] , [[652 637]]
[[478 534]] , [[478 543]]
[[652 634]] , [[652 637]]
[[854 554]] , [[854 555]]
[[470 636]] , [[470 638]]
[[838 556]] , [[838 567]]
[[318 742]] , [[318 743]]
[[320 528]] , [[320 533]]
[[854 556]] , [[854 557]]
[[308 536]] , [[308 537]]
[[476 534]] , [[476 543]]
[[665 528]] , [[666 527]]
[[292 584]] , [[292 591]]
[[526 520]] , [[526 525]]
[[308 536]] , [[308 537]]
[[476 534]] , [[476 543]]
[[466 612]] , [[466 619]]
[[491 518]] , [[491 522]]
[[650 618]] , [[650 621]]
[[838 620]] , [[838 628]]
[[466 608]] , [[466 615]]
[[460 544]] , [[460 549]]
[[306 540]] , [[306 543]]
[[306 540]] , [[306 543]]
[[648 614]] , [[648 619]]
[[306 544]] , [[306 549]]
[[306 540]] , [[306 549]]
[[306 540]] , [[306 549]]
[[471 636]] , [[470 637]]
[[286 548]] , [[286 555]]
[[752 514]] , [[752 515]]
[[838 622]] , [[838 623]]
[[764 514]] , [[764 515]]
[[654 600]] , [[654 601]]
[[829 524]] , [[830 523]]
[[829 524]] , [[830 523]]
[[465 578]] , [[464 579]]
[[829 522]] , [[830 521]]
[[611 265]] , [[611 269]]
[[526 256]] , [[526 261]]
[[640 518]] , [[640 519]]
[[650 638]] , [[650 648]]
[[764 514]] , [[764 515]]
[[766 512]] , [[766 513]]
[[828 718]] , [[828 719]]
[[287 549]] , [[287 550]]
[[824 534]] , [[824 539]]
[[808 710]] , [[808 711]]
[[712 258]] , [[712 262]]
[[828 708]] , [[828 709]]
[[831 718]] , [[832 717]]
[[480 735]] , [[479 736]]
[[716 518]] , [[714 520]]
[[828 706]] , [[828 707]]
[[684 520]] , [[684 525]]
[[684 520]] , [[684 525]]
[[712 266]] , [[712 270]]
[[714 268]] , [[714 272]]
[[733 518]] , [[733 522]]
[[840 612]] , [[840 627]]
[[284 550]] , [[284 559]]
[[686 518]] , [[686 525]]
[[800 510]] , [[800 511]]
[[710 518]] , [[710 523]]
[[815 511]] , [[814 512]]
[[678 518]] , [[678 523]]
[[648 554]] , [[648 559]]
[[716 517]] , [[715 518]]
[[832 586]] , [[832 590]]
[[641 622]] , [[641 631]]
[[832 560]] , [[832 565]]
[[792 714]] , [[792 721]]
[[840 550]] , [[840 551]]
[[834 638]] , [[834 671]]
[[646 516]] , [[646 517]]
[[652 538]] , [[652 543]]
[[670 518]] , [[670 527]]
[[292 632]] , [[292 639]]
[[646 516]] , [[646 517]]
[[464 554]] , [[464 561]]
[[714 164]] , [[714 169]]
[[646 638]] , [[646 649]]
[[680 722]] , [[680 727]]
[[646 640]] , [[646 649]]
[[646 516]] , [[646 517]]
[[839 626]] , [[840 625]]
[[378 512]] , [[376 514]]
[[748 160]] , [[748 165]]
[[831 728]] , [[832 727]]
[[827 708]] , [[828 707]]
[[825 882]] , [[826 881]]
[[476 534]] , [[476 539]]
[[476 528]] , [[476 541]]
[[843 616]] , [[844 615]]
[[376 514]] , [[376 521]]
[[841 556]] , [[842 555]]
[[841 556]] , [[842 555]]
[[815 530]] , [[816 529]]
[[538 262]] , [[538 266]]
[[543 263]] , [[543 267]]
[[804 512]] , [[803 513]]
[[506 515]] , [[506 517]]
[[805 512]] , [[804 513]]
[[506 515]] , [[506 519]]
[[766 512]] , [[766 513]]
[[667 530]] , [[668 529]]
[[530 862]] , [[529 863]]
[[220 864]] , [[220 871]]
[[306 862]] , [[306 867]]
[[278 862]] , [[278 865]]
[[392 860]] , [[392 861]]
[[743 884]] , [[744 883]]
[[398 860]] , [[398 861]]
[[282 862]] , [[281 863]]
[[286 862]] , [[286 863]]
[[283 862]] , [[282 863]]
[[378 860]] , [[378 861]]
[[298 864]] , [[298 873]]
[[342 860]] , [[342 861]]
[[233 862]] , [[232 863]]
[[384 860]] , [[383 861]]
[[307 878]] , [[308 877]]
[[300 862]] , [[299 863]]
[[592 862]] , [[592 879]]
[[400 860]] , [[400 861]]
[[366 858]] , [[366 861]]
[[512 852]] , [[512 853]]
[[528 846]] , [[527 847]]
[[433 857]] , [[434 856]]
[[410 852]] , [[409 853]]
[[414 852]] , [[413 853]]
[[414 852]] , [[414 853]]
[[584 854]] , [[584 855]]
[[554 854]] , [[554 855]]
[[293 862]] , [[293 863]]
[[602 864]] , [[602 865]]
[[ 767 1000]] , [[768 999]]
[[730 848]] , [[729 849]]
