[[376 516]] , [[376 522]]
[[765 130]] , [[765 134]]
[[650 628]] , [[650 631]]
[[304 534]] , [[304 535]]
[[378 514]] , [[378 515]]
[[817 532]] , [[818 531]]
[[378 514]] , [[378 515]]
[[378 514]] , [[378 515]]
[[819 528]] , [[820 527]]
[[480 514]] , [[480 517]]
[[378 514]] , [[378 522]]
[[304 534]] , [[304 545]]
[[514 516]] , [[514 517]]
[[378 516]] , [[378 521]]
[[802 514]] , [[801 515]]
[[809 530]] , [[810 529]]
[[484 512]] , [[484 513]]
[[454 512]] , [[454 516]]
[[502 518]] , [[502 523]]
[[380 516]] , [[380 523]]
[[446 514]] , [[446 519]]
[[487 512]] , [[485 514]]
[[667 530]] , [[668 529]]
[[473 512]] , [[473 513]]
[[584 260]] , [[584 264]]
[[452 512]] , [[452 519]]
[[833 530]] , [[834 529]]
[[738   2]] , [[738   6]]
[[480 526]] , [[480 532]]
[[802 513]] , [[801 514]]
[[482 529]] , [[482 533]]
[[472 512]] , [[472 517]]
[[453 512]] , [[453 518]]
[[752 160]] , [[752 164]]
[[665 530]] , [[666 529]]
[[628 258]] , [[628 262]]
[[614 258]] , [[614 262]]
[[663 532]] , [[664 531]]
[[570 258]] , [[570 263]]
[[474 514]] , [[474 529]]
[[835 580]] , [[836 579]]
[[994 434]] , [[994 439]]
[[749 512]] , [[748 513]]
[[994 432]] , [[994 439]]
[[752 514]] , [[752 515]]
[[815 522]] , [[816 521]]
[[626 258]] , [[626 262]]
[[454 510]] , [[454 519]]
[[480 526]] , [[480 533]]
[[784 514]] , [[784 515]]
[[480 516]] , [[480 521]]
[[760 514]] , [[760 515]]
[[760 514]] , [[759 515]]
[[746 154]] , [[746 159]]
[[790 512]] , [[790 513]]
[[518 520]] , [[518 525]]
[[378 516]] , [[378 521]]
[[378 516]] , [[378 520]]
[[518 520]] , [[518 525]]
[[754 160]] , [[754 165]]
[[480 518]] , [[480 523]]
[[470 626]] , [[470 627]]
[[480 516]] , [[480 523]]
[[480 516]] , [[480 523]]
[[763 514]] , [[761 516]]
[[382 516]] , [[382 520]]
[[665 528]] , [[666 527]]
[[507 517]] , [[506 518]]
[[763 514]] , [[761 516]]
[[838 556]] , [[838 567]]
[[790 514]] , [[789 515]]
[[829 524]] , [[830 523]]
[[665 528]] , [[666 527]]
[[480 516]] , [[480 527]]
[[456 512]] , [[456 517]]
[[779 514]] , [[779 515]]
[[770 514]] , [[769 515]]
[[499 518]] , [[499 522]]
[[731 516]] , [[729 518]]
[[480 516]] , [[480 519]]
[[658 518]] , [[658 519]]
[[720 268]] , [[720 272]]
[[706 264]] , [[706 268]]
[[381 516]] , [[381 520]]
[[378 260]] , [[378 261]]
[[717 162]] , [[717 166]]
[[702 270]] , [[702 275]]
[[377 514]] , [[377 518]]
[[798 510]] , [[797 511]]
[[280 542]] , [[280 551]]
[[768 510]] , [[768 513]]
[[792 510]] , [[791 511]]
[[375 511]] , [[375 515]]
[[792 510]] , [[791 511]]
[[750 160]] , [[750 161]]
[[478 510]] , [[478 519]]
[[376 516]] , [[376 522]]
[[765 130]] , [[765 134]]
[[650 628]] , [[650 631]]
[[304 534]] , [[304 535]]
[[378 514]] , [[378 515]]
[[817 532]] , [[818 531]]
[[378 514]] , [[378 515]]
[[378 514]] , [[378 515]]
[[819 528]] , [[820 527]]
[[480 514]] , [[480 517]]
[[378 514]] , [[378 522]]
[[304 534]] , [[304 545]]
[[514 516]] , [[514 517]]
[[378 516]] , [[378 521]]
[[802 514]] , [[801 515]]
[[809 530]] , [[810 529]]
[[484 512]] , [[484 513]]
[[454 512]] , [[454 516]]
[[502 518]] , [[502 523]]
[[380 516]] , [[380 523]]
[[446 514]] , [[446 519]]
[[487 512]] , [[485 514]]
[[667 530]] , [[668 529]]
[[473 512]] , [[473 513]]
[[584 260]] , [[584 264]]
[[452 512]] , [[452 519]]
[[833 530]] , [[834 529]]
[[738   2]] , [[738   6]]
[[480 526]] , [[480 532]]
[[802 513]] , [[801 514]]
[[482 529]] , [[482 533]]
[[472 512]] , [[472 517]]
[[453 512]] , [[453 518]]
[[752 160]] , [[752 164]]
[[665 530]] , [[666 529]]
[[628 258]] , [[628 262]]
[[614 258]] , [[614 262]]
[[663 532]] , [[664 531]]
[[570 258]] , [[570 263]]
[[474 514]] , [[474 529]]
[[835 580]] , [[836 579]]
[[994 434]] , [[994 439]]
[[749 512]] , [[748 513]]
[[994 432]] , [[994 439]]
[[752 514]] , [[752 515]]
[[815 522]] , [[816 521]]
[[626 258]] , [[626 262]]
[[454 510]] , [[454 519]]
[[480 526]] , [[480 533]]
[[784 514]] , [[784 515]]
[[480 516]] , [[480 521]]
[[760 514]] , [[760 515]]
[[760 514]] , [[759 515]]
[[746 154]] , [[746 159]]
[[790 512]] , [[790 513]]
[[518 520]] , [[518 525]]
[[378 516]] , [[378 521]]
[[378 516]] , [[378 520]]
[[518 520]] , [[518 525]]
[[754 160]] , [[754 165]]
[[480 518]] , [[480 523]]
[[470 626]] , [[470 627]]
[[480 516]] , [[480 523]]
[[480 516]] , [[480 523]]
[[763 514]] , [[761 516]]
[[382 516]] , [[382 520]]
[[665 528]] , [[666 527]]
[[507 517]] , [[506 518]]
[[763 514]] , [[761 516]]
[[838 556]] , [[838 567]]
[[790 514]] , [[789 515]]
[[829 524]] , [[830 523]]
[[665 528]] , [[666 527]]
[[480 516]] , [[480 527]]
[[456 512]] , [[456 517]]
[[779 514]] , [[779 515]]
[[770 514]] , [[769 515]]
[[499 518]] , [[499 522]]
[[731 516]] , [[729 518]]
[[480 516]] , [[480 519]]
[[658 518]] , [[658 519]]
[[720 268]] , [[720 272]]
[[706 264]] , [[706 268]]
[[381 516]] , [[381 520]]
[[378 260]] , [[378 261]]
[[717 162]] , [[717 166]]
[[702 270]] , [[702 275]]
[[377 514]] , [[377 518]]
[[798 510]] , [[797 511]]
[[280 542]] , [[280 551]]
[[768 510]] , [[768 513]]
[[792 510]] , [[791 511]]
[[375 511]] , [[375 515]]
[[792 510]] , [[791 511]]
[[750 160]] , [[750 161]]
[[478 510]] , [[478 519]]
