[[546 238]] , [[547 237]]
[[764 712]] , [[760 716]]
[[840 558]] , [[840 561]]
[[ 698 1000]] , [[ 698 1007]]
[[744 716]] , [[744 723]]
[[ 829 1010]] , [[ 828 1011]]
[[490 726]] , [[490 731]]
[[ 483 1027]] , [[ 483 1031]]
[[ 698 1000]] , [[ 698 1005]]
[[ 838 1015]] , [[ 837 1016]]
[[701 998]] , [[701 999]]
[[ 490 1008]] , [[ 490 1015]]
[[358 749]] , [[358 753]]
[[698 998]] , [[ 698 1006]]
[[358 749]] , [[358 753]]
[[484 996]] , [[ 484 1005]]
[[490 974]] , [[490 991]]
[[ 838 1014]] , [[ 838 1019]]
[[ 482 1006]] , [[ 482 1025]]
[[ 483 1027]] , [[ 482 1028]]
[[ 720 1879]] , [[ 720 1883]]
[[ 818 1611]] , [[ 818 1615]]
[[844 550]] , [[844 559]]
[[720 721]] , [[720 725]]
[[478 760]] , [[478 764]]
[[ 480 1012]] , [[ 480 1021]]
[[359 748]] , [[359 753]]
[[680 866]] , [[680 871]]
[[680 950]] , [[680 955]]
[[696 980]] , [[696 987]]
[[ 838 1015]] , [[ 838 1021]]
[[ 838 1015]] , [[ 838 1021]]
[[680 971]] , [[680 977]]
[[678 971]] , [[678 977]]
[[671 856]] , [[672 855]]
[[674 920]] , [[674 927]]
[[842 832]] , [[842 843]]
[[656 800]] , [[656 813]]
[[656 800]] , [[656 853]]
[[669 850]] , [[670 849]]
[[656 800]] , [[656 853]]
[[484 872]] , [[484 877]]
[[842 932]] , [[842 939]]
[[483 800]] , [[483 808]]
[[656 790]] , [[656 803]]
[[472 968]] , [[472 975]]
[[ 488 1018]] , [[ 488 1019]]
[[674 922]] , [[674 927]]
[[486 872]] , [[486 877]]
[[ 488 1018]] , [[ 488 1019]]
[[482 998]] , [[ 482 1007]]
[[ 468 1030]] , [[ 468 1047]]
[[ 488 1018]] , [[ 488 1019]]
[[ 776 1873]] , [[ 775 1874]]
[[466 814]] , [[466 849]]
[[473 992]] , [[472 993]]
[[473 992]] , [[472 993]]
[[482 998]] , [[ 482 1005]]
[[473 992]] , [[473 997]]
[[ 491 1026]] , [[ 492 1025]]
[[ 491 1027]] , [[ 492 1026]]
[[ 480 1008]] , [[ 480 1017]]
[[466 828]] , [[466 849]]
[[470 814]] , [[470 815]]
[[464 862]] , [[464 867]]
[[657 798]] , [[657 799]]
[[672 922]] , [[672 927]]
[[672 922]] , [[672 923]]
[[672 924]] , [[672 933]]
[[ 490 1016]] , [[ 490 1017]]
[[672 924]] , [[672 951]]
[[ 487 1011]] , [[ 488 1010]]
[[470 898]] , [[470 903]]
[[ 682 1616]] , [[ 682 1621]]
[[ 775 1611]] , [[ 775 1615]]
[[ 682 1616]] , [[ 682 1621]]
[[ 489 1011]] , [[ 490 1010]]
[[ 726 1612]] , [[ 726 1617]]
[[474 894]] , [[474 897]]
[[ 723 1612]] , [[ 723 1616]]
[[482 996]] , [[ 482 1003]]
[[470 898]] , [[470 903]]
[[482 875]] , [[482 879]]
[[ 680 1879]] , [[ 679 1880]]
[[672 922]] , [[672 923]]
[[ 778 1874]] , [[ 778 1879]]
[[482 996]] , [[ 482 1003]]
[[ 946 1876]] , [[ 946 1877]]
[[466 790]] , [[466 799]]
[[ 730 1612]] , [[ 730 1616]]
[[ 482 1000]] , [[ 482 1005]]
[[694 968]] , [[694 975]]
[[672 922]] , [[672 923]]
[[ 774 1612]] , [[ 774 1616]]
[[694 968]] , [[694 975]]
[[ 478 1020]] , [[ 478 1021]]
[[ 478 1020]] , [[ 478 1021]]
[[ 513 1032]] , [[ 512 1033]]
[[693 984]] , [[694 983]]
[[693 984]] , [[694 983]]
[[693 984]] , [[694 983]]
[[466 815]] , [[466 827]]
[[466 815]] , [[466 827]]
[[693 984]] , [[694 983]]
[[466 830]] , [[466 840]]
[[ 482 1004]] , [[ 482 1007]]
[[672 920]] , [[672 923]]
[[466 796]] , [[466 813]]
[[652 780]] , [[652 793]]
[[ 848 1613]] , [[ 848 1617]]
[[ 781 1612]] , [[ 780 1613]]
[[482 997]] , [[ 482 1005]]
[[ 850 1613]] , [[ 850 1617]]
[[482 997]] , [[ 482 1005]]
[[672 920]] , [[672 935]]
[[ 544 1616]] , [[ 544 1621]]
[[ 494 1018]] , [[ 494 1020]]
[[ 666 1616]] , [[ 666 1621]]
[[486 870]] , [[486 871]]
[[ 488 1003]] , [[ 488 1007]]
[[ 850 1612]] , [[ 850 1617]]
[[483 772]] , [[483 775]]
[[654 652]] , [[654 653]]
[[654 784]] , [[654 817]]
[[656 784]] , [[656 797]]
[[ 835 1016]] , [[ 835 1025]]
[[842 784]] , [[842 865]]
[[ 846 1875]] , [[ 845 1876]]
[[671 858]] , [[672 857]]
[[ 485 1023]] , [[ 483 1025]]
[[466 882]] , [[466 887]]
[[ 496 1027]] , [[ 496 1035]]
[[ 496 1027]] , [[ 496 1035]]
[[ 800 1611]] , [[ 800 1615]]
[[676 954]] , [[676 973]]
[[ 750 1875]] , [[ 750 1879]]
[[ 706 1875]] , [[ 706 1885]]
[[ 752 1613]] , [[ 752 1617]]
[[ 496 1030]] , [[ 496 1034]]
[[ 484 1020]] , [[ 484 1023]]
[[ 905 1874]] , [[ 905 1878]]
[[ 753 1875]] , [[ 753 1879]]
[[ 926 1875]] , [[ 926 1879]]
[[ 779 1611]] , [[ 779 1615]]
[[ 832 1874]] , [[ 832 1878]]
[[ 768 1611]] , [[ 768 1615]]
[[ 760 1875]] , [[ 760 1879]]
[[ 759 1875]] , [[ 758 1876]]
[[ 680 1009]] , [[ 680 1015]]
[[ 784 1611]] , [[ 784 1615]]
[[ 680 1008]] , [[ 680 1019]]
[[ 686 1010]] , [[ 685 1011]]
[[836 968]] , [[836 975]]
[[ 769 1611]] , [[ 769 1615]]
[[472 752]] , [[472 756]]
[[830 866]] , [[830 871]]
[[842 560]] , [[842 561]]
[[ 472 1033]] , [[ 472 1039]]
[[ 468 1030]] , [[ 468 1047]]
[[ 661 1875]] , [[ 661 1879]]
[[ 470 1035]] , [[ 470 1039]]
[[ 728 1612]] , [[ 728 1616]]
[[ 472 1035]] , [[ 472 1037]]
[[ 666 1879]] , [[ 665 1880]]
[[ 842 1874]] , [[ 842 1879]]
[[ 878 1878]] , [[ 878 1883]]
[[ 912 1874]] , [[ 912 1880]]
[[ 870 1874]] , [[ 870 1878]]
[[ 688 1002]] , [[ 688 1003]]
[[ 770 1874]] , [[ 769 1875]]
[[ 488 1026]] , [[ 487 1027]]
[[ 730 1611]] , [[ 730 1615]]
[[674 868]] , [[674 877]]
[[ 497 1028]] , [[ 497 1033]]
[[672 932]] , [[672 941]]
[[ 296 1044]] , [[ 296 1049]]
[[674 932]] , [[674 941]]
[[ 770 1610]] , [[ 770 1615]]
[[ 496 1024]] , [[ 496 1032]]
[[ 296 1044]] , [[ 296 1049]]
[[ 808 1611]] , [[ 808 1615]]
[[ 296 1046]] , [[ 296 1051]]
[[672 928]] , [[672 957]]
[[ 303 1044]] , [[ 303 1045]]
[[ 485 1022]] , [[ 483 1024]]
[[ 962 1878]] , [[ 962 1883]]
[[ 630 1878]] , [[ 630 1887]]
[[ 486 1022]] , [[ 485 1023]]
[[832 928]] , [[832 943]]
[[ 755 1874]] , [[ 754 1875]]
[[ 304 1044]] , [[ 304 1045]]
[[ 304 1044]] , [[ 304 1045]]
[[ 498 1000]] , [[ 498 1009]]
[[ 810 1611]] , [[ 810 1615]]
[[ 498 1000]] , [[ 498 1009]]
[[ 304 1044]] , [[ 304 1045]]
[[674 926]] , [[674 953]]
[[ 495 1012]] , [[ 494 1013]]
[[ 482 1005]] , [[ 482 1009]]
[[ 620 1879]] , [[ 619 1880]]
[[ 496 1012]] , [[ 496 1013]]
[[ 886 1877]] , [[ 886 1881]]
[[ 496 1012]] , [[ 496 1013]]
[[ 705 1878]] , [[ 705 1882]]
[[ 662 1879]] , [[ 661 1880]]
[[ 974 1880]] , [[ 974 1884]]
[[ 964 1878]] , [[ 964 1879]]
[[ 790 1874]] , [[ 790 1879]]
[[672 924]] , [[672 957]]
[[834 928]] , [[834 935]]
[[ 806 1611]] , [[ 806 1615]]
[[ 497 1024]] , [[ 497 1029]]
[[682 990]] , [[ 682 1005]]
[[ 616 1613]] , [[ 616 1617]]
[[ 933 1874]] , [[ 933 1878]]
[[662 862]] , [[662 867]]
[[838 934]] , [[838 935]]
[[ 683 1004]] , [[ 682 1005]]
[[838 934]] , [[838 935]]
[[488 954]] , [[488 959]]
[[ 486 1028]] , [[ 485 1029]]
[[ 486 1028]] , [[ 485 1029]]
[[836 936]] , [[836 943]]
[[ 824 1611]] , [[ 824 1615]]
[[ 482 1032]] , [[ 481 1033]]
[[ 480 1032]] , [[ 480 1037]]
[[762 712]] , [[762 713]]
[[522 726]] , [[522 731]]
[[ 678 1016]] , [[ 678 1021]]
[[ 824 1611]] , [[ 824 1615]]
[[ 427 1618]] , [[ 426 1619]]
[[ 427 1618]] , [[ 426 1619]]
[[ 770 1611]] , [[ 770 1615]]
[[ 950 1874]] , [[ 950 1879]]
[[ 751 1873]] , [[ 750 1874]]
[[1053 1840]] , [[1053 1844]]
[[ 850 1873]] , [[ 850 1882]]
[[ 850 1873]] , [[ 850 1882]]
[[ 467 1032]] , [[ 467 1037]]
[[671 928]] , [[671 930]]
[[ 536 1615]] , [[ 536 1619]]
[[ 848 1614]] , [[ 848 1619]]
[[654 806]] , [[654 807]]
[[836 950]] , [[836 951]]
[[680 856]] , [[680 858]]
[[670 926]] , [[670 927]]
[[680 855]] , [[680 857]]
[[ 486 1006]] , [[ 486 1009]]
[[680 856]] , [[680 858]]
[[ 486 1006]] , [[ 486 1013]]
[[ 628 1877]] , [[ 628 1883]]
[[ 950 1876]] , [[ 950 1880]]
[[ 768 1611]] , [[ 768 1615]]
[[ 761 1874]] , [[ 760 1875]]
[[ 750 1875]] , [[ 750 1879]]
[[ 858 1614]] , [[ 858 1615]]
[[693 984]] , [[694 983]]
[[ 855 1614]] , [[ 855 1615]]
[[672 924]] , [[672 933]]
[[ 491 1026]] , [[ 492 1025]]
[[ 486 1006]] , [[ 486 1011]]
[[ 486 1006]] , [[ 486 1010]]
[[470 870]] , [[470 879]]
[[ 486 1006]] , [[ 486 1011]]
[[ 692 1611]] , [[ 692 1615]]
[[464 802]] , [[464 849]]
[[650 782]] , [[650 803]]
[[483 792]] , [[483 794]]
[[481 782]] , [[481 787]]
[[ 834 1612]] , [[ 834 1616]]
[[483 792]] , [[483 794]]
[[654 780]] , [[654 781]]
[[650 782]] , [[650 803]]
[[483 792]] , [[483 793]]
[[650 782]] , [[650 801]]
[[482 862]] , [[482 865]]
[[480 768]] , [[480 779]]
[[482 794]] , [[482 799]]
[[672 924]] , [[672 929]]
[[ 754 1875]] , [[ 754 1879]]
[[674 944]] , [[674 949]]
[[768 868]] , [[768 872]]
[[674 944]] , [[674 949]]
[[ 942 1874]] , [[ 942 1879]]
[[671 935]] , [[671 941]]
[[ 486 1000]] , [[ 486 1017]]
[[465 812]] , [[465 816]]
[[ 486 1000]] , [[ 486 1008]]
[[670 924]] , [[670 925]]
[[ 486 1005]] , [[ 486 1013]]
[[ 486 1005]] , [[ 486 1013]]
[[ 486 1004]] , [[ 486 1014]]
[[674 950]] , [[674 951]]
[[674 950]] , [[674 951]]
[[672 924]] , [[672 933]]
[[466 818]] , [[466 831]]
[[466 830]] , [[466 831]]
[[ 485 1006]] , [[ 484 1007]]
[[672 924]] , [[672 933]]
[[ 784 1611]] , [[ 784 1615]]
[[672 924]] , [[672 933]]
[[ 844 1612]] , [[ 844 1617]]
[[672 938]] , [[672 943]]
[[672 926]] , [[672 935]]
[[730 876]] , [[730 893]]
[[464 801]] , [[464 829]]
[[672 938]] , [[672 942]]
[[ 724 1611]] , [[ 724 1615]]
[[470 854]] , [[470 859]]
[[ 484 1002]] , [[ 484 1009]]
[[ 864 1617]] , [[ 864 1622]]
[[ 688 1612]] , [[ 688 1617]]
[[672 934]] , [[672 935]]
[[ 750 1612]] , [[ 750 1617]]
[[ 778 1612]] , [[ 778 1616]]
[[ 844 1613]] , [[ 844 1617]]
[[ 922 1874]] , [[ 922 1878]]
[[ 486 1006]] , [[ 485 1007]]
[[464 807]] , [[464 845]]
[[ 486 1002]] , [[ 486 1007]]
[[ 777 1612]] , [[ 777 1616]]
[[ 866 1878]] , [[ 866 1883]]
[[ 786 1614]] , [[ 786 1618]]
[[ 480 1020]] , [[ 480 1021]]
[[672 930]] , [[672 931]]
[[466 814]] , [[466 845]]
[[672 922]] , [[672 925]]
[[672 922]] , [[672 923]]
[[486 802]] , [[486 803]]
[[ 702 1888]] , [[ 702 1901]]
[[ 820 1614]] , [[ 820 1620]]
[[ 734 1612]] , [[ 734 1616]]
[[468 830]] , [[468 849]]
[[ 822 1612]] , [[ 822 1617]]
[[ 494 1018]] , [[ 494 1021]]
[[ 735 1878]] , [[ 734 1879]]
[[ 494 1009]] , [[ 493 1010]]
[[ 802 1611]] , [[ 802 1615]]
[[ 493 1022]] , [[ 494 1021]]
[[ 802 1611]] , [[ 801 1612]]
[[674 922]] , [[674 923]]
[[ 822 1611]] , [[ 821 1612]]
[[ 823 1611]] , [[ 823 1615]]
[[ 765 1612]] , [[ 764 1613]]
[[ 838 1613]] , [[ 838 1617]]
[[ 490 1002]] , [[ 490 1009]]
[[ 807 1610]] , [[ 806 1611]]
[[ 490 1002]] , [[ 490 1005]]
[[472 850]] , [[472 851]]
[[ 824 1613]] , [[ 823 1614]]
[[482 843]] , [[482 847]]
[[672 920]] , [[672 921]]
[[ 496 1002]] , [[ 496 1007]]
[[ 836 1873]] , [[ 835 1874]]
[[674 920]] , [[674 921]]
[[ 491 1020]] , [[ 492 1019]]
[[672 920]] , [[672 923]]
[[481 982]] , [[481 989]]
[[486 770]] , [[486 787]]
[[472 797]] , [[471 798]]
[[841 922]] , [[842 921]]
[[674 920]] , [[674 921]]
[[681 851]] , [[681 855]]
[[ 494 1000]] , [[ 494 1009]]
[[ 496 1002]] , [[ 496 1007]]
[[ 762 1611]] , [[ 762 1615]]
[[482 992]] , [[482 993]]
[[496 998]] , [[ 496 1003]]
[[ 495 1036]] , [[ 496 1035]]
[[ 494 1024]] , [[ 495 1023]]
[[ 789 1611]] , [[ 788 1612]]
[[704 988]] , [[704 992]]
[[816 704]] , [[816 709]]
[[ 705 1000]] , [[ 705 1007]]
[[286 546]] , [[286 547]]
[[702 721]] , [[702 727]]
[[702 721]] , [[702 727]]
[[808 868]] , [[808 877]]
[[842 559]] , [[842 561]]
[[716 722]] , [[716 725]]
[[814 700]] , [[814 701]]
[[816 866]] , [[816 867]]
[[713 722]] , [[712 723]]
[[477 534]] , [[477 535]]
[[716 722]] , [[716 727]]
[[ 689 1022]] , [[ 689 1026]]
[[838 938]] , [[838 943]]
[[838 956]] , [[838 957]]
[[ 792 1611]] , [[ 792 1617]]
[[ 760 1612]] , [[ 760 1616]]
[[ 749 1873]] , [[ 748 1874]]
[[ 474 1014]] , [[ 474 1023]]
[[ 712 1014]] , [[ 712 1015]]
[[ 778 1611]] , [[ 778 1615]]
[[680 968]] , [[680 983]]
[[ 497 1000]] , [[ 497 1002]]
[[ 496 1000]] , [[ 496 1009]]
[[ 495 1024]] , [[ 496 1023]]
[[674 928]] , [[674 961]]
[[678 926]] , [[678 927]]
[[ 499 1019]] , [[ 499 1021]]
[[ 749 1875]] , [[ 749 1879]]
[[ 702 1612]] , [[ 702 1616]]
[[ 792 1612]] , [[ 792 1616]]
[[ 792 1612]] , [[ 792 1616]]
[[ 792 1612]] , [[ 792 1616]]
[[ 305 1048]] , [[ 304 1049]]
[[ 484 1016]] , [[ 483 1017]]
[[ 480 1001]] , [[ 480 1005]]
[[ 307 1047]] , [[ 306 1048]]
[[ 496 1012]] , [[ 495 1013]]
[[ 794 1611]] , [[ 794 1615]]
[[ 496 1015]] , [[ 496 1017]]
[[ 918 1871]] , [[ 918 1875]]
[[ 865 1616]] , [[ 865 1620]]
[[ 864 1616]] , [[ 864 1620]]
[[ 304 1048]] , [[ 304 1053]]
[[ 491 1883]] , [[ 490 1884]]
[[ 504 1616]] , [[ 504 1620]]
[[ 702 1877]] , [[ 702 1881]]
[[ 504 1882]] , [[ 503 1883]]
[[ 306 1625]] , [[ 306 1629]]
[[ 832 1873]] , [[ 832 1879]]
[[ 766 1612]] , [[ 766 1616]]
[[ 470 1021]] , [[ 470 1022]]
[[ 866 1617]] , [[ 866 1621]]
[[ 786 1611]] , [[ 786 1615]]
[[ 867 1617]] , [[ 867 1621]]
[[ 298 1043]] , [[ 298 1044]]
[[ 818 1878]] , [[ 818 1883]]
[[498 992]] , [[498 999]]
[[ 495 1012]] , [[ 494 1013]]
[[ 760 1616]] , [[ 760 1620]]
[[ 495 1012]] , [[ 494 1013]]
[[468 810]] , [[468 814]]
[[ 495 1012]] , [[ 495 1013]]
[[840 926]] , [[840 931]]
[[675 924]] , [[675 927]]
[[ 489 1020]] , [[ 487 1022]]
[[ 314 1042]] , [[ 314 1043]]
[[ 695 1016]] , [[ 696 1015]]
[[ 867 1616]] , [[ 867 1620]]
[[ 780 1611]] , [[ 780 1615]]
[[ 301 1030]] , [[ 301 1036]]
[[676 932]] , [[676 941]]
[[ 298 1030]] , [[ 298 1035]]
[[ 298 1030]] , [[ 298 1035]]
[[ 778 1611]] , [[ 778 1615]]
[[689 998]] , [[688 999]]
[[ 495 1036]] , [[ 496 1035]]
[[ 696 1611]] , [[ 696 1615]]
[[ 719 1611]] , [[ 719 1615]]
[[ 682 1002]] , [[ 682 1007]]
[[ 304 1014]] , [[ 304 1025]]
[[ 784 1875]] , [[ 784 1879]]
[[ 802 1610]] , [[ 801 1611]]
[[836 922]] , [[836 925]]
[[ 712 1611]] , [[ 712 1615]]
[[ 490 1019]] , [[ 490 1021]]
[[ 802 1612]] , [[ 802 1616]]
[[ 713 1611]] , [[ 713 1615]]
[[ 578 1617]] , [[ 578 1621]]
[[ 709 1611]] , [[ 708 1612]]
[[ 727 1612]] , [[ 727 1616]]
[[ 490 1019]] , [[ 490 1021]]
[[ 690 1008]] , [[ 690 1009]]
[[ 690 1008]] , [[ 690 1009]]
[[ 298 1030]] , [[ 298 1035]]
[[ 711 1014]] , [[ 711 1019]]
[[ 711 1014]] , [[ 711 1018]]
[[ 490 1019]] , [[ 490 1021]]
[[ 711 1013]] , [[ 711 1019]]
[[ 296 1024]] , [[ 296 1029]]
[[ 657 1874]] , [[ 657 1879]]
[[ 489 1020]] , [[ 487 1022]]
[[ 690 1008]] , [[ 690 1009]]
[[ 299 1047]] , [[ 300 1046]]
[[ 712 1612]] , [[ 712 1616]]
[[  96 1467]] , [[  96 1471]]
[[ 296 1022]] , [[ 296 1029]]
[[ 489 1019]] , [[ 488 1020]]
[[ 296 1022]] , [[ 296 1031]]
[[ 502 1018]] , [[ 502 1023]]
[[ 303 1040]] , [[ 304 1039]]
[[ 480 1006]] , [[ 480 1013]]
[[ 489 1019]] , [[ 488 1020]]
[[ 857 1613]] , [[ 857 1617]]
[[ 806 1609]] , [[ 805 1610]]
[[ 482 1008]] , [[ 482 1013]]
[[ 301 1050]] , [[ 301 1055]]
[[688 986]] , [[688 987]]
[[ 760 1618]] , [[ 760 1623]]
[[500 994]] , [[ 500 1011]]
[[494 994]] , [[494 998]]
[[487 990]] , [[487 991]]
[[ 308 1030]] , [[ 308 1057]]
[[822 866]] , [[822 867]]
[[839 930]] , [[839 935]]
[[838 908]] , [[838 915]]
[[496 998]] , [[ 496 1009]]
[[832 858]] , [[832 863]]
[[838 904]] , [[838 911]]
[[834 912]] , [[834 913]]
[[830 814]] , [[830 839]]
[[836 910]] , [[836 915]]
[[ 839 1014]] , [[ 840 1013]]
[[660 859]] , [[660 867]]
[[837 916]] , [[838 915]]
[[ 839 1014]] , [[ 840 1013]]
[[664 872]] , [[664 877]]
[[684 942]] , [[684 947]]
[[ 800 1614]] , [[ 800 1621]]
[[ 681 1009]] , [[ 681 1015]]
[[ 736 1875]] , [[ 736 1879]]
[[ 702 1000]] , [[ 702 1009]]
[[ 806 1612]] , [[ 806 1615]]
[[ 498 1019]] , [[ 497 1020]]
[[700 994]] , [[700 999]]
[[692 988]] , [[692 999]]
[[ 480 1019]] , [[ 480 1023]]
[[452 894]] , [[452 901]]
[[ 624 1876]] , [[ 623 1877]]
[[ 480 1018]] , [[ 480 1023]]
[[ 725 1877]] , [[ 724 1878]]
[[ 722 1877]] , [[ 722 1883]]
[[ 760 1873]] , [[ 760 1875]]
[[ 481 1019]] , [[ 481 1023]]
[[813 870]] , [[814 869]]
[[704 880]] , [[704 885]]
[[ 830 1002]] , [[ 830 1003]]
[[ 480 1009]] , [[ 480 1021]]
[[ 304 1052]] , [[ 304 1057]]
[[ 480 1009]] , [[ 480 1021]]
[[ 786 1610]] , [[ 786 1615]]
[[793 874]] , [[793 879]]
[[770 884]] , [[770 889]]
[[ 496 1012]] , [[ 496 1016]]
[[ 679 1877]] , [[ 678 1878]]
[[ 496 1012]] , [[ 496 1023]]
[[674 930]] , [[674 937]]
[[ 496 1016]] , [[ 496 1021]]
[[ 682 1002]] , [[ 682 1003]]
[[686 994]] , [[686 995]]
[[678 958]] , [[678 978]]
[[ 812 1611]] , [[ 812 1615]]
[[ 482 1018]] , [[ 482 1019]]
[[ 837 1873]] , [[ 837 1877]]
[[ 493 1003]] , [[ 493 1006]]
[[674 920]] , [[674 921]]
[[ 796 1611]] , [[ 796 1615]]
[[ 822 1611]] , [[ 822 1615]]
[[ 810 1611]] , [[ 810 1615]]
[[482 999]] , [[ 482 1005]]
[[ 787 1611]] , [[ 787 1615]]
[[ 487 1014]] , [[ 488 1013]]
[[ 575 1616]] , [[ 575 1620]]
[[764 712]] , [[760 716]]
[[840 558]] , [[840 561]]
[[ 698 1000]] , [[ 698 1007]]
[[744 716]] , [[744 723]]
[[ 829 1010]] , [[ 828 1011]]
[[490 726]] , [[490 731]]
[[ 483 1027]] , [[ 483 1031]]
[[ 698 1000]] , [[ 698 1005]]
[[ 838 1015]] , [[ 837 1016]]
[[701 998]] , [[701 999]]
[[ 490 1008]] , [[ 490 1015]]
[[358 749]] , [[358 753]]
[[698 998]] , [[ 698 1006]]
[[358 749]] , [[358 753]]
[[484 996]] , [[ 484 1005]]
[[490 974]] , [[490 991]]
[[ 838 1014]] , [[ 838 1019]]
[[ 482 1006]] , [[ 482 1025]]
[[ 483 1027]] , [[ 482 1028]]
[[ 720 1879]] , [[ 720 1883]]
[[ 818 1611]] , [[ 818 1615]]
[[844 550]] , [[844 559]]
[[720 721]] , [[720 725]]
[[478 760]] , [[478 764]]
[[ 480 1012]] , [[ 480 1021]]
[[359 748]] , [[359 753]]
[[680 866]] , [[680 871]]
[[680 950]] , [[680 955]]
[[696 980]] , [[696 987]]
[[ 838 1015]] , [[ 838 1021]]
[[ 838 1015]] , [[ 838 1021]]
[[680 971]] , [[680 977]]
[[678 971]] , [[678 977]]
[[671 856]] , [[672 855]]
[[674 920]] , [[674 927]]
[[842 832]] , [[842 843]]
[[656 800]] , [[656 813]]
[[656 800]] , [[656 853]]
[[669 850]] , [[670 849]]
[[656 800]] , [[656 853]]
[[484 872]] , [[484 877]]
[[842 932]] , [[842 939]]
[[483 800]] , [[483 808]]
[[656 790]] , [[656 803]]
[[472 968]] , [[472 975]]
[[ 488 1018]] , [[ 488 1019]]
[[674 922]] , [[674 927]]
[[486 872]] , [[486 877]]
[[ 488 1018]] , [[ 488 1019]]
[[482 998]] , [[ 482 1007]]
[[ 468 1030]] , [[ 468 1047]]
[[ 488 1018]] , [[ 488 1019]]
[[ 776 1873]] , [[ 775 1874]]
[[466 814]] , [[466 849]]
[[473 992]] , [[472 993]]
[[473 992]] , [[472 993]]
[[482 998]] , [[ 482 1005]]
[[473 992]] , [[473 997]]
[[ 491 1026]] , [[ 492 1025]]
[[ 491 1027]] , [[ 492 1026]]
[[ 480 1008]] , [[ 480 1017]]
[[466 828]] , [[466 849]]
[[470 814]] , [[470 815]]
[[464 862]] , [[464 867]]
[[657 798]] , [[657 799]]
[[672 922]] , [[672 927]]
[[672 922]] , [[672 923]]
[[672 924]] , [[672 933]]
[[ 490 1016]] , [[ 490 1017]]
[[672 924]] , [[672 951]]
[[ 487 1011]] , [[ 488 1010]]
[[470 898]] , [[470 903]]
[[ 682 1616]] , [[ 682 1621]]
[[ 775 1611]] , [[ 775 1615]]
[[ 682 1616]] , [[ 682 1621]]
[[ 489 1011]] , [[ 490 1010]]
[[ 726 1612]] , [[ 726 1617]]
[[474 894]] , [[474 897]]
[[ 723 1612]] , [[ 723 1616]]
[[482 996]] , [[ 482 1003]]
[[470 898]] , [[470 903]]
[[482 875]] , [[482 879]]
[[ 680 1879]] , [[ 679 1880]]
[[672 922]] , [[672 923]]
[[ 778 1874]] , [[ 778 1879]]
[[482 996]] , [[ 482 1003]]
[[ 946 1876]] , [[ 946 1877]]
[[466 790]] , [[466 799]]
[[ 730 1612]] , [[ 730 1616]]
[[ 482 1000]] , [[ 482 1005]]
[[694 968]] , [[694 975]]
[[672 922]] , [[672 923]]
[[ 774 1612]] , [[ 774 1616]]
[[694 968]] , [[694 975]]
[[ 478 1020]] , [[ 478 1021]]
[[ 478 1020]] , [[ 478 1021]]
[[ 513 1032]] , [[ 512 1033]]
[[693 984]] , [[694 983]]
[[693 984]] , [[694 983]]
[[693 984]] , [[694 983]]
[[466 815]] , [[466 827]]
[[466 815]] , [[466 827]]
[[693 984]] , [[694 983]]
[[466 830]] , [[466 840]]
[[ 482 1004]] , [[ 482 1007]]
[[672 920]] , [[672 923]]
[[466 796]] , [[466 813]]
[[652 780]] , [[652 793]]
[[ 848 1613]] , [[ 848 1617]]
[[ 781 1612]] , [[ 780 1613]]
[[482 997]] , [[ 482 1005]]
[[ 850 1613]] , [[ 850 1617]]
[[482 997]] , [[ 482 1005]]
[[672 920]] , [[672 935]]
[[ 544 1616]] , [[ 544 1621]]
[[ 494 1018]] , [[ 494 1020]]
[[ 666 1616]] , [[ 666 1621]]
[[486 870]] , [[486 871]]
[[ 488 1003]] , [[ 488 1007]]
[[ 850 1612]] , [[ 850 1617]]
[[483 772]] , [[483 775]]
[[654 652]] , [[654 653]]
[[654 784]] , [[654 817]]
[[656 784]] , [[656 797]]
[[ 835 1016]] , [[ 835 1025]]
[[842 784]] , [[842 865]]
[[ 846 1875]] , [[ 845 1876]]
[[671 858]] , [[672 857]]
[[ 485 1023]] , [[ 483 1025]]
[[466 882]] , [[466 887]]
[[ 496 1027]] , [[ 496 1035]]
[[ 496 1027]] , [[ 496 1035]]
[[ 800 1611]] , [[ 800 1615]]
[[676 954]] , [[676 973]]
[[ 750 1875]] , [[ 750 1879]]
[[ 706 1875]] , [[ 706 1885]]
[[ 752 1613]] , [[ 752 1617]]
[[ 496 1030]] , [[ 496 1034]]
[[ 484 1020]] , [[ 484 1023]]
[[ 905 1874]] , [[ 905 1878]]
[[ 753 1875]] , [[ 753 1879]]
[[ 926 1875]] , [[ 926 1879]]
[[ 779 1611]] , [[ 779 1615]]
[[ 832 1874]] , [[ 832 1878]]
[[ 768 1611]] , [[ 768 1615]]
[[ 760 1875]] , [[ 760 1879]]
[[ 759 1875]] , [[ 758 1876]]
[[ 680 1009]] , [[ 680 1015]]
[[ 784 1611]] , [[ 784 1615]]
[[ 680 1008]] , [[ 680 1019]]
[[ 686 1010]] , [[ 685 1011]]
[[836 968]] , [[836 975]]
[[ 769 1611]] , [[ 769 1615]]
[[472 752]] , [[472 756]]
[[830 866]] , [[830 871]]
[[842 560]] , [[842 561]]
[[ 472 1033]] , [[ 472 1039]]
[[ 468 1030]] , [[ 468 1047]]
[[ 661 1875]] , [[ 661 1879]]
[[ 470 1035]] , [[ 470 1039]]
[[ 728 1612]] , [[ 728 1616]]
[[ 472 1035]] , [[ 472 1037]]
[[ 666 1879]] , [[ 665 1880]]
[[ 842 1874]] , [[ 842 1879]]
[[ 878 1878]] , [[ 878 1883]]
[[ 912 1874]] , [[ 912 1880]]
[[ 870 1874]] , [[ 870 1878]]
[[ 688 1002]] , [[ 688 1003]]
[[ 770 1874]] , [[ 769 1875]]
[[ 488 1026]] , [[ 487 1027]]
[[ 730 1611]] , [[ 730 1615]]
[[674 868]] , [[674 877]]
[[ 497 1028]] , [[ 497 1033]]
[[672 932]] , [[672 941]]
[[ 296 1044]] , [[ 296 1049]]
[[674 932]] , [[674 941]]
[[ 770 1610]] , [[ 770 1615]]
[[ 496 1024]] , [[ 496 1032]]
[[ 296 1044]] , [[ 296 1049]]
[[ 808 1611]] , [[ 808 1615]]
[[ 296 1046]] , [[ 296 1051]]
[[672 928]] , [[672 957]]
[[ 303 1044]] , [[ 303 1045]]
[[ 485 1022]] , [[ 483 1024]]
[[ 962 1878]] , [[ 962 1883]]
[[ 630 1878]] , [[ 630 1887]]
[[ 486 1022]] , [[ 485 1023]]
[[832 928]] , [[832 943]]
[[ 755 1874]] , [[ 754 1875]]
[[ 304 1044]] , [[ 304 1045]]
[[ 304 1044]] , [[ 304 1045]]
[[ 498 1000]] , [[ 498 1009]]
[[ 810 1611]] , [[ 810 1615]]
[[ 498 1000]] , [[ 498 1009]]
[[ 304 1044]] , [[ 304 1045]]
[[674 926]] , [[674 953]]
[[ 495 1012]] , [[ 494 1013]]
[[ 482 1005]] , [[ 482 1009]]
[[ 620 1879]] , [[ 619 1880]]
[[ 496 1012]] , [[ 496 1013]]
[[ 886 1877]] , [[ 886 1881]]
[[ 496 1012]] , [[ 496 1013]]
[[ 705 1878]] , [[ 705 1882]]
[[ 662 1879]] , [[ 661 1880]]
[[ 974 1880]] , [[ 974 1884]]
[[ 964 1878]] , [[ 964 1879]]
[[ 790 1874]] , [[ 790 1879]]
[[672 924]] , [[672 957]]
[[834 928]] , [[834 935]]
[[ 806 1611]] , [[ 806 1615]]
[[ 497 1024]] , [[ 497 1029]]
[[682 990]] , [[ 682 1005]]
[[ 616 1613]] , [[ 616 1617]]
[[ 933 1874]] , [[ 933 1878]]
[[662 862]] , [[662 867]]
[[838 934]] , [[838 935]]
[[ 683 1004]] , [[ 682 1005]]
[[838 934]] , [[838 935]]
[[488 954]] , [[488 959]]
[[ 486 1028]] , [[ 485 1029]]
[[ 486 1028]] , [[ 485 1029]]
[[836 936]] , [[836 943]]
[[ 824 1611]] , [[ 824 1615]]
[[ 482 1032]] , [[ 481 1033]]
[[ 480 1032]] , [[ 480 1037]]
[[762 712]] , [[762 713]]
[[522 726]] , [[522 731]]
[[ 678 1016]] , [[ 678 1021]]
[[ 824 1611]] , [[ 824 1615]]
[[ 427 1618]] , [[ 426 1619]]
[[ 427 1618]] , [[ 426 1619]]
[[ 770 1611]] , [[ 770 1615]]
[[ 950 1874]] , [[ 950 1879]]
[[ 751 1873]] , [[ 750 1874]]
[[1053 1840]] , [[1053 1844]]
[[ 850 1873]] , [[ 850 1882]]
[[ 850 1873]] , [[ 850 1882]]
[[ 467 1032]] , [[ 467 1037]]
[[671 928]] , [[671 930]]
[[ 536 1615]] , [[ 536 1619]]
[[ 848 1614]] , [[ 848 1619]]
[[654 806]] , [[654 807]]
[[836 950]] , [[836 951]]
[[680 856]] , [[680 858]]
[[670 926]] , [[670 927]]
[[680 855]] , [[680 857]]
[[ 486 1006]] , [[ 486 1009]]
[[680 856]] , [[680 858]]
[[ 486 1006]] , [[ 486 1013]]
[[ 628 1877]] , [[ 628 1883]]
[[ 950 1876]] , [[ 950 1880]]
[[ 768 1611]] , [[ 768 1615]]
[[ 761 1874]] , [[ 760 1875]]
[[ 750 1875]] , [[ 750 1879]]
[[ 858 1614]] , [[ 858 1615]]
[[693 984]] , [[694 983]]
[[ 855 1614]] , [[ 855 1615]]
[[672 924]] , [[672 933]]
[[ 491 1026]] , [[ 492 1025]]
[[ 486 1006]] , [[ 486 1011]]
[[ 486 1006]] , [[ 486 1010]]
[[470 870]] , [[470 879]]
[[ 486 1006]] , [[ 486 1011]]
[[ 692 1611]] , [[ 692 1615]]
[[464 802]] , [[464 849]]
[[650 782]] , [[650 803]]
[[483 792]] , [[483 794]]
[[481 782]] , [[481 787]]
[[ 834 1612]] , [[ 834 1616]]
[[483 792]] , [[483 794]]
[[654 780]] , [[654 781]]
[[650 782]] , [[650 803]]
[[483 792]] , [[483 793]]
[[650 782]] , [[650 801]]
[[482 862]] , [[482 865]]
[[480 768]] , [[480 779]]
[[482 794]] , [[482 799]]
[[672 924]] , [[672 929]]
[[ 754 1875]] , [[ 754 1879]]
[[674 944]] , [[674 949]]
[[768 868]] , [[768 872]]
[[674 944]] , [[674 949]]
[[ 942 1874]] , [[ 942 1879]]
[[671 935]] , [[671 941]]
[[ 486 1000]] , [[ 486 1017]]
[[465 812]] , [[465 816]]
[[ 486 1000]] , [[ 486 1008]]
[[670 924]] , [[670 925]]
[[ 486 1005]] , [[ 486 1013]]
[[ 486 1005]] , [[ 486 1013]]
[[ 486 1004]] , [[ 486 1014]]
[[674 950]] , [[674 951]]
[[674 950]] , [[674 951]]
[[672 924]] , [[672 933]]
[[466 818]] , [[466 831]]
[[466 830]] , [[466 831]]
[[ 485 1006]] , [[ 484 1007]]
[[672 924]] , [[672 933]]
[[ 784 1611]] , [[ 784 1615]]
[[672 924]] , [[672 933]]
[[ 844 1612]] , [[ 844 1617]]
[[672 938]] , [[672 943]]
[[672 926]] , [[672 935]]
[[730 876]] , [[730 893]]
[[464 801]] , [[464 829]]
[[672 938]] , [[672 942]]
[[ 724 1611]] , [[ 724 1615]]
[[470 854]] , [[470 859]]
[[ 484 1002]] , [[ 484 1009]]
[[ 864 1617]] , [[ 864 1622]]
[[ 688 1612]] , [[ 688 1617]]
[[672 934]] , [[672 935]]
[[ 750 1612]] , [[ 750 1617]]
[[ 778 1612]] , [[ 778 1616]]
[[ 844 1613]] , [[ 844 1617]]
[[ 922 1874]] , [[ 922 1878]]
[[ 486 1006]] , [[ 485 1007]]
[[464 807]] , [[464 845]]
[[ 486 1002]] , [[ 486 1007]]
[[ 777 1612]] , [[ 777 1616]]
[[ 866 1878]] , [[ 866 1883]]
[[ 786 1614]] , [[ 786 1618]]
[[ 480 1020]] , [[ 480 1021]]
[[672 930]] , [[672 931]]
[[466 814]] , [[466 845]]
[[672 922]] , [[672 925]]
[[672 922]] , [[672 923]]
[[486 802]] , [[486 803]]
[[ 702 1888]] , [[ 702 1901]]
[[ 820 1614]] , [[ 820 1620]]
[[ 734 1612]] , [[ 734 1616]]
[[468 830]] , [[468 849]]
[[ 822 1612]] , [[ 822 1617]]
[[ 494 1018]] , [[ 494 1021]]
[[ 735 1878]] , [[ 734 1879]]
[[ 494 1009]] , [[ 493 1010]]
[[ 802 1611]] , [[ 802 1615]]
[[ 493 1022]] , [[ 494 1021]]
[[ 802 1611]] , [[ 801 1612]]
[[674 922]] , [[674 923]]
[[ 822 1611]] , [[ 821 1612]]
[[ 823 1611]] , [[ 823 1615]]
[[ 765 1612]] , [[ 764 1613]]
[[ 838 1613]] , [[ 838 1617]]
[[ 490 1002]] , [[ 490 1009]]
[[ 807 1610]] , [[ 806 1611]]
[[ 490 1002]] , [[ 490 1005]]
[[472 850]] , [[472 851]]
[[ 824 1613]] , [[ 823 1614]]
[[482 843]] , [[482 847]]
[[672 920]] , [[672 921]]
[[ 496 1002]] , [[ 496 1007]]
[[ 836 1873]] , [[ 835 1874]]
[[674 920]] , [[674 921]]
[[ 491 1020]] , [[ 492 1019]]
[[672 920]] , [[672 923]]
[[481 982]] , [[481 989]]
[[486 770]] , [[486 787]]
[[472 797]] , [[471 798]]
[[841 922]] , [[842 921]]
[[674 920]] , [[674 921]]
[[681 851]] , [[681 855]]
[[ 494 1000]] , [[ 494 1009]]
[[ 496 1002]] , [[ 496 1007]]
[[ 762 1611]] , [[ 762 1615]]
[[482 992]] , [[482 993]]
[[496 998]] , [[ 496 1003]]
[[ 495 1036]] , [[ 496 1035]]
[[ 494 1024]] , [[ 495 1023]]
[[ 789 1611]] , [[ 788 1612]]
[[704 988]] , [[704 992]]
[[816 704]] , [[816 709]]
[[ 705 1000]] , [[ 705 1007]]
[[286 546]] , [[286 547]]
[[702 721]] , [[702 727]]
[[702 721]] , [[702 727]]
[[808 868]] , [[808 877]]
[[842 559]] , [[842 561]]
[[716 722]] , [[716 725]]
[[814 700]] , [[814 701]]
[[816 866]] , [[816 867]]
[[713 722]] , [[712 723]]
[[477 534]] , [[477 535]]
[[716 722]] , [[716 727]]
[[ 689 1022]] , [[ 689 1026]]
[[838 938]] , [[838 943]]
[[838 956]] , [[838 957]]
[[ 792 1611]] , [[ 792 1617]]
[[ 760 1612]] , [[ 760 1616]]
[[ 749 1873]] , [[ 748 1874]]
[[ 474 1014]] , [[ 474 1023]]
[[ 712 1014]] , [[ 712 1015]]
[[ 778 1611]] , [[ 778 1615]]
[[680 968]] , [[680 983]]
[[ 497 1000]] , [[ 497 1002]]
[[ 496 1000]] , [[ 496 1009]]
[[ 495 1024]] , [[ 496 1023]]
[[674 928]] , [[674 961]]
[[678 926]] , [[678 927]]
[[ 499 1019]] , [[ 499 1021]]
[[ 749 1875]] , [[ 749 1879]]
[[ 702 1612]] , [[ 702 1616]]
[[ 792 1612]] , [[ 792 1616]]
[[ 792 1612]] , [[ 792 1616]]
[[ 792 1612]] , [[ 792 1616]]
[[ 305 1048]] , [[ 304 1049]]
[[ 484 1016]] , [[ 483 1017]]
[[ 480 1001]] , [[ 480 1005]]
[[ 307 1047]] , [[ 306 1048]]
[[ 496 1012]] , [[ 495 1013]]
[[ 794 1611]] , [[ 794 1615]]
[[ 496 1015]] , [[ 496 1017]]
[[ 918 1871]] , [[ 918 1875]]
[[ 865 1616]] , [[ 865 1620]]
[[ 864 1616]] , [[ 864 1620]]
[[ 304 1048]] , [[ 304 1053]]
[[ 491 1883]] , [[ 490 1884]]
[[ 504 1616]] , [[ 504 1620]]
[[ 702 1877]] , [[ 702 1881]]
[[ 504 1882]] , [[ 503 1883]]
[[ 306 1625]] , [[ 306 1629]]
[[ 832 1873]] , [[ 832 1879]]
[[ 766 1612]] , [[ 766 1616]]
[[ 470 1021]] , [[ 470 1022]]
[[ 866 1617]] , [[ 866 1621]]
[[ 786 1611]] , [[ 786 1615]]
[[ 867 1617]] , [[ 867 1621]]
[[ 298 1043]] , [[ 298 1044]]
[[ 818 1878]] , [[ 818 1883]]
[[498 992]] , [[498 999]]
[[ 495 1012]] , [[ 494 1013]]
[[ 760 1616]] , [[ 760 1620]]
[[ 495 1012]] , [[ 494 1013]]
[[468 810]] , [[468 814]]
[[ 495 1012]] , [[ 495 1013]]
[[840 926]] , [[840 931]]
[[675 924]] , [[675 927]]
[[ 489 1020]] , [[ 487 1022]]
[[ 314 1042]] , [[ 314 1043]]
[[ 695 1016]] , [[ 696 1015]]
[[ 867 1616]] , [[ 867 1620]]
[[ 780 1611]] , [[ 780 1615]]
[[ 301 1030]] , [[ 301 1036]]
[[676 932]] , [[676 941]]
[[ 298 1030]] , [[ 298 1035]]
[[ 298 1030]] , [[ 298 1035]]
[[ 778 1611]] , [[ 778 1615]]
[[689 998]] , [[688 999]]
[[ 495 1036]] , [[ 496 1035]]
[[ 696 1611]] , [[ 696 1615]]
[[ 719 1611]] , [[ 719 1615]]
[[ 682 1002]] , [[ 682 1007]]
[[ 304 1014]] , [[ 304 1025]]
[[ 784 1875]] , [[ 784 1879]]
[[ 802 1610]] , [[ 801 1611]]
[[836 922]] , [[836 925]]
[[ 712 1611]] , [[ 712 1615]]
[[ 490 1019]] , [[ 490 1021]]
[[ 802 1612]] , [[ 802 1616]]
[[ 713 1611]] , [[ 713 1615]]
[[ 578 1617]] , [[ 578 1621]]
[[ 709 1611]] , [[ 708 1612]]
[[ 727 1612]] , [[ 727 1616]]
[[ 490 1019]] , [[ 490 1021]]
[[ 690 1008]] , [[ 690 1009]]
[[ 690 1008]] , [[ 690 1009]]
[[ 298 1030]] , [[ 298 1035]]
[[ 711 1014]] , [[ 711 1019]]
[[ 711 1014]] , [[ 711 1018]]
[[ 490 1019]] , [[ 490 1021]]
[[ 711 1013]] , [[ 711 1019]]
[[ 296 1024]] , [[ 296 1029]]
[[ 657 1874]] , [[ 657 1879]]
[[ 489 1020]] , [[ 487 1022]]
[[ 690 1008]] , [[ 690 1009]]
[[ 299 1047]] , [[ 300 1046]]
[[ 712 1612]] , [[ 712 1616]]
[[  96 1467]] , [[  96 1471]]
[[ 296 1022]] , [[ 296 1029]]
[[ 489 1019]] , [[ 488 1020]]
[[ 296 1022]] , [[ 296 1031]]
[[ 502 1018]] , [[ 502 1023]]
[[ 303 1040]] , [[ 304 1039]]
[[ 480 1006]] , [[ 480 1013]]
[[ 489 1019]] , [[ 488 1020]]
[[ 857 1613]] , [[ 857 1617]]
[[ 806 1609]] , [[ 805 1610]]
[[ 482 1008]] , [[ 482 1013]]
[[ 301 1050]] , [[ 301 1055]]
[[688 986]] , [[688 987]]
[[ 760 1618]] , [[ 760 1623]]
[[500 994]] , [[ 500 1011]]
[[494 994]] , [[494 998]]
[[487 990]] , [[487 991]]
[[ 308 1030]] , [[ 308 1057]]
[[822 866]] , [[822 867]]
[[839 930]] , [[839 935]]
[[838 908]] , [[838 915]]
[[496 998]] , [[ 496 1009]]
[[832 858]] , [[832 863]]
[[838 904]] , [[838 911]]
[[834 912]] , [[834 913]]
[[830 814]] , [[830 839]]
[[836 910]] , [[836 915]]
[[ 839 1014]] , [[ 840 1013]]
[[660 859]] , [[660 867]]
[[837 916]] , [[838 915]]
[[ 839 1014]] , [[ 840 1013]]
[[664 872]] , [[664 877]]
[[684 942]] , [[684 947]]
[[ 800 1614]] , [[ 800 1621]]
[[ 681 1009]] , [[ 681 1015]]
[[ 736 1875]] , [[ 736 1879]]
[[ 702 1000]] , [[ 702 1009]]
[[ 806 1612]] , [[ 806 1615]]
[[ 498 1019]] , [[ 497 1020]]
[[700 994]] , [[700 999]]
[[692 988]] , [[692 999]]
[[ 480 1019]] , [[ 480 1023]]
[[452 894]] , [[452 901]]
[[ 624 1876]] , [[ 623 1877]]
[[ 480 1018]] , [[ 480 1023]]
[[ 725 1877]] , [[ 724 1878]]
[[ 722 1877]] , [[ 722 1883]]
[[ 760 1873]] , [[ 760 1875]]
[[ 481 1019]] , [[ 481 1023]]
[[813 870]] , [[814 869]]
[[704 880]] , [[704 885]]
[[ 830 1002]] , [[ 830 1003]]
[[ 480 1009]] , [[ 480 1021]]
[[ 304 1052]] , [[ 304 1057]]
[[ 480 1009]] , [[ 480 1021]]
[[ 786 1610]] , [[ 786 1615]]
[[793 874]] , [[793 879]]
[[770 884]] , [[770 889]]
[[ 496 1012]] , [[ 496 1016]]
[[ 679 1877]] , [[ 678 1878]]
[[ 496 1012]] , [[ 496 1023]]
[[674 930]] , [[674 937]]
[[ 496 1016]] , [[ 496 1021]]
[[ 682 1002]] , [[ 682 1003]]
[[686 994]] , [[686 995]]
[[678 958]] , [[678 978]]
[[ 812 1611]] , [[ 812 1615]]
[[ 482 1018]] , [[ 482 1019]]
[[ 837 1873]] , [[ 837 1877]]
[[ 493 1003]] , [[ 493 1006]]
[[674 920]] , [[674 921]]
[[ 796 1611]] , [[ 796 1615]]
[[ 822 1611]] , [[ 822 1615]]
[[ 810 1611]] , [[ 810 1615]]
[[482 999]] , [[ 482 1005]]
[[ 787 1611]] , [[ 787 1615]]
[[ 487 1014]] , [[ 488 1013]]
[[ 575 1616]] , [[ 575 1620]]
[[ 232 1070]] , [[ 232 1071]]
[[ 381 1190]] , [[ 381 1191]]
[[ 528 1194]] , [[ 528 1195]]
[[ 381 1190]] , [[ 381 1191]]
[[ 378 1190]] , [[ 378 1191]]
[[ 538 1192]] , [[ 538 1193]]
[[ 241 1378]] , [[ 242 1377]]
[[ 546 1190]] , [[ 546 1191]]
[[ 378 1188]] , [[ 378 1189]]
[[ 536 1184]] , [[ 536 1191]]
[[ 536 1184]] , [[ 536 1191]]
[[ 752 1014]] , [[ 752 1017]]
[[ 360 1086]] , [[ 360 1091]]
[[ 369 1084]] , [[ 370 1083]]
[[ 750 1016]] , [[ 750 1023]]
[[ 235 1298]] , [[ 236 1297]]
[[ 235 1284]] , [[ 236 1283]]
[[ 233 1284]] , [[ 234 1283]]
[[ 538 1192]] , [[ 538 1193]]
[[ 376 1188]] , [[ 376 1189]]
[[ 231 1274]] , [[ 232 1273]]
[[ 233 1284]] , [[ 234 1283]]
[[ 233 1284]] , [[ 234 1283]]
[[ 376 1188]] , [[ 376 1189]]
[[ 750 1206]] , [[ 750 1209]]
[[ 746 1284]] , [[ 747 1283]]
[[ 746 1284]] , [[ 747 1283]]
[[ 530 1194]] , [[ 530 1195]]
[[ 530 1194]] , [[ 530 1195]]
[[ 378 1188]] , [[ 378 1189]]
[[ 755 1206]] , [[ 755 1207]]
[[ 755 1206]] , [[ 755 1207]]
[[ 546 1352]] , [[ 546 1353]]
[[ 536 1192]] , [[ 536 1193]]
[[ 235 1276]] , [[ 236 1275]]
[[ 750 1210]] , [[ 750 1211]]
[[ 240 1216]] , [[ 240 1223]]
[[ 745 1290]] , [[ 746 1289]]
[[ 534 1192]] , [[ 534 1193]]
[[ 376 1186]] , [[ 376 1187]]
[[ 754 1204]] , [[ 754 1207]]
[[ 232 1202]] , [[ 232 1206]]
[[ 376 1188]] , [[ 376 1189]]
[[ 373 1190]] , [[ 373 1195]]
[[ 536 1194]] , [[ 536 1195]]
[[ 536 1194]] , [[ 536 1195]]
[[ 240 1216]] , [[ 240 1229]]
[[ 536 1194]] , [[ 536 1195]]
[[ 752 1206]] , [[ 752 1209]]
[[ 382 1188]] , [[ 382 1189]]
[[ 382 1188]] , [[ 382 1189]]
[[ 382 1188]] , [[ 382 1189]]
[[ 382 1188]] , [[ 382 1189]]
[[ 756 1018]] , [[ 756 1019]]
[[ 229 1328]] , [[ 230 1327]]
[[ 231 1276]] , [[ 232 1275]]
[[ 232 1104]] , [[ 232 1105]]
[[ 372 1018]] , [[ 372 1025]]
[[ 518 1012]] , [[ 518 1013]]
[[ 751 1016]] , [[ 751 1019]]
[[ 378 1190]] , [[ 378 1191]]
[[ 373 1018]] , [[ 373 1021]]
[[ 375 1018]] , [[ 375 1019]]
[[ 372 1016]] , [[ 372 1025]]
[[ 757 1018]] , [[ 757 1019]]
[[ 379 1188]] , [[ 379 1189]]
[[ 379 1188]] , [[ 379 1189]]
[[ 758 1020]] , [[ 758 1021]]
[[ 758 1020]] , [[ 758 1021]]
[[ 530 1194]] , [[ 530 1195]]
[[ 232 1200]] , [[ 232 1205]]
[[ 372 1190]] , [[ 372 1205]]
[[ 754 1020]] , [[ 754 1021]]
[[ 368 1190]] , [[ 368 1195]]
[[ 210 1030]] , [[ 210 1033]]
[[ 206 1050]] , [[ 206 1054]]
[[ 524 1194]] , [[ 524 1195]]
[[ 367 1190]] , [[ 367 1194]]
[[ 752 1020]] , [[ 752 1021]]
[[ 758 1020]] , [[ 758 1021]]
[[ 367 1190]] , [[ 367 1205]]
[[ 367 1190]] , [[ 367 1194]]
[[ 746 1210]] , [[ 746 1215]]
[[ 749 1022]] , [[ 749 1023]]
[[ 368 1190]] , [[ 368 1205]]
[[ 524 1194]] , [[ 524 1195]]
[[ 528 1194]] , [[ 528 1195]]
[[ 520 1196]] , [[ 520 1199]]
[[ 518 1196]] , [[ 518 1199]]
[[ 392 1120]] , [[ 392 1125]]
[[ 516 1196]] , [[ 516 1197]]
[[ 360 1192]] , [[ 360 1215]]
[[ 516 1196]] , [[ 516 1197]]
[[ 518 1196]] , [[ 518 1197]]
[[ 360 1194]] , [[ 360 1215]]
[[ 361 1196]] , [[ 361 1197]]
[[ 364 1196]] , [[ 364 1197]]
[[ 739 1300]] , [[ 738 1301]]
[[ 738 1300]] , [[ 738 1307]]
[[ 730 1308]] , [[ 730 1313]]
[[ 740 1226]] , [[ 740 1259]]
[[ 739 1240]] , [[ 739 1243]]
[[ 359 1208]] , [[ 359 1231]]
[[ 214 1198]] , [[ 214 1205]]
[[ 214 1198]] , [[ 214 1205]]
[[ 214 1200]] , [[ 214 1204]]
[[ 737 1378]] , [[ 738 1377]]
[[ 766 1056]] , [[ 766 1057]]
[[ 206 1030]] , [[ 206 1031]]
[[ 738 1026]] , [[ 738 1027]]
[[ 764 1097]] , [[ 765 1096]]
[[ 738 1028]] , [[ 738 1029]]
[[ 739 1092]] , [[ 739 1102]]
[[ 762 1020]] , [[ 762 1021]]
[[ 199 1060]] , [[ 200 1059]]
[[ 202 1030]] , [[ 202 1031]]
[[ 207 1066]] , [[ 208 1065]]
[[ 562 1048]] , [[ 562 1049]]
[[ 198 1028]] , [[ 198 1035]]
[[ 198 1028]] , [[ 198 1035]]
[[ 198 1028]] , [[ 198 1031]]
[[ 198 1028]] , [[ 198 1031]]
[[ 201 1064]] , [[ 202 1063]]
[[ 201 1064]] , [[ 202 1063]]
[[ 206 1026]] , [[ 206 1027]]
[[ 206 1028]] , [[ 206 1035]]
[[ 206 1028]] , [[ 206 1035]]
[[ 195 1070]] , [[ 196 1069]]
[[ 212 1196]] , [[ 212 1199]]
[[ 360 1198]] , [[ 360 1202]]
[[ 226 1330]] , [[ 226 1335]]
[[ 550 1048]] , [[ 550 1049]]
[[ 215 1171]] , [[ 215 1175]]
[[ 209 1319]] , [[ 210 1318]]
[[ 215 1171]] , [[ 215 1175]]
[[ 223 1326]] , [[ 224 1325]]
[[ 214 1196]] , [[ 214 1199]]
[[ 556 1048]] , [[ 556 1049]]
[[ 566 1047]] , [[ 565 1048]]
[[184 986]] , [[184 993]]
[[ 194 1028]] , [[ 194 1031]]
[[ 216 1055]] , [[ 216 1059]]
[[ 576 1047]] , [[ 575 1048]]
[[ 574 1047]] , [[ 573 1048]]
[[ 201 1032]] , [[ 201 1035]]
[[ 203 1052]] , [[ 204 1051]]
[[ 222 1200]] , [[ 222 1203]]
[[ 204 1032]] , [[ 204 1033]]
[[ 207 1032]] , [[ 207 1033]]
[[ 204 1034]] , [[ 204 1037]]
[[ 209 1052]] , [[ 210 1051]]
[[ 211 1044]] , [[ 212 1043]]
[[ 211 1042]] , [[ 212 1041]]
[[ 514 1016]] , [[ 514 1027]]
[[ 748 1044]] , [[ 748 1048]]
[[ 747 1098]] , [[ 747 1103]]
[[ 778 1048]] , [[ 778 1053]]
[[ 772 1088]] , [[ 772 1112]]
[[ 772 1120]] , [[ 772 1147]]
[[ 782 1056]] , [[ 782 1083]]
[[ 782 1088]] , [[ 782 1095]]
[[ 217 1030]] , [[ 216 1031]]
[[ 753 1193]] , [[ 753 1199]]
[[ 784 1064]] , [[ 784 1077]]
[[ 755 1194]] , [[ 754 1195]]
[[ 532 1196]] , [[ 532 1197]]
[[ 770 1186]] , [[ 770 1203]]
[[ 770 1186]] , [[ 770 1203]]
[[ 770 1186]] , [[ 770 1203]]
[[ 780 1088]] , [[ 780 1094]]
[[ 780 1088]] , [[ 780 1096]]
[[ 784 1064]] , [[ 784 1079]]
[[ 780 1084]] , [[ 780 1097]]
[[ 786 1070]] , [[ 786 1079]]
[[ 786 1072]] , [[ 786 1077]]
[[ 371 1198]] , [[ 371 1199]]
[[ 375 1134]] , [[ 375 1135]]
[[ 373 1198]] , [[ 373 1199]]
[[ 752 1218]] , [[ 752 1225]]
[[ 210 1038]] , [[ 210 1041]]
[[ 751 1022]] , [[ 751 1025]]
[[ 233 1226]] , [[ 234 1225]]
[[ 233 1226]] , [[ 234 1225]]
[[ 216 1034]] , [[ 216 1037]]
[[ 376 1018]] , [[ 376 1019]]
[[ 214 1040]] , [[ 214 1047]]
[[ 374 1018]] , [[ 374 1019]]
[[ 755 1020]] , [[ 755 1021]]
[[ 755 1020]] , [[ 755 1021]]
[[ 376 1190]] , [[ 376 1191]]
[[ 372 1018]] , [[ 372 1021]]
[[ 374 1188]] , [[ 374 1189]]
[[ 232 1132]] , [[ 232 1133]]
[[ 754 1208]] , [[ 754 1211]]
[[ 752 1206]] , [[ 752 1211]]
[[ 376 1188]] , [[ 376 1189]]
[[ 754 1206]] , [[ 754 1209]]
[[ 528 1196]] , [[ 528 1197]]
[[ 382 1188]] , [[ 382 1189]]
[[ 228 1320]] , [[ 228 1324]]
[[ 228 1320]] , [[ 228 1325]]
[[ 750 1210]] , [[ 750 1211]]
[[ 220 1283]] , [[ 220 1287]]
[[ 236 1275]] , [[ 236 1281]]
[[ 530 1194]] , [[ 530 1195]]
[[ 380 1190]] , [[ 380 1193]]
[[ 375 1020]] , [[ 375 1021]]
[[ 198 1024]] , [[ 198 1035]]
[[ 198 1024]] , [[ 198 1035]]
[[ 372 1022]] , [[ 372 1027]]
[[ 760 1022]] , [[ 760 1023]]
[[ 760 1022]] , [[ 760 1023]]
[[ 376 1022]] , [[ 376 1023]]
[[ 382 1190]] , [[ 382 1191]]
[[ 754 1206]] , [[ 754 1207]]
[[ 376 1188]] , [[ 376 1189]]
[[ 370 1020]] , [[ 370 1025]]
[[ 762 1018]] , [[ 762 1019]]
[[ 532 1194]] , [[ 532 1195]]
[[ 370 1020]] , [[ 370 1024]]
[[ 754 1204]] , [[ 754 1205]]
[[ 530 1194]] , [[ 530 1195]]
[[ 221 1344]] , [[ 222 1343]]
[[ 532 1194]] , [[ 532 1195]]
[[ 748 1202]] , [[ 748 1209]]
[[ 752 1206]] , [[ 752 1207]]
[[ 372 1188]] , [[ 372 1189]]
[[ 528 1196]] , [[ 528 1197]]
[[ 372 1188]] , [[ 372 1197]]
[[ 374 1188]] , [[ 374 1189]]
[[ 530 1194]] , [[ 530 1195]]
[[ 374 1188]] , [[ 374 1189]]
[[ 755 1018]] , [[ 755 1019]]
[[ 376 1188]] , [[ 376 1189]]
[[ 757 1016]] , [[ 757 1017]]
[[ 376 1188]] , [[ 376 1189]]
[[ 530 1196]] , [[ 530 1197]]
[[ 384 1188]] , [[ 384 1189]]
[[ 372 1022]] , [[ 372 1031]]
[[ 372 1022]] , [[ 372 1031]]
[[ 384 1188]] , [[ 384 1189]]
[[ 372 1022]] , [[ 372 1031]]
[[ 750 1200]] , [[ 750 1201]]
[[ 372 1022]] , [[ 372 1031]]
[[ 372 1022]] , [[ 372 1031]]
[[ 518 1016]] , [[ 518 1019]]
[[ 372 1022]] , [[ 372 1033]]
[[ 752 1020]] , [[ 752 1021]]
[[ 518 1016]] , [[ 518 1019]]
[[ 518 1016]] , [[ 518 1019]]
[[ 376 1188]] , [[ 376 1189]]
[[ 386 1020]] , [[ 386 1021]]
[[ 376 1188]] , [[ 376 1189]]
[[ 392 1188]] , [[ 392 1189]]
[[ 392 1188]] , [[ 392 1189]]
[[ 390 1020]] , [[ 390 1021]]
[[ 542 1196]] , [[ 542 1197]]
[[ 392 1188]] , [[ 392 1189]]
[[ 374 1022]] , [[ 374 1023]]
[[ 768 1018]] , [[ 768 1021]]
[[ 542 1198]] , [[ 542 1199]]
[[ 758 1020]] , [[ 758 1021]]
[[ 522 1018]] , [[ 522 1019]]
[[ 756 1018]] , [[ 756 1019]]
[[ 758 1016]] , [[ 758 1017]]
[[ 752 1020]] , [[ 752 1021]]
[[214 928]] , [[214 949]]
[[ 219 1074]] , [[ 220 1073]]
[[ 219 1074]] , [[ 220 1073]]
[[ 219 1074]] , [[ 220 1073]]
[[214 942]] , [[214 951]]
[[ 374 1024]] , [[ 374 1025]]
[[ 386 1024]] , [[ 386 1025]]
[[ 766 1022]] , [[ 766 1023]]
[[ 378 1026]] , [[ 378 1027]]
[[ 380 1026]] , [[ 380 1027]]
[[ 752 1026]] , [[ 752 1027]]
[[ 281 1306]] , [[ 282 1305]]
[[ 530 1204]] , [[ 530 1205]]
[[ 373 1196]] , [[ 373 1200]]
[[ 373 1196]] , [[ 373 1200]]
[[ 380 1194]] , [[ 380 1195]]
[[ 528 1204]] , [[ 528 1205]]
[[ 526 1204]] , [[ 526 1205]]
[[ 752 1026]] , [[ 752 1027]]
[[ 364 1194]] , [[ 364 1195]]
[[ 366 1192]] , [[ 366 1193]]
[[ 203 1178]] , [[ 203 1184]]
[[ 207 1244]] , [[ 207 1251]]
[[ 243 1300]] , [[ 244 1299]]
[[ 744 1196]] , [[ 744 1199]]
[[ 364 1180]] , [[ 364 1181]]
[[ 203 1357]] , [[ 204 1356]]
[[ 364 1178]] , [[ 364 1179]]
[[ 360 1180]] , [[ 360 1181]]
[[ 362 1180]] , [[ 362 1181]]
[[ 745 1198]] , [[ 745 1199]]
[[ 732 1202]] , [[ 732 1203]]
[[ 229 1296]] , [[ 230 1295]]
[[ 360 1184]] , [[ 360 1191]]
[[ 183 1080]] , [[ 183 1087]]
[[ 534 1192]] , [[ 534 1193]]
[[ 526 1192]] , [[ 526 1193]]
[[ 534 1184]] , [[ 534 1189]]
[[ 526 1192]] , [[ 526 1193]]
[[ 520 1192]] , [[ 520 1193]]
[[ 742 1214]] , [[ 742 1215]]
[[ 741 1216]] , [[ 741 1217]]
[[ 726 1290]] , [[ 726 1295]]
[[ 739 1218]] , [[ 739 1219]]
[[ 739 1220]] , [[ 739 1224]]
[[ 222 1188]] , [[ 222 1189]]
[[ 209 1234]] , [[ 210 1233]]
[[ 739 1094]] , [[ 739 1103]]
[[ 737 1080]] , [[ 737 1087]]
[[ 200 1022]] , [[ 200 1023]]
[[ 211 1076]] , [[ 212 1075]]
[[ 213 1188]] , [[ 213 1189]]
[[ 556 1040]] , [[ 556 1041]]
[[ 186 1022]] , [[ 186 1023]]
[[ 514 1198]] , [[ 514 1204]]
[[ 358 1192]] , [[ 358 1203]]
[[ 538 1196]] , [[ 538 1197]]
[[ 544 1038]] , [[ 543 1039]]
[[ 194 1020]] , [[ 194 1023]]
[[ 194 1020]] , [[ 194 1023]]
[[ 219 1064]] , [[ 220 1063]]
[[ 211 1066]] , [[ 212 1065]]
[[ 209 1066]] , [[ 210 1065]]
[[ 233 1064]] , [[ 234 1063]]
[[ 190 1020]] , [[ 190 1023]]
[[ 233 1064]] , [[ 234 1063]]
[[ 500 1020]] , [[ 500 1025]]
[[ 196 1020]] , [[ 196 1021]]
[[ 214 1188]] , [[ 214 1189]]
[[ 194 1024]] , [[ 194 1025]]
[[ 194 1024]] , [[ 194 1025]]
[[ 200 1022]] , [[ 200 1023]]
[[ 196 1022]] , [[ 196 1023]]
[[ 231 1056]] , [[ 232 1055]]
[[ 225 1062]] , [[ 226 1061]]
[[ 200 1022]] , [[ 200 1023]]
[[ 200 1022]] , [[ 200 1023]]
[[ 200 1022]] , [[ 200 1023]]
[[ 221 1060]] , [[ 222 1059]]
[[ 516 1198]] , [[ 516 1199]]
[[ 360 1196]] , [[ 360 1197]]
[[ 196 1024]] , [[ 196 1025]]
[[ 370 1196]] , [[ 370 1197]]
[[ 374 1196]] , [[ 374 1197]]
[[ 374 1196]] , [[ 374 1197]]
[[ 208 1194]] , [[ 208 1195]]
[[ 212 1169]] , [[ 212 1173]]
[[ 215 1062]] , [[ 216 1061]]
[[ 186 1026]] , [[ 186 1027]]
[[ 193 1024]] , [[ 193 1025]]
[[ 208 1190]] , [[ 208 1191]]
[[ 192 1024]] , [[ 192 1025]]
[[ 200 1020]] , [[ 200 1023]]
[[ 192 1022]] , [[ 192 1023]]
[[ 217 1068]] , [[ 218 1067]]
[[ 217 1068]] , [[ 218 1067]]
[[ 192 1022]] , [[ 192 1023]]
[[ 190 1024]] , [[ 190 1025]]
[[ 190 1024]] , [[ 190 1025]]
[[ 520 1196]] , [[ 520 1197]]
[[ 520 1196]] , [[ 520 1197]]
[[ 520 1196]] , [[ 520 1197]]
[[ 207 1194]] , [[ 207 1200]]
[[ 207 1194]] , [[ 207 1200]]
[[ 206 1194]] , [[ 206 1201]]
[[ 192 1026]] , [[ 192 1027]]
[[ 206 1194]] , [[ 206 1201]]
[[ 518 1198]] , [[ 518 1199]]
[[ 372 1196]] , [[ 372 1197]]
[[ 207 1194]] , [[ 207 1197]]
[[ 518 1196]] , [[ 518 1197]]
[[ 196 1024]] , [[ 196 1025]]
[[ 186 1024]] , [[ 186 1025]]
[[ 184 1024]] , [[ 184 1039]]
[[ 210 1188]] , [[ 210 1189]]
[[ 360 1012]] , [[ 360 1013]]
[[ 235 1066]] , [[ 236 1065]]
[[ 362 1020]] , [[ 362 1021]]
[[ 508 1026]] , [[ 508 1029]]
[[ 199 1036]] , [[ 199 1037]]
[[ 199 1038]] , [[ 199 1039]]
[[ 224 1180]] , [[ 224 1185]]
[[ 244 1330]] , [[ 244 1331]]
[[ 382 1024]] , [[ 382 1025]]
[[ 538 1024]] , [[ 538 1025]]
[[ 516 1024]] , [[ 516 1025]]
[[ 230 1177]] , [[ 230 1181]]
[[ 216 1032]] , [[ 216 1037]]
[[ 213 1046]] , [[ 214 1045]]
[[ 241 1064]] , [[ 242 1063]]
[[ 218 1028]] , [[ 218 1029]]
[[ 216 1032]] , [[ 216 1033]]
[[ 358 1176]] , [[ 358 1181]]
[[ 217 1032]] , [[ 217 1033]]
[[ 370 1018]] , [[ 370 1019]]
[[ 376 1200]] , [[ 376 1201]]
[[ 236 1196]] , [[ 236 1197]]
[[ 238 1196]] , [[ 238 1197]]
[[ 372 1202]] , [[ 372 1223]]
[[ 238 1196]] , [[ 238 1197]]
[[ 380 1018]] , [[ 380 1019]]
[[ 380 1018]] , [[ 380 1019]]
[[ 380 1018]] , [[ 380 1019]]
[[ 546 1026]] , [[ 546 1029]]
[[ 257 1076]] , [[ 258 1075]]
[[ 231 1078]] , [[ 232 1077]]
[[ 202 1030]] , [[ 202 1031]]
[[ 518 1016]] , [[ 518 1021]]
[[ 572 1050]] , [[ 572 1051]]
[[ 202 1030]] , [[ 202 1033]]
[[ 578 1050]] , [[ 578 1051]]
[[ 217 1376]] , [[ 218 1375]]
[[ 778 1040]] , [[ 778 1045]]
[[ 752 1168]] , [[ 752 1174]]
[[ 778 1120]] , [[ 778 1125]]
[[ 784 1063]] , [[ 784 1067]]
[[ 220 1198]] , [[ 220 1202]]
[[ 374 1204]] , [[ 374 1215]]
[[ 772 1278]] , [[ 772 1279]]
[[ 377 1252]] , [[ 377 1257]]
[[ 776 1282]] , [[ 776 1291]]
[[ 530 1198]] , [[ 530 1199]]
[[ 752 1220]] , [[ 752 1221]]
[[ 528 1200]] , [[ 528 1201]]
[[ 528 1200]] , [[ 528 1201]]
[[ 532 1198]] , [[ 532 1199]]
[[ 214 1032]] , [[ 214 1036]]
[[ 231 1316]] , [[ 232 1315]]
[[ 374 1194]] , [[ 374 1201]]
[[ 370 1194]] , [[ 370 1199]]
[[ 530 1198]] , [[ 530 1199]]
[[ 218 1302]] , [[ 218 1307]]
[[ 225 1305]] , [[ 226 1304]]
[[ 376 1194]] , [[ 376 1195]]
[[ 241 1308]] , [[ 242 1307]]
[[ 376 1192]] , [[ 376 1193]]
[[ 550 1196]] , [[ 550 1197]]
[[ 373 1190]] , [[ 373 1194]]
[[ 528 1196]] , [[ 528 1197]]
[[ 528 1196]] , [[ 528 1197]]
[[ 750 1210]] , [[ 750 1211]]
[[ 749 1212]] , [[ 749 1213]]
[[ 240 1202]] , [[ 240 1205]]
[[ 240 1204]] , [[ 240 1207]]
[[ 530 1196]] , [[ 530 1197]]
[[ 751 1210]] , [[ 751 1211]]
[[ 240 1204]] , [[ 240 1207]]
[[ 240 1204]] , [[ 240 1207]]
[[ 240 1204]] , [[ 240 1207]]
[[ 240 1206]] , [[ 240 1209]]
[[ 234 1204]] , [[ 234 1209]]
[[ 755 1294]] , [[ 756 1293]]
[[ 755 1294]] , [[ 756 1293]]
[[ 240 1208]] , [[ 240 1213]]
[[ 528 1196]] , [[ 528 1197]]
[[ 528 1196]] , [[ 528 1197]]
[[ 376 1188]] , [[ 375 1189]]
[[ 230 1130]] , [[ 230 1151]]
[[ 230 1130]] , [[ 230 1151]]
[[ 234 1098]] , [[ 234 1103]]
[[ 234 1098]] , [[ 234 1103]]
[[ 238 1134]] , [[ 238 1139]]
[[ 230 1146]] , [[ 230 1151]]
[[ 373 1188]] , [[ 373 1191]]
[[ 373 1188]] , [[ 373 1191]]
[[ 380 1188]] , [[ 380 1189]]
[[ 380 1188]] , [[ 380 1189]]
[[ 240 1144]] , [[ 240 1149]]
[[ 528 1194]] , [[ 528 1195]]
[[ 530 1194]] , [[ 530 1195]]
[[ 530 1194]] , [[ 530 1195]]
[[ 240 1208]] , [[ 240 1209]]
[[ 746 1208]] , [[ 746 1209]]
[[ 238 1152]] , [[ 238 1153]]
[[ 242 1238]] , [[ 242 1255]]
[[ 240 1208]] , [[ 240 1209]]
[[ 242 1241]] , [[ 242 1257]]
[[ 746 1216]] , [[ 746 1217]]
[[ 382 1194]] , [[ 382 1195]]
[[ 384 1194]] , [[ 384 1195]]
[[ 528 1196]] , [[ 528 1197]]
[[ 232 1134]] , [[ 232 1139]]
[[ 228 1146]] , [[ 228 1151]]
[[ 532 1188]] , [[ 532 1189]]
[[ 238 1312]] , [[ 239 1311]]
[[ 232 1102]] , [[ 232 1119]]
[[ 232 1100]] , [[ 232 1109]]
[[ 236 1144]] , [[ 236 1153]]
[[ 218 1102]] , [[ 218 1103]]
[[ 222 1106]] , [[ 222 1113]]
[[ 228 1100]] , [[ 228 1101]]
[[ 208 1058]] , [[ 208 1065]]
[[ 206 1055]] , [[ 206 1061]]
[[ 248 1060]] , [[ 248 1065]]
[[ 256 1054]] , [[ 256 1059]]
[[ 516 1194]] , [[ 516 1195]]
[[ 516 1192]] , [[ 516 1195]]
[[ 205 1148]] , [[ 206 1147]]
[[ 742 1104]] , [[ 742 1119]]
[[ 196 1102]] , [[ 196 1103]]
[[ 196 1102]] , [[ 196 1103]]
[[ 264 1074]] , [[ 264 1079]]
[[ 364 1202]] , [[ 364 1203]]
[[ 207 1198]] , [[ 207 1199]]
[[ 222 1076]] , [[ 222 1083]]
[[ 224 1056]] , [[ 224 1063]]
[[ 226 1070]] , [[ 226 1073]]
[[ 226 1070]] , [[ 226 1071]]
[[ 222 1186]] , [[ 222 1187]]
[[ 191 1096]] , [[ 191 1100]]
[[ 222 1096]] , [[ 222 1101]]
[[ 189 1088]] , [[ 189 1092]]
[[ 212 1096]] , [[ 212 1101]]
[[ 212 1096]] , [[ 212 1101]]
[[ 217 1114]] , [[ 218 1113]]
[[ 224 1086]] , [[ 224 1091]]
[[ 224 1086]] , [[ 224 1091]]
[[ 224 1092]] , [[ 224 1093]]
[[ 224 1092]] , [[ 224 1093]]
[[ 186 1078]] , [[ 186 1085]]
[[ 224 1092]] , [[ 224 1095]]
[[ 254 1078]] , [[ 254 1081]]
[[ 260 1080]] , [[ 260 1085]]
[[ 240 1084]] , [[ 240 1089]]
[[ 348 1115]] , [[ 348 1121]]
[[ 204 1070]] , [[ 204 1071]]
[[ 348 1106]] , [[ 348 1112]]
[[ 242 1084]] , [[ 242 1089]]
[[ 242 1084]] , [[ 242 1089]]
[[ 262 1064]] , [[ 262 1073]]
[[ 232 1068]] , [[ 232 1075]]
[[ 232 1068]] , [[ 232 1075]]
[[ 188 1080]] , [[ 188 1085]]
[[ 232 1068]] , [[ 232 1075]]
[[ 196 1080]] , [[ 196 1087]]
[[ 210 1082]] , [[ 210 1083]]
[[ 201 1082]] , [[ 201 1086]]
[[ 242 1088]] , [[ 242 1089]]
[[ 230 1188]] , [[ 230 1189]]
[[ 248 1056]] , [[ 248 1071]]
[[ 200 1062]] , [[ 200 1073]]
[[ 229 1146]] , [[ 230 1145]]
[[ 216 1136]] , [[ 216 1147]]
[[ 234 1088]] , [[ 234 1095]]
[[ 208 1072]] , [[ 208 1079]]
[[ 200 1062]] , [[ 200 1071]]
[[ 268 1074]] , [[ 268 1075]]
[[ 252 1070]] , [[ 252 1075]]
[[ 396 1188]] , [[ 396 1189]]
[[ 528 1190]] , [[ 528 1191]]
[[ 378 1188]] , [[ 378 1191]]
[[ 230 1118]] , [[ 230 1123]]
[[ 378 1188]] , [[ 378 1189]]
[[ 228 1170]] , [[ 227 1171]]
[[ 382 1190]] , [[ 382 1191]]
[[ 250 1082]] , [[ 250 1091]]
[[ 224 1114]] , [[ 224 1121]]
[[ 222 1086]] , [[ 222 1101]]
[[ 234 1198]] , [[ 234 1199]]
[[ 376 1186]] , [[ 376 1187]]
[[ 236 1152]] , [[ 236 1157]]
[[ 248 1072]] , [[ 248 1081]]
[[ 200 1038]] , [[ 200 1043]]
[[ 250 1074]] , [[ 250 1085]]
[[ 207 1102]] , [[ 207 1107]]
[[ 256 1084]] , [[ 256 1085]]
[[ 378 1018]] , [[ 378 1021]]
[[ 752 1014]] , [[ 752 1023]]
[[ 378 1190]] , [[ 378 1191]]
[[ 378 1188]] , [[ 378 1193]]
[[ 754 1204]] , [[ 754 1205]]
[[ 382 1186]] , [[ 382 1187]]
[[ 240 1216]] , [[ 240 1223]]
[[ 206 1046]] , [[ 206 1055]]
[[ 374 1184]] , [[ 374 1185]]
[[ 241 1282]] , [[ 242 1281]]
[[ 241 1282]] , [[ 242 1281]]
[[ 376 1184]] , [[ 376 1185]]
[[ 376 1184]] , [[ 376 1185]]
[[ 267 1298]] , [[ 268 1297]]
[[ 534 1184]] , [[ 534 1187]]
[[ 534 1186]] , [[ 534 1187]]
[[ 238 1234]] , [[ 239 1233]]
[[ 753 1198]] , [[ 753 1201]]
[[ 534 1186]] , [[ 534 1187]]
[[ 230 1152]] , [[ 230 1156]]
