[[417 174]] , [[418 173]]
[[376 516]] , [[376 521]]
[[766 514]] , [[766 515]]
[[310 528]] , [[310 532]]
[[377 518]] , [[377 522]]
[[851 582]] , [[851 587]]
[[787 535]] , [[787 539]]
[[742 716]] , [[742 719]]
[[474 520]] , [[474 529]]
[[288 547]] , [[287 548]]
[[305 542]] , [[305 543]]
[[288 547]] , [[287 548]]
[[486 518]] , [[486 523]]
[[304 540]] , [[304 541]]
[[512 518]] , [[512 525]]
[[475 520]] , [[475 529]]
[[475 520]] , [[475 529]]
[[803 710]] , [[803 714]]
[[304 540]] , [[304 541]]
[[763 712]] , [[761 714]]
[[304 540]] , [[304 541]]
[[740 719]] , [[740 723]]
[[375 515]] , [[375 520]]
[[494 516]] , [[494 517]]
[[476 518]] , [[476 519]]
[[680 962]] , [[680 967]]
[[488 518]] , [[488 523]]
[[766 710]] , [[766 711]]
[[766 710]] , [[766 711]]
[[744 716]] , [[744 718]]
[[677 864]] , [[678 863]]
[[658 814]] , [[658 831]]
[[761 712]] , [[759 714]]
[[357 750]] , [[357 754]]
[[650 656]] , [[650 673]]
[[760 712]] , [[759 713]]
[[650 644]] , [[650 657]]
[[760 712]] , [[759 713]]
[[654 636]] , [[654 641]]
[[650 630]] , [[650 631]]
[[460 717]] , [[460 721]]
[[842 736]] , [[842 747]]
[[842 754]] , [[842 755]]
[[759 712]] , [[756 715]]
[[822 542]] , [[822 546]]
[[666 722]] , [[666 727]]
[[668 721]] , [[667 722]]
[[354 750]] , [[354 754]]
[[470 706]] , [[470 719]]
[[656 786]] , [[656 797]]
[[482 786]] , [[482 791]]
[[466 860]] , [[466 865]]
[[656 786]] , [[656 797]]
[[466 860]] , [[466 865]]
[[284 546]] , [[283 547]]
[[482 786]] , [[482 791]]
[[482 786]] , [[482 790]]
[[466 814]] , [[466 849]]
[[656 792]] , [[656 797]]
[[656 792]] , [[656 797]]
[[483 786]] , [[483 791]]
[[665 868]] , [[666 867]]
[[464 672]] , [[464 689]]
[[464 672]] , [[464 689]]
[[466 704]] , [[466 713]]
[[466 640]] , [[466 651]]
[[485 780]] , [[485 781]]
[[462 784]] , [[462 791]]
[[462 784]] , [[462 791]]
[[654 782]] , [[654 789]]
[[650 770]] , [[650 775]]
[[650 770]] , [[650 775]]
[[650 632]] , [[650 635]]
[[473 993]] , [[473 995]]
[[474 894]] , [[474 897]]
[[474 894]] , [[474 897]]
[[657 778]] , [[657 779]]
[[464 800]] , [[464 811]]
[[470 710]] , [[470 715]]
[[485 781]] , [[484 782]]
[[655 780]] , [[655 781]]
[[471 702]] , [[472 701]]
[[466 622]] , [[466 631]]
[[481 782]] , [[481 786]]
[[646 636]] , [[646 655]]
[[656 774]] , [[656 779]]
[[464 664]] , [[464 677]]
[[464 800]] , [[464 817]]
[[822 542]] , [[822 546]]
[[466 790]] , [[466 799]]
[[612 736]] , [[612 741]]
[[484 771]] , [[484 775]]
[[484 771]] , [[484 775]]
[[671 922]] , [[671 923]]
[[656 782]] , [[656 783]]
[[471 836]] , [[472 835]]
[[471 836]] , [[472 835]]
[[482 786]] , [[482 790]]
[[294 704]] , [[294 713]]
[[462 654]] , [[462 661]]
[[671 856]] , [[672 855]]
[[462 662]] , [[462 671]]
[[462 662]] , [[462 671]]
[[656 782]] , [[656 797]]
[[458 640]] , [[458 645]]
[[483 786]] , [[483 791]]
[[466 670]] , [[466 675]]
[[646 582]] , [[646 587]]
[[302 548]] , [[303 547]]
[[652 780]] , [[652 793]]
[[466 796]] , [[466 840]]
[[650 632]] , [[650 633]]
[[466 806]] , [[466 831]]
[[485 790]] , [[485 795]]
[[474 694]] , [[474 699]]
[[672 920]] , [[672 923]]
[[485 790]] , [[485 795]]
[[468 804]] , [[468 805]]
[[474 694]] , [[474 699]]
[[484 788]] , [[484 795]]
[[468 836]] , [[468 845]]
[[802 514]] , [[802 515]]
[[304 544]] , [[304 551]]
[[840 533]] , [[840 541]]
[[303 546]] , [[303 550]]
[[458 762]] , [[458 767]]
[[456 540]] , [[456 563]]
[[844 848]] , [[844 863]]
[[802 514]] , [[802 515]]
[[282 548]] , [[282 549]]
[[650 704]] , [[650 712]]
[[658 786]] , [[658 791]]
[[658 786]] , [[658 791]]
[[472 894]] , [[472 901]]
[[840 604]] , [[840 613]]
[[ 486 1023]] , [[ 485 1024]]
[[474 960]] , [[474 975]]
[[742 719]] , [[742 723]]
[[768 708]] , [[768 709]]
[[303 536]] , [[303 540]]
[[479 964]] , [[479 965]]
[[690 984]] , [[ 690 1025]]
[[ 800 1610]] , [[ 799 1611]]
[[804 710]] , [[804 715]]
[[ 490 1008]] , [[ 490 1011]]
[[764 710]] , [[764 711]]
[[ 708 1009]] , [[ 708 1024]]
[[ 494 1018]] , [[ 494 1023]]
[[474 546]] , [[475 545]]
[[812 702]] , [[812 703]]
[[856 580]] , [[856 587]]
[[770 708]] , [[769 709]]
[[304 535]] , [[303 536]]
[[856 580]] , [[856 587]]
[[824 534]] , [[824 539]]
[[848 558]] , [[848 559]]
[[806 514]] , [[805 515]]
[[656 700]] , [[656 705]]
[[294 673]] , [[294 687]]
[[ 688 1009]] , [[ 688 1013]]
[[834 784]] , [[834 801]]
[[834 784]] , [[834 798]]
[[526 724]] , [[526 729]]
[[ 698 1874]] , [[ 697 1875]]
[[660 862]] , [[660 873]]
[[ 715 1613]] , [[ 715 1617]]
[[836 920]] , [[836 927]]
[[836 920]] , [[836 927]]
[[486 784]] , [[486 789]]
[[676 958]] , [[676 983]]
[[656 790]] , [[656 805]]
[[674 868]] , [[674 877]]
[[483 750]] , [[483 754]]
[[466 809]] , [[466 813]]
[[485 796]] , [[486 795]]
[[466 814]] , [[466 819]]
[[670 866]] , [[671 865]]
[[838 926]] , [[838 927]]
[[466 809]] , [[466 841]]
[[ 701 1008]] , [[ 702 1007]]
[[838 924]] , [[838 927]]
[[468 866]] , [[468 871]]
[[466 809]] , [[466 816]]
[[ 691 1020]] , [[ 692 1019]]
[[658 780]] , [[658 781]]
[[ 486 1022]] , [[ 484 1024]]
[[ 483 1002]] , [[ 483 1003]]
[[658 780]] , [[658 781]]
[[658 780]] , [[658 783]]
[[674 928]] , [[674 953]]
[[841 952]] , [[842 951]]
[[832 922]] , [[832 927]]
[[469 815]] , [[469 818]]
[[486 998]] , [[486 999]]
[[469 815]] , [[469 818]]
[[839 922]] , [[839 926]]
[[468 768]] , [[468 785]]
[[836 768]] , [[836 769]]
[[484 768]] , [[484 772]]
[[672 924]] , [[672 929]]
[[485 774]] , [[485 778]]
[[ 692 1612]] , [[ 692 1616]]
[[468 772]] , [[468 775]]
[[ 304 1046]] , [[ 304 1051]]
[[ 686 1612]] , [[ 686 1616]]
[[ 493 1024]] , [[ 494 1023]]
[[ 486 1006]] , [[ 486 1011]]
[[672 922]] , [[672 957]]
[[658 764]] , [[658 767]]
[[662 764]] , [[662 765]]
[[470 807]] , [[470 811]]
[[470 807]] , [[470 811]]
[[763 712]] , [[762 713]]
[[484 891]] , [[484 895]]
[[ 497 1024]] , [[ 496 1025]]
[[306 748]] , [[306 749]]
[[760 714]] , [[760 721]]
[[304 748]] , [[304 752]]
[[292 688]] , [[292 703]]
[[760 713]] , [[760 714]]
[[833 858]] , [[834 857]]
[[838 820]] , [[838 825]]
[[837 564]] , [[836 565]]
[[838 832]] , [[838 837]]
[[839 958]] , [[839 963]]
[[728 718]] , [[728 720]]
[[758 514]] , [[758 515]]
[[304 540]] , [[304 541]]
[[472 538]] , [[472 541]]
[[466 796]] , [[466 799]]
[[466 796]] , [[466 801]]
[[ 496 1028]] , [[ 496 1035]]
[[ 703 1006]] , [[ 703 1007]]
[[ 734 1611]] , [[ 734 1615]]
[[820 718]] , [[820 725]]
[[476 956]] , [[476 961]]
[[474 888]] , [[474 901]]
[[676 980]] , [[676 985]]
[[458 886]] , [[458 891]]
[[650 782]] , [[650 789]]
[[840 928]] , [[840 943]]
[[840 976]] , [[840 983]]
[[841 620]] , [[842 619]]
[[468 669]] , [[468 673]]
[[838 556]] , [[838 557]]
[[626 736]] , [[626 741]]
[[464 670]] , [[464 671]]
[[483 792]] , [[482 793]]
[[464 670]] , [[464 671]]
[[464 800]] , [[464 809]]
[[ 776 1611]] , [[ 776 1615]]
[[ 830 1612]] , [[ 830 1617]]
[[464 801]] , [[464 827]]
[[484 900]] , [[484 905]]
[[466 852]] , [[466 873]]
[[496 898]] , [[496 903]]
[[464 830]] , [[464 835]]
[[343 898]] , [[343 903]]
[[460 630]] , [[460 635]]
[[292 708]] , [[292 713]]
[[464 802]] , [[464 835]]
[[650 782]] , [[650 801]]
[[642 738]] , [[641 739]]
[[642 738]] , [[641 739]]
[[463 653]] , [[462 654]]
[[464 636]] , [[464 637]]
[[300 540]] , [[300 541]]
[[648 628]] , [[648 629]]
[[300 540]] , [[300 541]]
[[646 770]] , [[646 775]]
[[464 584]] , [[464 589]]
[[302 538]] , [[302 539]]
[[302 538]] , [[302 539]]
[[464 640]] , [[464 641]]
[[838 536]] , [[838 541]]
[[646 624]] , [[646 627]]
[[838 536]] , [[838 541]]
[[282 546]] , [[282 547]]
[[610 726]] , [[610 727]]
[[482 858]] , [[482 863]]
[[480 770]] , [[480 782]]
[[458 632]] , [[458 639]]
[[652 784]] , [[652 791]]
[[671 935]] , [[671 941]]
[[480 770]] , [[480 779]]
[[480 770]] , [[480 779]]
[[282 545]] , [[282 547]]
[[286 702]] , [[286 707]]
[[469 696]] , [[470 695]]
[[530 728]] , [[530 735]]
[[652 784]] , [[652 791]]
[[465 812]] , [[464 813]]
[[550 728]] , [[550 733]]
[[550 728]] , [[550 733]]
[[461 659]] , [[462 658]]
[[300 537]] , [[299 538]]
[[298 538]] , [[298 547]]
[[550 728]] , [[550 733]]
[[649 626]] , [[648 627]]
[[652 784]] , [[652 791]]
[[649 626]] , [[648 627]]
[[466 826]] , [[466 849]]
[[470 722]] , [[470 727]]
[[298 538]] , [[298 546]]
[[644 618]] , [[644 623]]
[[470 532]] , [[470 533]]
[[646 628]] , [[646 629]]
[[650 780]] , [[650 807]]
[[648 630]] , [[648 631]]
[[464 801]] , [[464 835]]
[[470 862]] , [[470 873]]
[[672 926]] , [[672 932]]
[[650 780]] , [[650 807]]
[[730 876]] , [[730 891]]
[[730 876]] , [[730 891]]
[[730 876]] , [[730 891]]
[[ 486 1006]] , [[ 485 1007]]
[[646 628]] , [[646 629]]
[[474 541]] , [[473 542]]
[[651 778]] , [[651 779]]
[[470 848]] , [[470 859]]
[[ 491 1024]] , [[ 492 1023]]
[[480 872]] , [[480 879]]
[[466 718]] , [[466 725]]
[[284 546]] , [[284 547]]
[[286 546]] , [[286 547]]
[[462 628]] , [[462 633]]
[[473 700]] , [[474 699]]
[[648 620]] , [[648 625]]
[[ 774 1874]] , [[ 774 1879]]
[[486 802]] , [[486 803]]
[[656 774]] , [[656 781]]
[[469 646]] , [[469 650]]
[[470 806]] , [[470 809]]
[[675 828]] , [[676 827]]
[[ 718 1611]] , [[ 718 1615]]
[[656 784]] , [[656 795]]
[[468 802]] , [[468 841]]
[[656 784]] , [[656 795]]
[[656 782]] , [[656 783]]
[[469 654]] , [[469 655]]
[[484 762]] , [[484 767]]
[[656 782]] , [[656 783]]
[[674 920]] , [[674 921]]
[[675 920]] , [[675 921]]
[[656 768]] , [[656 777]]
[[484 776]] , [[484 783]]
[[468 800]] , [[468 833]]
[[470 642]] , [[470 647]]
[[484 842]] , [[483 843]]
[[656 770]] , [[656 774]]
[[656 768]] , [[656 783]]
[[489 806]] , [[489 811]]
[[469 802]] , [[468 803]]
[[675 852]] , [[676 851]]
[[486 770]] , [[486 781]]
[[468 650]] , [[468 655]]
[[702 722]] , [[702 727]]
[[654 618]] , [[654 623]]
[[478 706]] , [[478 717]]
[[478 706]] , [[478 717]]
[[656 770]] , [[656 780]]
[[462 704]] , [[462 711]]
[[488 800]] , [[488 811]]
[[656 790]] , [[656 795]]
[[468 816]] , [[468 823]]
[[654 704]] , [[654 711]]
[[682 721]] , [[682 725]]
[[361 752]] , [[361 756]]
[[782 710]] , [[782 711]]
[[306 542]] , [[306 547]]
[[306 538]] , [[306 547]]
[[675 534]] , [[676 533]]
[[480 529]] , [[480 531]]
[[675 534]] , [[676 533]]
[[823 540]] , [[824 539]]
[[849 559]] , [[850 558]]
[[286 546]] , [[286 548]]
[[817 520]] , [[818 519]]
[[788 514]] , [[788 515]]
[[799 522]] , [[800 521]]
[[784 514]] , [[784 517]]
[[794 514]] , [[793 515]]
[[803 522]] , [[804 521]]
[[803 524]] , [[804 523]]
[[294 698]] , [[294 703]]
[[650 640]] , [[650 655]]
[[296 698]] , [[296 703]]
[[728 722]] , [[728 727]]
[[838 938]] , [[838 943]]
[[834 790]] , [[834 793]]
[[470 806]] , [[470 817]]
[[832 782]] , [[832 793]]
[[676 936]] , [[676 945]]
[[658 806]] , [[658 847]]
[[470 810]] , [[470 817]]
[[470 810]] , [[470 817]]
[[678 822]] , [[678 827]]
[[470 810]] , [[470 817]]
[[836 788]] , [[836 791]]
[[470 810]] , [[470 817]]
[[ 499 1019]] , [[ 499 1021]]
[[ 839 1016]] , [[ 840 1015]]
[[676 928]] , [[676 931]]
[[838 924]] , [[838 925]]
[[676 928]] , [[676 931]]
[[476 894]] , [[475 895]]
[[470 810]] , [[470 813]]
[[470 810]] , [[470 813]]
[[838 922]] , [[837 923]]
[[471 865]] , [[471 869]]
[[496 990]] , [[496 999]]
[[471 865]] , [[471 869]]
[[ 304 1048]] , [[ 304 1049]]
[[ 474 1000]] , [[ 474 1009]]
[[ 485 1016]] , [[ 484 1017]]
[[296 890]] , [[296 894]]
[[ 504 1616]] , [[ 504 1620]]
[[330 896]] , [[330 901]]
[[ 304 1048]] , [[ 304 1053]]
[[ 791 1611]] , [[ 791 1615]]
[[ 475 1024]] , [[ 476 1023]]
[[ 502 1018]] , [[ 502 1023]]
[[ 502 1006]] , [[ 502 1011]]
[[330 896]] , [[330 901]]
[[ 472 1000]] , [[ 472 1007]]
[[674 926]] , [[674 927]]
[[498 992]] , [[498 999]]
[[330 896]] , [[330 901]]
[[ 796 1611]] , [[ 796 1615]]
[[470 784]] , [[470 793]]
[[468 822]] , [[468 829]]
[[468 822]] , [[468 829]]
[[838 784]] , [[838 792]]
[[658 760]] , [[658 761]]
[[468 810]] , [[468 813]]
[[836 784]] , [[836 791]]
[[470 784]] , [[470 790]]
[[470 784]] , [[470 790]]
[[336 894]] , [[336 899]]
[[840 780]] , [[840 783]]
[[676 927]] , [[675 928]]
[[ 695 1016]] , [[ 696 1015]]
[[328 902]] , [[328 907]]
[[470 830]] , [[470 831]]
[[470 830]] , [[470 831]]
[[838 926]] , [[838 927]]
[[684 994]] , [[ 684 1002]]
[[292 898]] , [[292 903]]
[[840 798]] , [[840 803]]
[[840 926]] , [[840 927]]
[[840 926]] , [[840 927]]
[[836 768]] , [[836 769]]
[[458 744]] , [[458 751]]
[[ 682 1002]] , [[ 682 1007]]
[[310 903]] , [[310 907]]
[[846 798]] , [[846 799]]
[[836 922]] , [[836 925]]
[[662 814]] , [[662 819]]
[[ 688 1005]] , [[ 688 1009]]
[[836 922]] , [[836 927]]
[[ 490 1019]] , [[ 490 1021]]
[[ 687 1020]] , [[ 688 1019]]
[[ 687 1020]] , [[ 688 1019]]
[[814 880]] , [[814 881]]
[[812 880]] , [[812 883]]
[[662 832]] , [[662 847]]
[[ 479 1028]] , [[ 480 1027]]
[[836 768]] , [[836 777]]
[[812 878]] , [[812 879]]
[[812 878]] , [[812 879]]
[[812 878]] , [[812 879]]
[[316 903]] , [[316 905]]
[[ 682 1016]] , [[ 682 1025]]
[[312 904]] , [[312 909]]
[[288 886]] , [[288 887]]
[[288 886]] , [[288 897]]
[[ 496 1011]] , [[ 496 1015]]
[[ 496 1011]] , [[ 496 1015]]
[[297 983]] , [[297 987]]
[[486 742]] , [[486 747]]
[[ 695 1024]] , [[ 696 1023]]
[[318 904]] , [[318 909]]
[[688 996]] , [[ 688 1001]]
[[ 699 1012]] , [[ 700 1011]]
[[ 707 1020]] , [[ 708 1019]]
[[ 707 1020]] , [[ 708 1019]]
[[ 487 1019]] , [[ 488 1018]]
[[305 897]] , [[305 901]]
[[ 707 1020]] , [[ 708 1019]]
[[814 868]] , [[814 869]]
[[686 990]] , [[686 991]]
[[816 868]] , [[816 869]]
[[825 876]] , [[826 875]]
[[670 862]] , [[670 871]]
[[840 952]] , [[840 955]]
[[550 738]] , [[550 739]]
[[838 754]] , [[838 755]]
[[836 754]] , [[836 755]]
[[838 750]] , [[838 751]]
[[462 736]] , [[462 737]]
[[662 826]] , [[662 831]]
[[836 766]] , [[836 782]]
[[834 740]] , [[834 753]]
[[318 744]] , [[318 751]]
[[836 774]] , [[836 783]]
[[320 744]] , [[319 745]]
[[846 826]] , [[846 829]]
[[654 760]] , [[654 767]]
[[835 760]] , [[835 765]]
[[662 859]] , [[662 863]]
[[690 874]] , [[690 885]]
[[658 874]] , [[658 879]]
[[835 910]] , [[835 914]]
[[679 865]] , [[678 866]]
[[835 918]] , [[836 917]]
[[680 880]] , [[680 881]]
[[676 878]] , [[676 887]]
[[808 862]] , [[808 863]]
[[375 884]] , [[375 889]]
[[808 862]] , [[808 863]]
[[805 885]] , [[805 889]]
[[807 884]] , [[806 885]]
[[838 956]] , [[838 957]]
[[ 497 1026]] , [[ 496 1027]]
[[686 988]] , [[686 993]]
[[806 862]] , [[806 863]]
[[464 746]] , [[464 751]]
[[802 706]] , [[802 707]]
[[800 720]] , [[800 725]]
[[662 860]] , [[662 875]]
[[662 862]] , [[662 875]]
[[656 756]] , [[656 761]]
[[787 880]] , [[788 879]]
[[648 608]] , [[648 609]]
[[646 716]] , [[644 718]]
[[778 710]] , [[778 711]]
[[775 874]] , [[773 876]]
[[662 814]] , [[662 829]]
[[614 730]] , [[614 735]]
[[654 762]] , [[654 767]]
[[628 730]] , [[628 735]]
[[648 636]] , [[648 643]]
[[648 616]] , [[648 621]]
[[656 806]] , [[656 839]]
[[656 776]] , [[656 777]]
[[ 493 1003]] , [[ 493 1006]]
[[468 812]] , [[468 817]]
[[296 688]] , [[296 693]]
[[464 676]] , [[464 677]]
[[466 790]] , [[466 794]]
[[466 790]] , [[466 794]]
[[656 782]] , [[656 793]]
[[478 858]] , [[478 863]]
[[671 720]] , [[670 721]]
[[672 924]] , [[672 963]]
[[376 516]] , [[376 521]]
[[766 514]] , [[766 515]]
[[310 528]] , [[310 532]]
[[377 518]] , [[377 522]]
[[851 582]] , [[851 587]]
[[787 535]] , [[787 539]]
[[742 716]] , [[742 719]]
[[474 520]] , [[474 529]]
[[288 547]] , [[287 548]]
[[305 542]] , [[305 543]]
[[288 547]] , [[287 548]]
[[486 518]] , [[486 523]]
[[304 540]] , [[304 541]]
[[512 518]] , [[512 525]]
[[475 520]] , [[475 529]]
[[475 520]] , [[475 529]]
[[803 710]] , [[803 714]]
[[304 540]] , [[304 541]]
[[763 712]] , [[761 714]]
[[304 540]] , [[304 541]]
[[740 719]] , [[740 723]]
[[375 515]] , [[375 520]]
[[494 516]] , [[494 517]]
[[476 518]] , [[476 519]]
[[680 962]] , [[680 967]]
[[488 518]] , [[488 523]]
[[766 710]] , [[766 711]]
[[766 710]] , [[766 711]]
[[744 716]] , [[744 718]]
[[677 864]] , [[678 863]]
[[658 814]] , [[658 831]]
[[761 712]] , [[759 714]]
[[357 750]] , [[357 754]]
[[650 656]] , [[650 673]]
[[760 712]] , [[759 713]]
[[650 644]] , [[650 657]]
[[760 712]] , [[759 713]]
[[654 636]] , [[654 641]]
[[650 630]] , [[650 631]]
[[460 717]] , [[460 721]]
[[842 736]] , [[842 747]]
[[842 754]] , [[842 755]]
[[759 712]] , [[756 715]]
[[822 542]] , [[822 546]]
[[666 722]] , [[666 727]]
[[668 721]] , [[667 722]]
[[354 750]] , [[354 754]]
[[470 706]] , [[470 719]]
[[656 786]] , [[656 797]]
[[482 786]] , [[482 791]]
[[466 860]] , [[466 865]]
[[656 786]] , [[656 797]]
[[466 860]] , [[466 865]]
[[284 546]] , [[283 547]]
[[482 786]] , [[482 791]]
[[482 786]] , [[482 790]]
[[466 814]] , [[466 849]]
[[656 792]] , [[656 797]]
[[656 792]] , [[656 797]]
[[483 786]] , [[483 791]]
[[665 868]] , [[666 867]]
[[464 672]] , [[464 689]]
[[464 672]] , [[464 689]]
[[466 704]] , [[466 713]]
[[466 640]] , [[466 651]]
[[485 780]] , [[485 781]]
[[462 784]] , [[462 791]]
[[462 784]] , [[462 791]]
[[654 782]] , [[654 789]]
[[650 770]] , [[650 775]]
[[650 770]] , [[650 775]]
[[650 632]] , [[650 635]]
[[473 993]] , [[473 995]]
[[474 894]] , [[474 897]]
[[474 894]] , [[474 897]]
[[657 778]] , [[657 779]]
[[464 800]] , [[464 811]]
[[470 710]] , [[470 715]]
[[485 781]] , [[484 782]]
[[655 780]] , [[655 781]]
[[471 702]] , [[472 701]]
[[466 622]] , [[466 631]]
[[481 782]] , [[481 786]]
[[646 636]] , [[646 655]]
[[656 774]] , [[656 779]]
[[464 664]] , [[464 677]]
[[464 800]] , [[464 817]]
[[822 542]] , [[822 546]]
[[466 790]] , [[466 799]]
[[612 736]] , [[612 741]]
[[484 771]] , [[484 775]]
[[484 771]] , [[484 775]]
[[671 922]] , [[671 923]]
[[656 782]] , [[656 783]]
[[471 836]] , [[472 835]]
[[471 836]] , [[472 835]]
[[482 786]] , [[482 790]]
[[294 704]] , [[294 713]]
[[462 654]] , [[462 661]]
[[671 856]] , [[672 855]]
[[462 662]] , [[462 671]]
[[462 662]] , [[462 671]]
[[656 782]] , [[656 797]]
[[458 640]] , [[458 645]]
[[483 786]] , [[483 791]]
[[466 670]] , [[466 675]]
[[646 582]] , [[646 587]]
[[302 548]] , [[303 547]]
[[652 780]] , [[652 793]]
[[466 796]] , [[466 840]]
[[650 632]] , [[650 633]]
[[466 806]] , [[466 831]]
[[485 790]] , [[485 795]]
[[474 694]] , [[474 699]]
[[672 920]] , [[672 923]]
[[485 790]] , [[485 795]]
[[468 804]] , [[468 805]]
[[474 694]] , [[474 699]]
[[484 788]] , [[484 795]]
[[468 836]] , [[468 845]]
[[802 514]] , [[802 515]]
[[304 544]] , [[304 551]]
[[840 533]] , [[840 541]]
[[303 546]] , [[303 550]]
[[458 762]] , [[458 767]]
[[456 540]] , [[456 563]]
[[844 848]] , [[844 863]]
[[802 514]] , [[802 515]]
[[282 548]] , [[282 549]]
[[650 704]] , [[650 712]]
[[658 786]] , [[658 791]]
[[658 786]] , [[658 791]]
[[472 894]] , [[472 901]]
[[840 604]] , [[840 613]]
[[ 486 1023]] , [[ 485 1024]]
[[474 960]] , [[474 975]]
[[742 719]] , [[742 723]]
[[768 708]] , [[768 709]]
[[303 536]] , [[303 540]]
[[479 964]] , [[479 965]]
[[690 984]] , [[ 690 1025]]
[[ 800 1610]] , [[ 799 1611]]
[[804 710]] , [[804 715]]
[[ 490 1008]] , [[ 490 1011]]
[[764 710]] , [[764 711]]
[[ 708 1009]] , [[ 708 1024]]
[[ 494 1018]] , [[ 494 1023]]
[[474 546]] , [[475 545]]
[[812 702]] , [[812 703]]
[[856 580]] , [[856 587]]
[[770 708]] , [[769 709]]
[[304 535]] , [[303 536]]
[[856 580]] , [[856 587]]
[[824 534]] , [[824 539]]
[[848 558]] , [[848 559]]
[[806 514]] , [[805 515]]
[[656 700]] , [[656 705]]
[[294 673]] , [[294 687]]
[[ 688 1009]] , [[ 688 1013]]
[[834 784]] , [[834 801]]
[[834 784]] , [[834 798]]
[[526 724]] , [[526 729]]
[[ 698 1874]] , [[ 697 1875]]
[[660 862]] , [[660 873]]
[[ 715 1613]] , [[ 715 1617]]
[[836 920]] , [[836 927]]
[[836 920]] , [[836 927]]
[[486 784]] , [[486 789]]
[[676 958]] , [[676 983]]
[[656 790]] , [[656 805]]
[[674 868]] , [[674 877]]
[[483 750]] , [[483 754]]
[[466 809]] , [[466 813]]
[[485 796]] , [[486 795]]
[[466 814]] , [[466 819]]
[[670 866]] , [[671 865]]
[[838 926]] , [[838 927]]
[[466 809]] , [[466 841]]
[[ 701 1008]] , [[ 702 1007]]
[[838 924]] , [[838 927]]
[[468 866]] , [[468 871]]
[[466 809]] , [[466 816]]
[[ 691 1020]] , [[ 692 1019]]
[[658 780]] , [[658 781]]
[[ 486 1022]] , [[ 484 1024]]
[[ 483 1002]] , [[ 483 1003]]
[[658 780]] , [[658 781]]
[[658 780]] , [[658 783]]
[[674 928]] , [[674 953]]
[[841 952]] , [[842 951]]
[[832 922]] , [[832 927]]
[[469 815]] , [[469 818]]
[[486 998]] , [[486 999]]
[[469 815]] , [[469 818]]
[[839 922]] , [[839 926]]
[[468 768]] , [[468 785]]
[[836 768]] , [[836 769]]
[[484 768]] , [[484 772]]
[[672 924]] , [[672 929]]
[[485 774]] , [[485 778]]
[[ 692 1612]] , [[ 692 1616]]
[[468 772]] , [[468 775]]
[[ 304 1046]] , [[ 304 1051]]
[[ 686 1612]] , [[ 686 1616]]
[[ 493 1024]] , [[ 494 1023]]
[[ 486 1006]] , [[ 486 1011]]
[[672 922]] , [[672 957]]
[[658 764]] , [[658 767]]
[[662 764]] , [[662 765]]
[[470 807]] , [[470 811]]
[[470 807]] , [[470 811]]
[[763 712]] , [[762 713]]
[[484 891]] , [[484 895]]
[[ 497 1024]] , [[ 496 1025]]
[[306 748]] , [[306 749]]
[[760 714]] , [[760 721]]
[[304 748]] , [[304 752]]
[[292 688]] , [[292 703]]
[[760 713]] , [[760 714]]
[[833 858]] , [[834 857]]
[[838 820]] , [[838 825]]
[[837 564]] , [[836 565]]
[[838 832]] , [[838 837]]
[[839 958]] , [[839 963]]
[[728 718]] , [[728 720]]
[[758 514]] , [[758 515]]
[[304 540]] , [[304 541]]
[[472 538]] , [[472 541]]
[[466 796]] , [[466 799]]
[[466 796]] , [[466 801]]
[[ 496 1028]] , [[ 496 1035]]
[[ 703 1006]] , [[ 703 1007]]
[[ 734 1611]] , [[ 734 1615]]
[[820 718]] , [[820 725]]
[[476 956]] , [[476 961]]
[[474 888]] , [[474 901]]
[[676 980]] , [[676 985]]
[[458 886]] , [[458 891]]
[[650 782]] , [[650 789]]
[[840 928]] , [[840 943]]
[[840 976]] , [[840 983]]
[[841 620]] , [[842 619]]
[[468 669]] , [[468 673]]
[[838 556]] , [[838 557]]
[[626 736]] , [[626 741]]
[[464 670]] , [[464 671]]
[[483 792]] , [[482 793]]
[[464 670]] , [[464 671]]
[[464 800]] , [[464 809]]
[[ 776 1611]] , [[ 776 1615]]
[[ 830 1612]] , [[ 830 1617]]
[[464 801]] , [[464 827]]
[[484 900]] , [[484 905]]
[[466 852]] , [[466 873]]
[[496 898]] , [[496 903]]
[[464 830]] , [[464 835]]
[[343 898]] , [[343 903]]
[[460 630]] , [[460 635]]
[[292 708]] , [[292 713]]
[[464 802]] , [[464 835]]
[[650 782]] , [[650 801]]
[[642 738]] , [[641 739]]
[[642 738]] , [[641 739]]
[[463 653]] , [[462 654]]
[[464 636]] , [[464 637]]
[[300 540]] , [[300 541]]
[[648 628]] , [[648 629]]
[[300 540]] , [[300 541]]
[[646 770]] , [[646 775]]
[[464 584]] , [[464 589]]
[[302 538]] , [[302 539]]
[[302 538]] , [[302 539]]
[[464 640]] , [[464 641]]
[[838 536]] , [[838 541]]
[[646 624]] , [[646 627]]
[[838 536]] , [[838 541]]
[[282 546]] , [[282 547]]
[[610 726]] , [[610 727]]
[[482 858]] , [[482 863]]
[[480 770]] , [[480 782]]
[[458 632]] , [[458 639]]
[[652 784]] , [[652 791]]
[[671 935]] , [[671 941]]
[[480 770]] , [[480 779]]
[[480 770]] , [[480 779]]
[[282 545]] , [[282 547]]
[[286 702]] , [[286 707]]
[[469 696]] , [[470 695]]
[[530 728]] , [[530 735]]
[[652 784]] , [[652 791]]
[[465 812]] , [[464 813]]
[[550 728]] , [[550 733]]
[[550 728]] , [[550 733]]
[[461 659]] , [[462 658]]
[[300 537]] , [[299 538]]
[[298 538]] , [[298 547]]
[[550 728]] , [[550 733]]
[[649 626]] , [[648 627]]
[[652 784]] , [[652 791]]
[[649 626]] , [[648 627]]
[[466 826]] , [[466 849]]
[[470 722]] , [[470 727]]
[[298 538]] , [[298 546]]
[[644 618]] , [[644 623]]
[[470 532]] , [[470 533]]
[[646 628]] , [[646 629]]
[[650 780]] , [[650 807]]
[[648 630]] , [[648 631]]
[[464 801]] , [[464 835]]
[[470 862]] , [[470 873]]
[[672 926]] , [[672 932]]
[[650 780]] , [[650 807]]
[[730 876]] , [[730 891]]
[[730 876]] , [[730 891]]
[[730 876]] , [[730 891]]
[[ 486 1006]] , [[ 485 1007]]
[[646 628]] , [[646 629]]
[[474 541]] , [[473 542]]
[[651 778]] , [[651 779]]
[[470 848]] , [[470 859]]
[[ 491 1024]] , [[ 492 1023]]
[[480 872]] , [[480 879]]
[[466 718]] , [[466 725]]
[[284 546]] , [[284 547]]
[[286 546]] , [[286 547]]
[[462 628]] , [[462 633]]
[[473 700]] , [[474 699]]
[[648 620]] , [[648 625]]
[[ 774 1874]] , [[ 774 1879]]
[[486 802]] , [[486 803]]
[[656 774]] , [[656 781]]
[[469 646]] , [[469 650]]
[[470 806]] , [[470 809]]
[[675 828]] , [[676 827]]
[[ 718 1611]] , [[ 718 1615]]
[[656 784]] , [[656 795]]
[[468 802]] , [[468 841]]
[[656 784]] , [[656 795]]
[[656 782]] , [[656 783]]
[[469 654]] , [[469 655]]
[[484 762]] , [[484 767]]
[[656 782]] , [[656 783]]
[[674 920]] , [[674 921]]
[[675 920]] , [[675 921]]
[[656 768]] , [[656 777]]
[[484 776]] , [[484 783]]
[[468 800]] , [[468 833]]
[[470 642]] , [[470 647]]
[[484 842]] , [[483 843]]
[[656 770]] , [[656 774]]
[[656 768]] , [[656 783]]
[[489 806]] , [[489 811]]
[[469 802]] , [[468 803]]
[[675 852]] , [[676 851]]
[[486 770]] , [[486 781]]
[[468 650]] , [[468 655]]
[[702 722]] , [[702 727]]
[[654 618]] , [[654 623]]
[[478 706]] , [[478 717]]
[[478 706]] , [[478 717]]
[[656 770]] , [[656 780]]
[[462 704]] , [[462 711]]
[[488 800]] , [[488 811]]
[[656 790]] , [[656 795]]
[[468 816]] , [[468 823]]
[[654 704]] , [[654 711]]
[[682 721]] , [[682 725]]
[[361 752]] , [[361 756]]
[[782 710]] , [[782 711]]
[[306 542]] , [[306 547]]
[[306 538]] , [[306 547]]
[[675 534]] , [[676 533]]
[[480 529]] , [[480 531]]
[[675 534]] , [[676 533]]
[[823 540]] , [[824 539]]
[[849 559]] , [[850 558]]
[[286 546]] , [[286 548]]
[[817 520]] , [[818 519]]
[[788 514]] , [[788 515]]
[[799 522]] , [[800 521]]
[[784 514]] , [[784 517]]
[[794 514]] , [[793 515]]
[[803 522]] , [[804 521]]
[[803 524]] , [[804 523]]
[[294 698]] , [[294 703]]
[[650 640]] , [[650 655]]
[[296 698]] , [[296 703]]
[[728 722]] , [[728 727]]
[[838 938]] , [[838 943]]
[[834 790]] , [[834 793]]
[[470 806]] , [[470 817]]
[[832 782]] , [[832 793]]
[[676 936]] , [[676 945]]
[[658 806]] , [[658 847]]
[[470 810]] , [[470 817]]
[[470 810]] , [[470 817]]
[[678 822]] , [[678 827]]
[[470 810]] , [[470 817]]
[[836 788]] , [[836 791]]
[[470 810]] , [[470 817]]
[[ 499 1019]] , [[ 499 1021]]
[[ 839 1016]] , [[ 840 1015]]
[[676 928]] , [[676 931]]
[[838 924]] , [[838 925]]
[[676 928]] , [[676 931]]
[[476 894]] , [[475 895]]
[[470 810]] , [[470 813]]
[[470 810]] , [[470 813]]
[[838 922]] , [[837 923]]
[[471 865]] , [[471 869]]
[[496 990]] , [[496 999]]
[[471 865]] , [[471 869]]
[[ 304 1048]] , [[ 304 1049]]
[[ 474 1000]] , [[ 474 1009]]
[[ 485 1016]] , [[ 484 1017]]
[[296 890]] , [[296 894]]
[[ 504 1616]] , [[ 504 1620]]
[[330 896]] , [[330 901]]
[[ 304 1048]] , [[ 304 1053]]
[[ 791 1611]] , [[ 791 1615]]
[[ 475 1024]] , [[ 476 1023]]
[[ 502 1018]] , [[ 502 1023]]
[[ 502 1006]] , [[ 502 1011]]
[[330 896]] , [[330 901]]
[[ 472 1000]] , [[ 472 1007]]
[[674 926]] , [[674 927]]
[[498 992]] , [[498 999]]
[[330 896]] , [[330 901]]
[[ 796 1611]] , [[ 796 1615]]
[[470 784]] , [[470 793]]
[[468 822]] , [[468 829]]
[[468 822]] , [[468 829]]
[[838 784]] , [[838 792]]
[[658 760]] , [[658 761]]
[[468 810]] , [[468 813]]
[[836 784]] , [[836 791]]
[[470 784]] , [[470 790]]
[[470 784]] , [[470 790]]
[[336 894]] , [[336 899]]
[[840 780]] , [[840 783]]
[[676 927]] , [[675 928]]
[[ 695 1016]] , [[ 696 1015]]
[[328 902]] , [[328 907]]
[[470 830]] , [[470 831]]
[[470 830]] , [[470 831]]
[[838 926]] , [[838 927]]
[[684 994]] , [[ 684 1002]]
[[292 898]] , [[292 903]]
[[840 798]] , [[840 803]]
[[840 926]] , [[840 927]]
[[840 926]] , [[840 927]]
[[836 768]] , [[836 769]]
[[458 744]] , [[458 751]]
[[ 682 1002]] , [[ 682 1007]]
[[310 903]] , [[310 907]]
[[846 798]] , [[846 799]]
[[836 922]] , [[836 925]]
[[662 814]] , [[662 819]]
[[ 688 1005]] , [[ 688 1009]]
[[836 922]] , [[836 927]]
[[ 490 1019]] , [[ 490 1021]]
[[ 687 1020]] , [[ 688 1019]]
[[ 687 1020]] , [[ 688 1019]]
[[814 880]] , [[814 881]]
[[812 880]] , [[812 883]]
[[662 832]] , [[662 847]]
[[ 479 1028]] , [[ 480 1027]]
[[836 768]] , [[836 777]]
[[812 878]] , [[812 879]]
[[812 878]] , [[812 879]]
[[812 878]] , [[812 879]]
[[316 903]] , [[316 905]]
[[ 682 1016]] , [[ 682 1025]]
[[312 904]] , [[312 909]]
[[288 886]] , [[288 887]]
[[288 886]] , [[288 897]]
[[ 496 1011]] , [[ 496 1015]]
[[ 496 1011]] , [[ 496 1015]]
[[297 983]] , [[297 987]]
[[486 742]] , [[486 747]]
[[ 695 1024]] , [[ 696 1023]]
[[318 904]] , [[318 909]]
[[688 996]] , [[ 688 1001]]
[[ 699 1012]] , [[ 700 1011]]
[[ 707 1020]] , [[ 708 1019]]
[[ 707 1020]] , [[ 708 1019]]
[[ 487 1019]] , [[ 488 1018]]
[[305 897]] , [[305 901]]
[[ 707 1020]] , [[ 708 1019]]
[[814 868]] , [[814 869]]
[[686 990]] , [[686 991]]
[[816 868]] , [[816 869]]
[[825 876]] , [[826 875]]
[[670 862]] , [[670 871]]
[[840 952]] , [[840 955]]
[[550 738]] , [[550 739]]
[[838 754]] , [[838 755]]
[[836 754]] , [[836 755]]
[[838 750]] , [[838 751]]
[[462 736]] , [[462 737]]
[[662 826]] , [[662 831]]
[[836 766]] , [[836 782]]
[[834 740]] , [[834 753]]
[[318 744]] , [[318 751]]
[[836 774]] , [[836 783]]
[[320 744]] , [[319 745]]
[[846 826]] , [[846 829]]
[[654 760]] , [[654 767]]
[[835 760]] , [[835 765]]
[[662 859]] , [[662 863]]
[[690 874]] , [[690 885]]
[[658 874]] , [[658 879]]
[[835 910]] , [[835 914]]
[[679 865]] , [[678 866]]
[[835 918]] , [[836 917]]
[[680 880]] , [[680 881]]
[[676 878]] , [[676 887]]
[[808 862]] , [[808 863]]
[[375 884]] , [[375 889]]
[[808 862]] , [[808 863]]
[[805 885]] , [[805 889]]
[[807 884]] , [[806 885]]
[[838 956]] , [[838 957]]
[[ 497 1026]] , [[ 496 1027]]
[[686 988]] , [[686 993]]
[[806 862]] , [[806 863]]
[[464 746]] , [[464 751]]
[[802 706]] , [[802 707]]
[[800 720]] , [[800 725]]
[[662 860]] , [[662 875]]
[[662 862]] , [[662 875]]
[[656 756]] , [[656 761]]
[[787 880]] , [[788 879]]
[[648 608]] , [[648 609]]
[[646 716]] , [[644 718]]
[[778 710]] , [[778 711]]
[[775 874]] , [[773 876]]
[[662 814]] , [[662 829]]
[[614 730]] , [[614 735]]
[[654 762]] , [[654 767]]
[[628 730]] , [[628 735]]
[[648 636]] , [[648 643]]
[[648 616]] , [[648 621]]
[[656 806]] , [[656 839]]
[[656 776]] , [[656 777]]
[[ 493 1003]] , [[ 493 1006]]
[[468 812]] , [[468 817]]
[[296 688]] , [[296 693]]
[[464 676]] , [[464 677]]
[[466 790]] , [[466 794]]
[[466 790]] , [[466 794]]
[[656 782]] , [[656 793]]
[[478 858]] , [[478 863]]
[[671 720]] , [[670 721]]
[[672 924]] , [[672 963]]
[[638 862]] , [[638 889]]
[[638 864]] , [[638 883]]
[[312 866]] , [[312 879]]
[[312 866]] , [[312 879]]
[[646 862]] , [[646 863]]
[[308 866]] , [[308 879]]
[[ 752 1014]] , [[ 752 1015]]
[[460 856]] , [[460 857]]
[[406 856]] , [[406 857]]
[[346 856]] , [[346 857]]
[[383 948]] , [[384 947]]
[[542 857]] , [[541 858]]
[[536 856]] , [[536 857]]
[[430 858]] , [[430 859]]
[[294 860]] , [[294 863]]
[[294 860]] , [[294 863]]
[[430 858]] , [[430 859]]
[[ 540 1010]] , [[ 540 1011]]
[[218 910]] , [[218 915]]
[[646 862]] , [[646 865]]
[[217 906]] , [[217 911]]
[[217 906]] , [[217 911]]
[[ 516 1012]] , [[ 516 1013]]
[[ 370 1018]] , [[ 370 1019]]
[[ 542 1010]] , [[ 542 1011]]
[[ 216 1166]] , [[ 216 1171]]
[[ 751 1016]] , [[ 751 1020]]
[[ 751 1016]] , [[ 751 1020]]
[[ 751 1016]] , [[ 751 1020]]
[[ 752 1016]] , [[ 752 1023]]
[[ 230 1104]] , [[ 230 1123]]
[[ 232 1141]] , [[ 231 1142]]
[[ 540 1010]] , [[ 540 1011]]
[[286 862]] , [[286 867]]
[[ 752 1016]] , [[ 752 1021]]
[[ 374 1018]] , [[ 374 1019]]
[[ 373 1018]] , [[ 373 1019]]
[[ 524 1010]] , [[ 524 1011]]
[[650 860]] , [[650 861]]
[[ 755 1014]] , [[ 755 1017]]
[[ 372 1016]] , [[ 372 1017]]
[[ 370 1018]] , [[ 370 1024]]
[[248 896]] , [[248 900]]
[[ 516 1014]] , [[ 516 1015]]
[[ 534 1012]] , [[ 534 1013]]
[[ 230 1106]] , [[ 230 1125]]
[[ 524 1012]] , [[ 524 1013]]
[[ 230 1106]] , [[ 230 1125]]
[[ 526 1012]] , [[ 526 1013]]
[[ 752 1016]] , [[ 752 1017]]
[[ 534 1012]] , [[ 534 1013]]
[[ 534 1012]] , [[ 534 1013]]
[[544 859]] , [[543 860]]
[[299 862]] , [[297 864]]
[[299 862]] , [[298 863]]
[[646 862]] , [[646 863]]
[[528 858]] , [[528 859]]
[[222 898]] , [[222 899]]
[[238 864]] , [[238 869]]
[[316 861]] , [[316 863]]
[[238 864]] , [[238 869]]
[[430 860]] , [[429 861]]
[[634 862]] , [[634 865]]
[[634 862]] , [[634 865]]
[[632 862]] , [[632 883]]
[[310 860]] , [[309 861]]
[[306 860]] , [[305 861]]
[[ 516 1012]] , [[ 516 1013]]
[[ 754 1020]] , [[ 754 1021]]
[[230 864]] , [[230 869]]
[[230 864]] , [[230 869]]
[[622 862]] , [[622 881]]
[[230 864]] , [[230 869]]
[[620 862]] , [[620 877]]
[[212 904]] , [[212 911]]
[[214 904]] , [[214 905]]
[[620 862]] , [[620 879]]
[[232 862]] , [[232 867]]
[[620 862]] , [[620 863]]
[[214 904]] , [[214 909]]
[[ 538 1010]] , [[ 538 1011]]
[[214 904]] , [[214 914]]
[[194 926]] , [[194 935]]
[[ 211 1096]] , [[ 212 1095]]
[[200 958]] , [[200 959]]
[[ 744 1024]] , [[ 744 1025]]
[[208 976]] , [[208 985]]
[[204 960]] , [[204 971]]
[[ 514 1012]] , [[ 514 1013]]
[[198 980]] , [[198 985]]
[[198 960]] , [[198 965]]
[[ 384 1024]] , [[ 384 1027]]
[[206 986]] , [[206 991]]
[[206 972]] , [[206 991]]
[[ 739 1030]] , [[ 739 1031]]
[[ 366 1134]] , [[ 366 1135]]
[[ 365 1130]] , [[ 365 1133]]
[[ 360 1198]] , [[ 360 1199]]
[[ 363 1146]] , [[ 363 1153]]
[[ 204 1040]] , [[ 204 1045]]
[[ 217 1158]] , [[ 218 1157]]
[[ 195 1058]] , [[ 196 1057]]
[[ 207 1060]] , [[ 208 1059]]
[[ 738 1024]] , [[ 738 1025]]
[[188 988]] , [[188 995]]
[[186 976]] , [[186 983]]
[[208 946]] , [[208 949]]
[[184 974]] , [[184 979]]
[[190 984]] , [[190 987]]
[[210 930]] , [[210 943]]
[[188 988]] , [[188 989]]
[[191 946]] , [[192 945]]
[[191 946]] , [[192 945]]
[[195 952]] , [[196 951]]
[[195 952]] , [[196 951]]
[[734 938]] , [[734 963]]
[[187 952]] , [[188 951]]
[[208 946]] , [[208 951]]
[[ 734 1285]] , [[ 735 1284]]
[[188 990]] , [[188 997]]
[[198 922]] , [[198 927]]
[[180 934]] , [[180 945]]
[[206 958]] , [[206 959]]
[[180 936]] , [[180 947]]
[[180 936]] , [[180 947]]
[[180 936]] , [[180 947]]
[[730 896]] , [[730 901]]
[[ 206 1028]] , [[ 206 1035]]
[[ 219 1064]] , [[ 220 1063]]
[[186 990]] , [[186 995]]
[[ 506 1014]] , [[ 506 1015]]
[[ 211 1060]] , [[ 212 1059]]
[[ 206 1028]] , [[ 206 1035]]
[[ 506 1014]] , [[ 506 1015]]
[[ 506 1014]] , [[ 506 1015]]
[[182 944]] , [[182 959]]
[[186 990]] , [[186 999]]
[[732 894]] , [[732 899]]
[[210 932]] , [[210 951]]
[[190 990]] , [[190 995]]
[[182 938]] , [[182 949]]
[[182 938]] , [[182 949]]
[[212 936]] , [[212 945]]
[[210 946]] , [[210 953]]
[[186 990]] , [[186 995]]
[[194 958]] , [[194 965]]
[[196 958]] , [[196 965]]
[[192 990]] , [[192 997]]
[[192 974]] , [[192 981]]
[[192 944]] , [[192 949]]
[[220 944]] , [[220 947]]
[[192 920]] , [[192 927]]
[[194 990]] , [[194 997]]
[[ 518 1014]] , [[ 518 1015]]
[[218 990]] , [[218 993]]
[[ 516 1014]] , [[ 516 1019]]
[[ 211 1058]] , [[ 212 1057]]
[[ 748 1026]] , [[ 748 1027]]
[[ 211 1058]] , [[ 212 1057]]
[[ 516 1014]] , [[ 516 1015]]
[[ 209 1058]] , [[ 210 1057]]
[[ 516 1014]] , [[ 516 1015]]
[[ 748 1024]] , [[ 748 1028]]
[[ 209 1058]] , [[ 210 1057]]
[[ 209 1072]] , [[ 210 1071]]
[[ 253 1062]] , [[ 254 1061]]
[[ 255 1062]] , [[ 256 1061]]
[[ 748 1024]] , [[ 748 1028]]
[[ 748 1024]] , [[ 748 1028]]
[[ 514 1012]] , [[ 514 1021]]
[[ 514 1012]] , [[ 514 1021]]
[[220 946]] , [[220 949]]
[[ 213 1044]] , [[ 214 1043]]
[[ 223 1070]] , [[ 224 1069]]
[[216 982]] , [[216 987]]
[[ 750 1022]] , [[ 750 1026]]
[[ 750 1022]] , [[ 750 1027]]
[[214 990]] , [[214 995]]
[[390 960]] , [[390 977]]
[[208 992]] , [[208 997]]
[[248 870]] , [[248 877]]
[[624 864]] , [[624 865]]
[[626 864]] , [[626 865]]
[[518 860]] , [[517 861]]
[[1018  792]] , [[1018  799]]
[[518 860]] , [[518 861]]
[[323 872]] , [[324 871]]
[[294 862]] , [[294 863]]
[[313 872]] , [[314 871]]
[[ 241 1064]] , [[ 242 1063]]
[[ 530 1012]] , [[ 530 1013]]
[[ 241 1064]] , [[ 242 1063]]
[[ 241 1064]] , [[ 242 1063]]
[[230 896]] , [[230 901]]
[[ 374 1018]] , [[ 374 1019]]
[[ 516 1014]] , [[ 516 1015]]
[[ 526 1014]] , [[ 526 1015]]
[[ 530 1194]] , [[ 530 1195]]
[[ 375 1190]] , [[ 375 1191]]
[[ 526 1014]] , [[ 526 1015]]
[[ 760 1020]] , [[ 760 1021]]
[[ 281 1062]] , [[ 282 1061]]
[[ 528 1014]] , [[ 528 1015]]
[[258 880]] , [[258 885]]
[[754 864]] , [[754 869]]
[[258 898]] , [[258 903]]
[[194 960]] , [[194 965]]
[[192 912]] , [[192 919]]
[[238 896]] , [[238 901]]
[[428 886]] , [[428 887]]
[[238 896]] , [[238 901]]
[[194 910]] , [[194 915]]
[[194 900]] , [[194 905]]
[[246 894]] , [[246 895]]
[[190 870]] , [[190 871]]
[[199 988]] , [[200 987]]
[[242 896]] , [[242 901]]
[[196 958]] , [[196 959]]
[[204 942]] , [[204 949]]
[[ 372 1020]] , [[ 372 1021]]
[[206 940]] , [[206 947]]
[[ 542 1014]] , [[ 542 1015]]
[[ 764 1018]] , [[ 764 1019]]
[[ 211 1004]] , [[ 212 1003]]
[[204 958]] , [[204 963]]
[[ 213 1008]] , [[ 214 1007]]
[[ 213 1068]] , [[ 214 1067]]
[[ 516 1016]] , [[ 516 1019]]
[[ 213 1068]] , [[ 214 1067]]
[[218 946]] , [[218 951]]
[[ 213 1058]] , [[ 214 1057]]
[[211 998]] , [[212 997]]
[[ 205 1012]] , [[ 206 1011]]
[[ 217 1044]] , [[ 218 1043]]
[[ 205 1012]] , [[ 206 1011]]
[[213 998]] , [[214 997]]
[[ 205 1012]] , [[ 206 1011]]
[[ 217 1042]] , [[ 218 1041]]
[[ 205 1012]] , [[ 206 1011]]
[[214 944]] , [[214 949]]
[[198 934]] , [[198 941]]
[[ 205 1012]] , [[ 206 1011]]
[[200 926]] , [[200 931]]
[[ 213 1054]] , [[ 214 1053]]
[[198 934]] , [[198 941]]
[[222 926]] , [[222 967]]
[[222 926]] , [[222 967]]
[[ 225 1068]] , [[ 226 1067]]
[[208 990]] , [[ 208 1001]]
[[206 942]] , [[206 957]]
[[219 994]] , [[220 993]]
[[206 940]] , [[206 957]]
[[ 221 1068]] , [[ 222 1067]]
[[214 928]] , [[214 935]]
[[214 928]] , [[214 935]]
[[ 215 1010]] , [[ 216 1009]]
[[282 898]] , [[282 903]]
[[ 203 1002]] , [[ 204 1001]]
[[209 948]] , [[210 947]]
[[191 906]] , [[190 907]]
[[202 916]] , [[202 925]]
[[202 916]] , [[202 925]]
[[202 916]] , [[202 925]]
[[191 908]] , [[191 909]]
[[204 916]] , [[204 927]]
[[274 878]] , [[274 879]]
[[272 880]] , [[272 895]]
[[215 968]] , [[216 967]]
[[ 217 1008]] , [[ 218 1007]]
[[ 217 1008]] , [[ 218 1007]]
[[201 978]] , [[202 977]]
[[201 978]] , [[202 977]]
[[213 992]] , [[214 991]]
[[ 219 1014]] , [[ 220 1013]]
[[ 209 1076]] , [[ 210 1075]]
[[ 516 1024]] , [[ 516 1025]]
[[214 946]] , [[214 953]]
[[222 950]] , [[222 955]]
[[ 207 1044]] , [[ 208 1043]]
[[ 207 1080]] , [[ 208 1079]]
[[ 205 1080]] , [[ 206 1079]]
[[ 199 1010]] , [[ 200 1009]]
[[ 195 1046]] , [[ 196 1045]]
[[176 910]] , [[176 925]]
[[198 908]] , [[198 913]]
[[ 360 1022]] , [[ 360 1023]]
[[ 744 1018]] , [[ 744 1019]]
[[ 744 1014]] , [[ 744 1015]]
[[180 944]] , [[180 971]]
[[ 362 1010]] , [[ 362 1011]]
[[ 255 1050]] , [[ 256 1049]]
[[ 277 1046]] , [[ 278 1045]]
[[194 958]] , [[194 971]]
[[ 504 1008]] , [[ 504 1009]]
[[ 502 1010]] , [[ 502 1011]]
[[188 982]] , [[188 983]]
[[ 518 1010]] , [[ 518 1011]]
[[ 518 1010]] , [[ 518 1011]]
[[ 249 1058]] , [[ 250 1057]]
[[ 247 1064]] , [[ 248 1063]]
[[ 508 1010]] , [[ 508 1011]]
[[ 522 1008]] , [[ 522 1009]]
[[ 259 1058]] , [[ 260 1057]]
[[ 734 1018]] , [[ 734 1022]]
[[ 239 1066]] , [[ 240 1065]]
[[ 355 1016]] , [[ 355 1020]]
[[ 227 1056]] , [[ 228 1055]]
[[ 241 1064]] , [[ 242 1063]]
[[ 263 1058]] , [[ 264 1057]]
[[ 255 1066]] , [[ 256 1065]]
[[ 203 1058]] , [[ 204 1057]]
[[ 267 1060]] , [[ 268 1059]]
[[190 928]] , [[190 945]]
[[174 896]] , [[174 911]]
[[762 972]] , [[762 973]]
[[756 962]] , [[756 975]]
[[202 984]] , [[202 989]]
[[ 271 1058]] , [[ 272 1057]]
[[ 235 1056]] , [[ 236 1055]]
[[ 194 1018]] , [[ 194 1019]]
[[200 964]] , [[200 965]]
[[204 944]] , [[204 945]]
[[204 946]] , [[204 947]]
[[208 930]] , [[208 941]]
[[204 964]] , [[204 967]]
[[192 934]] , [[192 943]]
[[192 934]] , [[192 941]]
[[ 360 1010]] , [[ 360 1013]]
[[204 966]] , [[204 973]]
[[ 229 1056]] , [[ 230 1055]]
[[ 364 1012]] , [[ 364 1013]]
[[ 520 1014]] , [[ 520 1015]]
[[204 944]] , [[204 945]]
[[192 932]] , [[192 941]]
[[192 932]] , [[192 941]]
[[192 932]] , [[192 941]]
[[175 896]] , [[175 898]]
[[175 896]] , [[175 897]]
[[175 898]] , [[174 899]]
[[199 932]] , [[200 931]]
[[200 916]] , [[200 927]]
[[175 898]] , [[175 899]]
[[176 924]] , [[176 933]]
[[200 916]] , [[200 929]]
[[176 924]] , [[176 935]]
[[ 200 1024]] , [[ 200 1025]]
[[ 209 1060]] , [[ 210 1059]]
[[ 209 1060]] , [[ 210 1059]]
[[ 512 1014]] , [[ 512 1015]]
[[ 360 1014]] , [[ 360 1015]]
[[192 938]] , [[192 943]]
[[208 938]] , [[208 941]]
[[196 952]] , [[196 953]]
[[204 974]] , [[204 975]]
[[196 952]] , [[196 953]]
[[208 938]] , [[208 945]]
[[178 942]] , [[178 949]]
[[208 938]] , [[208 945]]
[[178 942]] , [[178 949]]
[[196 952]] , [[196 953]]
[[196 952]] , [[196 953]]
[[178 942]] , [[178 949]]
[[ 362 1012]] , [[ 362 1013]]
[[ 362 1012]] , [[ 362 1013]]
[[198 984]] , [[198 985]]
[[194 954]] , [[194 961]]
[[194 954]] , [[194 963]]
[[204 950]] , [[204 959]]
[[176 928]] , [[176 935]]
[[178 942]] , [[178 951]]
[[194 950]] , [[194 951]]
[[194 950]] , [[194 951]]
[[200 928]] , [[200 939]]
[[204 992]] , [[204 993]]
[[176 928]] , [[176 935]]
[[178 942]] , [[178 953]]
[[178 942]] , [[178 951]]
[[178 942]] , [[178 949]]
[[202 922]] , [[202 927]]
[[189 962]] , [[190 961]]
[[318 868]] , [[318 869]]
[[530 872]] , [[530 873]]
[[207 978]] , [[208 977]]
[[ 199 1006]] , [[ 200 1005]]
[[199 992]] , [[200 991]]
[[ 198 1036]] , [[ 198 1040]]
[[222 896]] , [[222 905]]
[[201 956]] , [[202 955]]
[[538 868]] , [[538 869]]
[[202 938]] , [[202 943]]
[[190 932]] , [[190 937]]
[[217 978]] , [[218 977]]
[[190 930]] , [[190 937]]
[[220 980]] , [[220 991]]
[[220 980]] , [[220 991]]
[[220 910]] , [[220 915]]
[[217 980]] , [[218 979]]
[[215 958]] , [[216 957]]
[[217 980]] , [[218 979]]
[[205 976]] , [[206 975]]
[[209 974]] , [[210 973]]
[[200 910]] , [[200 915]]
[[220 914]] , [[220 927]]
[[199 948]] , [[200 947]]
[[199 948]] , [[200 947]]
[[199 948]] , [[200 947]]
[[201 982]] , [[202 981]]
[[214 926]] , [[214 927]]
[[558 862]] , [[557 863]]
[[301 876]] , [[301 879]]
[[766 862]] , [[765 863]]
[[199 970]] , [[200 969]]
[[193 936]] , [[193 941]]
[[222 942]] , [[222 947]]
[[222 926]] , [[222 931]]
[[213 970]] , [[214 969]]
[[224 940]] , [[224 941]]
[[224 940]] , [[224 941]]
[[224 940]] , [[224 941]]
[[196 974]] , [[196 979]]
[[ 522 1016]] , [[ 522 1017]]
[[ 530 1198]] , [[ 530 1199]]
[[ 377 1146]] , [[ 377 1147]]
[[ 206 1028]] , [[ 206 1033]]
[[ 752 1026]] , [[ 752 1029]]
[[ 528 1016]] , [[ 528 1017]]
[[202 966]] , [[202 971]]
[[369 990]] , [[369 991]]
[[370 976]] , [[370 993]]
[[222 958]] , [[222 963]]
[[ 524 1016]] , [[ 524 1017]]
[[ 524 1016]] , [[ 524 1017]]
[[218 964]] , [[218 975]]
[[ 235 1076]] , [[ 236 1075]]
[[ 372 1022]] , [[ 372 1023]]
[[254 868]] , [[254 873]]
[[654 870]] , [[654 871]]
[[304 868]] , [[303 869]]
[[ 532 1016]] , [[ 532 1017]]
[[ 759 1020]] , [[ 759 1023]]
[[ 271 1080]] , [[ 272 1079]]
[[ 536 1012]] , [[ 536 1013]]
[[ 542 1012]] , [[ 542 1013]]
[[ 522 1014]] , [[ 522 1015]]
[[ 767 1022]] , [[ 767 1023]]
[[ 371 1022]] , [[ 371 1028]]
[[ 374 1020]] , [[ 374 1021]]
[[ 257 1080]] , [[ 258 1079]]
[[ 768 1020]] , [[ 768 1023]]
[[ 289 1076]] , [[ 290 1075]]
[[ 254 1070]] , [[ 254 1071]]
[[ 370 1020]] , [[ 370 1033]]
[[ 278 1058]] , [[ 278 1063]]
[[ 266 1064]] , [[ 266 1069]]
[[ 242 1092]] , [[ 242 1093]]
[[ 230 1070]] , [[ 230 1089]]
[[ 238 1078]] , [[ 238 1085]]
[[ 282 1072]] , [[ 282 1077]]
[[ 254 1072]] , [[ 254 1077]]
[[ 258 1058]] , [[ 258 1069]]
[[ 280 1054]] , [[ 279 1055]]
[[ 768 1020]] , [[ 768 1021]]
[[ 766 1020]] , [[ 766 1021]]
[[ 768 1020]] , [[ 768 1021]]
[[ 377 1018]] , [[ 377 1021]]
[[ 766 1018]] , [[ 766 1019]]
[[ 280 1054]] , [[ 280 1059]]
[[ 280 1054]] , [[ 280 1059]]
[[ 280 1054]] , [[ 280 1059]]
[[ 280 1054]] , [[ 280 1059]]
[[ 768 1018]] , [[ 768 1019]]
[[ 254 1088]] , [[ 254 1097]]
[[ 756 1018]] , [[ 756 1021]]
[[ 756 1018]] , [[ 756 1021]]
[[ 379 1018]] , [[ 379 1021]]
[[ 236 1112]] , [[ 236 1117]]
[[ 756 1018]] , [[ 756 1021]]
[[ 199 1062]] , [[ 199 1063]]
[[ 528 1016]] , [[ 528 1017]]
[[ 232 1154]] , [[ 231 1155]]
[[ 248 1070]] , [[ 248 1075]]
[[ 532 1018]] , [[ 532 1019]]
[[644 870]] , [[644 883]]
[[ 764 1020]] , [[ 764 1021]]
[[ 526 1010]] , [[ 526 1011]]
[[ 398 1014]] , [[ 398 1015]]
[[ 236 1104]] , [[ 236 1119]]
[[ 370 1014]] , [[ 370 1019]]
[[ 522 1012]] , [[ 522 1013]]
[[ 369 1022]] , [[ 369 1027]]
[[ 369 1024]] , [[ 369 1027]]
[[242 900]] , [[242 905]]
[[ 367 1026]] , [[ 367 1029]]
[[ 512 1020]] , [[ 512 1021]]
[[622 868]] , [[622 871]]
[[306 864]] , [[306 871]]
[[ 508 1012]] , [[ 508 1013]]
[[374 944]] , [[374 951]]
[[ 352 1100]] , [[ 352 1113]]
[[ 348 1041]] , [[ 347 1042]]
[[ 334 1044]] , [[ 334 1045]]
[[ 256 1056]] , [[ 256 1061]]
[[ 762 1000]] , [[ 762 1007]]
[[206 968]] , [[206 975]]
[[ 506 1018]] , [[ 506 1019]]
[[ 204 1034]] , [[ 204 1037]]
[[ 281 1054]] , [[ 280 1055]]
[[ 528 1022]] , [[ 528 1023]]
[[ 358 1018]] , [[ 358 1029]]
[[ 526 1014]] , [[ 526 1015]]
[[ 528 1010]] , [[ 528 1011]]
[[ 184 1058]] , [[ 184 1067]]
[[ 184 1058]] , [[ 184 1067]]
[[ 184 1058]] , [[ 184 1067]]
[[ 264 1050]] , [[ 264 1055]]
[[ 258 1050]] , [[ 258 1073]]
[[ 262 1050]] , [[ 262 1055]]
[[ 222 1062]] , [[ 222 1067]]
[[ 510 1008]] , [[ 510 1009]]
[[ 360 1008]] , [[ 360 1009]]
[[ 510 1008]] , [[ 510 1009]]
[[ 230 1050]] , [[ 230 1055]]
[[ 204 1022]] , [[ 204 1027]]
[[ 256 1048]] , [[ 255 1049]]
[[ 204 1022]] , [[ 204 1027]]
[[ 226 1050]] , [[ 226 1055]]
[[ 254 1050]] , [[ 254 1055]]
[[ 252 1050]] , [[ 252 1055]]
[[ 206 1024]] , [[ 206 1029]]
[[ 204 1022]] , [[ 204 1029]]
[[ 254 1050]] , [[ 254 1055]]
[[ 206 1024]] , [[ 206 1029]]
[[ 362 1012]] , [[ 362 1013]]
[[ 208 1022]] , [[ 208 1027]]
[[ 186 1034]] , [[ 186 1067]]
[[ 208 1022]] , [[ 208 1027]]
[[ 187 1038]] , [[ 187 1043]]
[[ 215 1136]] , [[ 216 1135]]
[[ 198 1038]] , [[ 198 1069]]
[[ 206 1020]] , [[ 206 1025]]
[[ 378 1010]] , [[ 378 1013]]
[[ 198 1028]] , [[ 198 1035]]
[[ 376 1010]] , [[ 376 1011]]
[[222 970]] , [[222 975]]
[[ 295 1044]] , [[ 293 1046]]
[[ 242 1049]] , [[ 242 1053]]
[[ 578 1040]] , [[ 577 1041]]
[[ 605 1040]] , [[ 603 1042]]
[[ 219 1022]] , [[ 219 1023]]
[[ 326 1040]] , [[ 326 1041]]
[[ 774 1022]] , [[ 774 1037]]
[[ 330 1040]] , [[ 330 1041]]
[[ 216 1062]] , [[ 216 1083]]
[[ 224 1024]] , [[ 224 1027]]
[[ 248 1052]] , [[ 248 1057]]
[[ 258 1066]] , [[ 258 1071]]
[[ 374 1018]] , [[ 374 1027]]
[[ 224 1040]] , [[ 224 1041]]
[[308 864]] , [[308 869]]
[[656 866]] , [[655 867]]
[[422 864]] , [[422 865]]
[[ 230 1060]] , [[ 230 1062]]
[[ 754 1016]] , [[ 754 1017]]
[[316 858]] , [[316 863]]
[[318 856]] , [[318 861]]
[[654 856]] , [[654 857]]
[[656 858]] , [[656 859]]
[[191 862]] , [[191 877]]
[[696 862]] , [[696 863]]
[[264 894]] , [[264 899]]
[[194 940]] , [[194 945]]
[[200 954]] , [[200 961]]
[[200 954]] , [[200 957]]
[[ 372 1018]] , [[ 372 1021]]
[[196 898]] , [[196 905]]
[[ 382 1014]] , [[ 382 1015]]
[[711 862]] , [[709 864]]
[[ 540 1008]] , [[ 540 1009]]
[[ 767 1012]] , [[ 767 1013]]
[[ 378 1014]] , [[ 378 1015]]
[[ 379 1014]] , [[ 379 1015]]
[[ 754 1014]] , [[ 754 1015]]
[[334 886]] , [[334 895]]
[[ 766 1014]] , [[ 766 1015]]
[[ 385 1014]] , [[ 385 1015]]
[[ 206 1006]] , [[ 206 1011]]
[[ 391 1014]] , [[ 391 1015]]
[[ 521 1012]] , [[ 521 1013]]
[[ 526 1012]] , [[ 526 1013]]
