[[417 238]] , [[418 237]]
[[840 558]] , [[840 559]]
[[302 542]] , [[302 543]]
[[482 986]] , [[482 991]]
[[767 710]] , [[767 711]]
[[ 698 1000]] , [[ 698 1005]]
[[742 716]] , [[742 721]]
[[ 482 1019]] , [[ 482 1025]]
[[742 716]] , [[742 719]]
[[ 826 1012]] , [[ 826 1017]]
[[358 749]] , [[358 753]]
[[698 998]] , [[ 698 1005]]
[[744 716]] , [[743 717]]
[[494 998]] , [[ 494 1003]]
[[744 716]] , [[743 717]]
[[490 974]] , [[490 991]]
[[742 716]] , [[742 721]]
[[ 482 1006]] , [[ 482 1025]]
[[ 698 1000]] , [[ 698 1006]]
[[ 838 1014]] , [[ 838 1019]]
[[ 490 1016]] , [[ 490 1023]]
[[ 492 1016]] , [[ 492 1023]]
[[836 570]] , [[837 569]]
[[744 716]] , [[744 718]]
[[720 721]] , [[720 725]]
[[ 490 1024]] , [[ 491 1023]]
[[720 721]] , [[720 725]]
[[668 839]] , [[668 843]]
[[680 866]] , [[680 871]]
[[678 955]] , [[678 967]]
[[472 990]] , [[472 995]]
[[474 976]] , [[474 991]]
[[670 928]] , [[670 932]]
[[690 968]] , [[690 975]]
[[357 750]] , [[357 754]]
[[ 703 1018]] , [[ 704 1017]]
[[656 800]] , [[656 801]]
[[842 788]] , [[842 799]]
[[840 788]] , [[840 813]]
[[838 798]] , [[838 877]]
[[671 858]] , [[672 857]]
[[656 790]] , [[656 857]]
[[674 920]] , [[674 927]]
[[834 797]] , [[834 813]]
[[666 722]] , [[666 727]]
[[674 923]] , [[674 927]]
[[482 996]] , [[ 482 1007]]
[[ 703 1018]] , [[ 704 1017]]
[[474 868]] , [[474 872]]
[[482 998]] , [[ 482 1007]]
[[674 920]] , [[674 921]]
[[ 488 1018]] , [[ 488 1019]]
[[ 491 1027]] , [[ 492 1026]]
[[ 824 1611]] , [[ 823 1612]]
[[482 786]] , [[482 791]]
[[672 920]] , [[672 921]]
[[672 920]] , [[672 921]]
[[473 992]] , [[472 993]]
[[671 922]] , [[670 923]]
[[473 992]] , [[473 997]]
[[671 922]] , [[671 925]]
[[672 920]] , [[672 921]]
[[483 786]] , [[483 791]]
[[656 790]] , [[656 795]]
[[464 816]] , [[464 829]]
[[462 784]] , [[462 791]]
[[486 873]] , [[485 874]]
[[480 902]] , [[480 907]]
[[480 902]] , [[480 907]]
[[ 482 1000]] , [[ 482 1005]]
[[480 902]] , [[480 907]]
[[672 924]] , [[672 955]]
[[484 872]] , [[484 873]]
[[ 800 1612]] , [[ 800 1617]]
[[ 721 1611]] , [[ 721 1615]]
[[ 727 1612]] , [[ 726 1613]]
[[672 924]] , [[672 935]]
[[ 692 1611]] , [[ 692 1615]]
[[486 874]] , [[485 875]]
[[482 996]] , [[ 482 1003]]
[[672 923]] , [[672 967]]
[[482 875]] , [[482 879]]
[[464 800]] , [[464 819]]
[[ 696 1876]] , [[ 696 1880]]
[[464 802]] , [[464 811]]
[[482 996]] , [[ 482 1003]]
[[672 922]] , [[672 923]]
[[ 767 1611]] , [[ 767 1615]]
[[485 781]] , [[485 785]]
[[ 810 1611]] , [[ 810 1615]]
[[694 968]] , [[694 975]]
[[672 922]] , [[672 923]]
[[484 872]] , [[484 877]]
[[ 730 1612]] , [[ 730 1616]]
[[671 922]] , [[671 923]]
[[ 480 1008]] , [[ 480 1009]]
[[ 480 1008]] , [[ 480 1009]]
[[ 482 1004]] , [[ 482 1007]]
[[467 861]] , [[467 865]]
[[466 796]] , [[466 801]]
[[466 830]] , [[466 839]]
[[466 806]] , [[466 811]]
[[466 806]] , [[466 811]]
[[466 846]] , [[466 873]]
[[466 815]] , [[466 827]]
[[672 920]] , [[672 923]]
[[693 984]] , [[694 983]]
[[483 786]] , [[483 791]]
[[474 688]] , [[474 705]]
[[ 482 1004]] , [[ 482 1005]]
[[ 800 1611]] , [[ 800 1615]]
[[670 920]] , [[670 929]]
[[ 691 1611]] , [[ 691 1615]]
[[672 920]] , [[672 923]]
[[486 870]] , [[486 871]]
[[ 528 1616]] , [[ 528 1623]]
[[ 482 1006]] , [[ 482 1007]]
[[ 656 1616]] , [[ 656 1620]]
[[466 806]] , [[466 821]]
[[672 920]] , [[672 923]]
[[ 494 1018]] , [[ 494 1020]]
[[624 728]] , [[624 733]]
[[648 638]] , [[648 648]]
[[484 774]] , [[484 775]]
[[483 776]] , [[483 777]]
[[668 922]] , [[668 929]]
[[486 782]] , [[486 793]]
[[ 799 1611]] , [[ 799 1615]]
[[652 638]] , [[652 655]]
[[668 924]] , [[668 929]]
[[664 868]] , [[664 869]]
[[ 485 1023]] , [[ 483 1025]]
[[ 486 1023]] , [[ 483 1026]]
[[ 496 1027]] , [[ 496 1035]]
[[674 944]] , [[674 951]]
[[ 918 1874]] , [[ 918 1878]]
[[ 918 1874]] , [[ 918 1878]]
[[ 800 1611]] , [[ 800 1615]]
[[ 484 1024]] , [[ 483 1025]]
[[684 958]] , [[684 975]]
[[ 803 1610]] , [[ 802 1611]]
[[ 914 1873]] , [[ 913 1874]]
[[ 753 1875]] , [[ 753 1879]]
[[ 768 1611]] , [[ 768 1615]]
[[ 834 1611]] , [[ 834 1615]]
[[ 801 1610]] , [[ 800 1611]]
[[ 873 1618]] , [[ 873 1622]]
[[ 918 1874]] , [[ 918 1878]]
[[832 990]] , [[832 999]]
[[ 680 1009]] , [[ 680 1019]]
[[835 968]] , [[835 975]]
[[832 990]] , [[832 991]]
[[770 708]] , [[769 709]]
[[ 686 1010]] , [[ 685 1011]]
[[818 698]] , [[818 699]]
[[828 834]] , [[828 839]]
[[304 535]] , [[303 536]]
[[ 481 1028]] , [[ 480 1029]]
[[ 683 1014]] , [[ 683 1015]]
[[ 844 1873]] , [[ 844 1879]]
[[ 682 1012]] , [[ 682 1013]]
[[ 709 1612]] , [[ 709 1616]]
[[ 484 1022]] , [[ 484 1026]]
[[ 972 1878]] , [[ 971 1879]]
[[ 469 1038]] , [[ 469 1042]]
[[ 667 1878]] , [[ 666 1879]]
[[ 840 1872]] , [[ 840 1879]]
[[ 840 1872]] , [[ 840 1879]]
[[679 958]] , [[679 959]]
[[ 792 1873]] , [[ 792 1874]]
[[672 928]] , [[672 959]]
[[ 496 1026]] , [[ 496 1033]]
[[470 866]] , [[470 870]]
[[ 480 1026]] , [[ 480 1029]]
[[838 926]] , [[838 927]]
[[ 497 1026]] , [[ 497 1033]]
[[838 926]] , [[838 927]]
[[ 297 1044]] , [[ 297 1048]]
[[ 486 1016]] , [[ 486 1021]]
[[ 496 1024]] , [[ 496 1032]]
[[ 694 1611]] , [[ 694 1615]]
[[ 486 1016]] , [[ 486 1020]]
[[ 691 1020]] , [[ 692 1019]]
[[ 496 1032]] , [[ 496 1041]]
[[674 928]] , [[674 931]]
[[ 633 1877]] , [[ 632 1878]]
[[ 771 1611]] , [[ 771 1615]]
[[ 496 1014]] , [[ 496 1019]]
[[674 928]] , [[674 953]]
[[ 706 1611]] , [[ 706 1615]]
[[ 486 1020]] , [[ 485 1021]]
[[ 486 1020]] , [[ 485 1021]]
[[486 998]] , [[486 999]]
[[ 779 1611]] , [[ 779 1615]]
[[486 998]] , [[486 999]]
[[ 488 1021]] , [[ 487 1022]]
[[839 922]] , [[839 926]]
[[ 482 1005]] , [[ 482 1009]]
[[674 924]] , [[674 961]]
[[ 876 1875]] , [[ 876 1879]]
[[ 494 1024]] , [[ 495 1023]]
[[ 700 1877]] , [[ 700 1881]]
[[ 494 1024]] , [[ 495 1023]]
[[ 946 1874]] , [[ 946 1879]]
[[ 963 1878]] , [[ 963 1883]]
[[ 960 1878]] , [[ 960 1883]]
[[ 890 1878]] , [[ 890 1883]]
[[ 852 1613]] , [[ 852 1617]]
[[468 848]] , [[468 863]]
[[672 924]] , [[672 957]]
[[ 300 1048]] , [[ 300 1053]]
[[ 479 1024]] , [[ 479 1025]]
[[838 932]] , [[838 933]]
[[ 485 1026]] , [[ 484 1027]]
[[ 617 1613]] , [[ 617 1617]]
[[662 846]] , [[662 855]]
[[665 858]] , [[665 861]]
[[838 934]] , [[838 935]]
[[834 798]] , [[834 810]]
[[838 934]] , [[838 935]]
[[ 708 1010]] , [[ 708 1019]]
[[ 682 1010]] , [[ 682 1011]]
[[838 830]] , [[838 837]]
[[ 486 1028]] , [[ 485 1029]]
[[ 697 1018]] , [[ 697 1019]]
[[ 698 1016]] , [[ 698 1021]]
[[784 710]] , [[784 715]]
[[512 726]] , [[512 731]]
[[836 990]] , [[836 991]]
[[ 779 1611]] , [[ 778 1612]]
[[ 800 1616]] , [[ 800 1621]]
[[ 800 1616]] , [[ 800 1621]]
[[ 757 1611]] , [[ 757 1615]]
[[ 848 1874]] , [[ 847 1875]]
[[ 482 1014]] , [[ 482 1033]]
[[ 800 1616]] , [[ 800 1621]]
[[ 817 1873]] , [[ 816 1874]]
[[ 817 1873]] , [[ 817 1877]]
[[ 496 1028]] , [[ 496 1031]]
[[456 894]] , [[456 901]]
[[ 758 1613]] , [[ 758 1617]]
[[ 742 1611]] , [[ 742 1615]]
[[652 782]] , [[652 789]]
[[670 926]] , [[670 927]]
[[654 798]] , [[654 807]]
[[688 894]] , [[688 899]]
[[654 796]] , [[654 805]]
[[ 466 1005]] , [[ 466 1011]]
[[468 846]] , [[468 853]]
[[668 924]] , [[668 928]]
[[ 622 1877]] , [[ 622 1881]]
[[ 820 1875]] , [[ 819 1876]]
[[ 486 1006]] , [[ 486 1013]]
[[ 809 1872]] , [[ 809 1874]]
[[ 856 1614]] , [[ 856 1615]]
[[ 778 1611]] , [[ 778 1615]]
[[482 900]] , [[482 905]]
[[ 778 1611]] , [[ 778 1615]]
[[693 984]] , [[694 983]]
[[672 924]] , [[672 925]]
[[ 491 1026]] , [[ 492 1025]]
[[672 925]] , [[672 929]]
[[470 856]] , [[470 865]]
[[672 924]] , [[672 929]]
[[ 486 1006]] , [[ 486 1011]]
[[483 792]] , [[483 794]]
[[481 782]] , [[481 787]]
[[650 782]] , [[650 803]]
[[648 770]] , [[648 775]]
[[484 998]] , [[ 484 1003]]
[[646 770]] , [[646 775]]
[[650 770]] , [[650 774]]
[[480 768]] , [[480 777]]
[[650 782]] , [[650 803]]
[[480 768]] , [[480 779]]
[[465 812]] , [[465 813]]
[[464 644]] , [[464 645]]
[[650 780]] , [[650 801]]
[[741 874]] , [[740 875]]
[[ 486 1000]] , [[ 486 1005]]
[[768 868]] , [[768 872]]
[[482 858]] , [[482 863]]
[[744 878]] , [[744 887]]
[[ 868 1618]] , [[ 868 1622]]
[[672 924]] , [[672 925]]
[[671 924]] , [[671 925]]
[[652 784]] , [[652 791]]
[[670 924]] , [[670 925]]
[[466 852]] , [[466 859]]
[[674 952]] , [[674 955]]
[[674 952]] , [[674 955]]
[[674 950]] , [[674 951]]
[[672 938]] , [[672 943]]
[[672 938]] , [[672 943]]
[[730 874]] , [[730 893]]
[[650 782]] , [[650 807]]
[[652 784]] , [[652 791]]
[[672 938]] , [[672 944]]
[[466 826]] , [[466 829]]
[[ 485 1006]] , [[ 484 1007]]
[[766 868]] , [[766 873]]
[[ 806 1611]] , [[ 806 1615]]
[[672 926]] , [[672 933]]
[[464 801]] , [[464 814]]
[[742 872]] , [[742 873]]
[[650 782]] , [[650 807]]
[[730 876]] , [[730 893]]
[[ 718 1611]] , [[ 718 1615]]
[[464 801]] , [[464 814]]
[[672 934]] , [[672 935]]
[[ 802 1611]] , [[ 802 1615]]
[[ 740 1611]] , [[ 740 1615]]
[[672 928]] , [[672 932]]
[[ 688 1611]] , [[ 688 1617]]
[[ 801 1611]] , [[ 800 1612]]
[[ 766 1612]] , [[ 766 1616]]
[[ 906 1873]] , [[ 905 1874]]
[[672 926]] , [[672 935]]
[[464 801]] , [[464 805]]
[[ 491 1024]] , [[ 492 1023]]
[[ 486 1002]] , [[ 486 1007]]
[[ 706 1875]] , [[ 706 1879]]
[[ 846 1612]] , [[ 846 1616]]
[[674 946]] , [[674 947]]
[[466 814]] , [[466 845]]
[[652 782]] , [[652 807]]
[[470 846]] , [[470 851]]
[[470 846]] , [[470 849]]
[[466 800]] , [[466 809]]
[[ 544 1888]] , [[ 544 1895]]
[[ 802 1610]] , [[ 802 1614]]
[[490 994]] , [[490 999]]
[[470 806]] , [[470 809]]
[[ 719 1611]] , [[ 718 1612]]
[[672 924]] , [[672 957]]
[[ 748 1876]] , [[ 748 1880]]
[[674 924]] , [[674 925]]
[[ 719 1611]] , [[ 718 1612]]
[[675 922]] , [[675 923]]
[[494 986]] , [[494 991]]
[[468 800]] , [[468 817]]
[[490 992]] , [[490 999]]
[[ 494 1010]] , [[ 494 1017]]
[[ 721 1612]] , [[ 721 1616]]
[[ 780 1612]] , [[ 780 1616]]
[[680 920]] , [[680 921]]
[[ 490 1002]] , [[ 490 1009]]
[[ 489 1012]] , [[ 490 1011]]
[[468 808]] , [[468 835]]
[[ 803 1610]] , [[ 802 1611]]
[[470 830]] , [[470 839]]
[[350 884]] , [[350 886]]
[[673 920]] , [[673 921]]
[[ 496 1002]] , [[ 496 1007]]
[[472 852]] , [[472 853]]
[[672 920]] , [[672 923]]
[[472 852]] , [[472 857]]
[[672 920]] , [[672 923]]
[[656 768]] , [[656 795]]
[[472 789]] , [[472 793]]
[[472 789]] , [[472 793]]
[[496 896]] , [[496 903]]
[[838 816]] , [[838 817]]
[[674 922]] , [[674 925]]
[[674 922]] , [[674 925]]
[[ 484 1019]] , [[ 483 1020]]
[[676 922]] , [[676 923]]
[[482 992]] , [[482 993]]
[[ 483 1024]] , [[ 484 1023]]
[[704 988]] , [[704 989]]
[[ 834 1006]] , [[ 834 1007]]
[[684 862]] , [[684 873]]
[[286 546]] , [[286 547]]
[[833 990]] , [[833 992]]
[[306 538]] , [[306 547]]
[[814 702]] , [[814 703]]
[[814 702]] , [[814 703]]
[[470 856]] , [[470 863]]
[[286 546]] , [[286 548]]
[[700 720]] , [[698 722]]
[[286 546]] , [[286 549]]
[[698 722]] , [[698 727]]
[[294 698]] , [[294 703]]
[[306 534]] , [[306 535]]
[[296 698]] , [[296 703]]
[[839 942]] , [[839 943]]
[[838 822]] , [[838 835]]
[[838 938]] , [[838 943]]
[[ 480 1020]] , [[ 480 1023]]
[[ 814 1611]] , [[ 814 1615]]
[[ 760 1612]] , [[ 760 1616]]
[[ 846 1013]] , [[ 846 1017]]
[[ 685 1006]] , [[ 683 1008]]
[[ 492 1014]] , [[ 492 1019]]
[[676 934]] , [[676 942]]
[[680 964]] , [[680 991]]
[[680 964]] , [[680 991]]
[[ 493 1022]] , [[ 494 1021]]
[[ 709 1010]] , [[ 710 1009]]
[[838 924]] , [[838 925]]
[[675 934]] , [[675 941]]
[[ 842 1872]] , [[ 842 1877]]
[[ 304 1052]] , [[ 304 1057]]
[[ 704 1611]] , [[ 703 1612]]
[[ 704 1611]] , [[ 704 1615]]
[[ 781 1611]] , [[ 781 1615]]
[[ 480 1020]] , [[ 480 1024]]
[[674 928]] , [[674 935]]
[[673 928]] , [[673 935]]
[[ 494 1006]] , [[ 494 1016]]
[[ 480 1001]] , [[ 480 1005]]
[[ 781 1611]] , [[ 781 1615]]
[[ 480 1001]] , [[ 480 1005]]
[[ 868 1616]] , [[ 868 1620]]
[[ 714 1612]] , [[ 714 1616]]
[[ 504 1616]] , [[ 504 1620]]
[[ 480 1020]] , [[ 480 1026]]
[[ 732 1882]] , [[ 732 1887]]
[[ 304 1048]] , [[ 304 1053]]
[[ 945 1875]] , [[ 945 1879]]
[[ 489 1882]] , [[ 488 1883]]
[[ 864 1616]] , [[ 864 1620]]
[[ 864 1616]] , [[ 864 1620]]
[[ 800 1611]] , [[ 800 1615]]
[[ 496 1036]] , [[ 497 1035]]
[[ 766 1612]] , [[ 766 1617]]
[[ 297 1044]] , [[ 296 1045]]
[[ 802 1612]] , [[ 802 1617]]
[[ 486 1008]] , [[ 486 1014]]
[[ 960 1877]] , [[ 960 1887]]
[[836 926]] , [[836 927]]
[[498 992]] , [[498 999]]
[[ 495 1012]] , [[ 494 1013]]
[[498 992]] , [[498 997]]
[[838 784]] , [[838 797]]
[[498 992]] , [[498 997]]
[[675 924]] , [[675 927]]
[[328 895]] , [[328 907]]
[[840 924]] , [[840 931]]
[[ 489 1020]] , [[ 487 1022]]
[[840 924]] , [[840 931]]
[[ 825 1611]] , [[ 825 1615]]
[[ 724 1611]] , [[ 724 1615]]
[[ 482 1022]] , [[ 482 1023]]
[[838 926]] , [[838 931]]
[[ 486 1022]] , [[ 486 1023]]
[[ 490 1018]] , [[ 490 1021]]
[[ 306 1028]] , [[ 306 1029]]
[[480 990]] , [[ 480 1009]]
[[ 688 1010]] , [[ 688 1011]]
[[ 307 1028]] , [[ 307 1029]]
[[ 694 1611]] , [[ 694 1615]]
[[840 926]] , [[840 927]]
[[ 682 1002]] , [[ 682 1007]]
[[ 709 1611]] , [[ 709 1615]]
[[ 305 1026]] , [[ 305 1027]]
[[320 905]] , [[319 906]]
[[ 694 1611]] , [[ 694 1615]]
[[ 688 1005]] , [[ 688 1009]]
[[ 772 1612]] , [[ 771 1613]]
[[ 298 1030]] , [[ 298 1035]]
[[ 664 1613]] , [[ 662 1615]]
[[ 692 1611]] , [[ 692 1615]]
[[ 738 1611]] , [[ 738 1615]]
[[ 690 1007]] , [[ 690 1009]]
[[ 699 1024]] , [[ 700 1023]]
[[ 697 1024]] , [[ 698 1023]]
[[ 711 1013]] , [[ 711 1019]]
[[ 684 1012]] , [[ 684 1013]]
[[838 924]] , [[838 925]]
[[ 682 1016]] , [[ 682 1022]]
[[297 981]] , [[296 982]]
[[ 710 1020]] , [[ 710 1025]]
[[ 694 1612]] , [[ 694 1616]]
[[ 834 1012]] , [[ 834 1013]]
[[ 695 1024]] , [[ 696 1023]]
[[ 487 1020]] , [[ 486 1021]]
[[ 687 1612]] , [[ 687 1616]]
[[  86 1467]] , [[  86 1471]]
[[ 299 1044]] , [[ 300 1043]]
[[ 686 1006]] , [[ 686 1009]]
[[ 295 1040]] , [[ 296 1039]]
[[ 496 1008]] , [[ 496 1013]]
[[ 488 1018]] , [[ 487 1019]]
[[688 990]] , [[688 995]]
[[ 306 1012]] , [[ 306 1015]]
[[ 303 1023]] , [[ 302 1024]]
[[ 290 1048]] , [[ 290 1055]]
[[688 986]] , [[688 987]]
[[ 290 1048]] , [[ 290 1055]]
[[842 974]] , [[842 977]]
[[ 722 1611]] , [[ 722 1615]]
[[682 990]] , [[ 682 1001]]
[[482 990]] , [[482 995]]
[[686 986]] , [[686 987]]
[[ 480 1018]] , [[ 480 1019]]
[[662 855]] , [[662 883]]
[[358 884]] , [[358 885]]
[[794 876]] , [[794 881]]
[[682 958]] , [[682 959]]
[[662 853]] , [[660 855]]
[[ 839 1014]] , [[ 840 1013]]
[[ 839 1014]] , [[ 840 1013]]
[[834 758]] , [[834 762]]
[[840 902]] , [[840 907]]
[[835 992]] , [[836 991]]
[[824 858]] , [[824 859]]
[[736 873]] , [[736 881]]
[[662 864]] , [[662 869]]
[[800 866]] , [[800 871]]
[[838 908]] , [[838 911]]
[[ 504 1038]] , [[ 504 1039]]
[[ 708 1004]] , [[ 708 1007]]
[[ 753 1614]] , [[ 753 1618]]
[[830 926]] , [[830 945]]
[[ 480 1018]] , [[ 480 1023]]
[[702 994]] , [[702 997]]
[[473 948]] , [[473 951]]
[[472 952]] , [[472 959]]
[[687 992]] , [[686 993]]
[[338 889]] , [[338 893]]
[[ 480 1018]] , [[ 480 1023]]
[[680 976]] , [[680 991]]
[[ 702 1876]] , [[ 702 1881]]
[[ 705 1876]] , [[ 704 1877]]
[[ 308 1052]] , [[ 308 1057]]
[[ 496 1018]] , [[ 496 1023]]
[[664 852]] , [[664 855]]
[[802 862]] , [[802 863]]
[[686 990]] , [[686 991]]
[[ 825 1008]] , [[ 825 1015]]
[[ 480 1009]] , [[ 480 1021]]
[[686 988]] , [[686 991]]
[[ 480 1009]] , [[ 480 1021]]
[[662 862]] , [[662 871]]
[[791 874]] , [[789 876]]
[[682 992]] , [[682 997]]
[[ 816 1874]] , [[ 816 1881]]
[[ 684 1000]] , [[ 684 1001]]
[[518 896]] , [[518 901]]
[[ 684 1002]] , [[ 682 1004]]
[[674 930]] , [[674 936]]
[[682 982]] , [[682 991]]
[[ 699 1002]] , [[ 700 1001]]
[[ 802 1610]] , [[ 801 1611]]
[[486 986]] , [[486 997]]
[[ 875 1618]] , [[ 875 1622]]
[[ 493 1024]] , [[ 494 1023]]
[[616 894]] , [[616 899]]
[[ 482 1004]] , [[ 482 1019]]
[[ 806 1611]] , [[ 806 1615]]
[[ 797 1611]] , [[ 796 1612]]
[[ 487 1014]] , [[ 488 1013]]
[[ 495 1004]] , [[ 495 1009]]
[[672 924]] , [[672 949]]
[[ 819 1610]] , [[ 818 1611]]
[[840 558]] , [[840 559]]
[[302 542]] , [[302 543]]
[[482 986]] , [[482 991]]
[[767 710]] , [[767 711]]
[[ 698 1000]] , [[ 698 1005]]
[[742 716]] , [[742 721]]
[[ 482 1019]] , [[ 482 1025]]
[[742 716]] , [[742 719]]
[[ 826 1012]] , [[ 826 1017]]
[[358 749]] , [[358 753]]
[[698 998]] , [[ 698 1005]]
[[744 716]] , [[743 717]]
[[494 998]] , [[ 494 1003]]
[[744 716]] , [[743 717]]
[[490 974]] , [[490 991]]
[[742 716]] , [[742 721]]
[[ 482 1006]] , [[ 482 1025]]
[[ 698 1000]] , [[ 698 1006]]
[[ 838 1014]] , [[ 838 1019]]
[[ 490 1016]] , [[ 490 1023]]
[[ 492 1016]] , [[ 492 1023]]
[[836 570]] , [[837 569]]
[[744 716]] , [[744 718]]
[[720 721]] , [[720 725]]
[[ 490 1024]] , [[ 491 1023]]
[[720 721]] , [[720 725]]
[[668 839]] , [[668 843]]
[[680 866]] , [[680 871]]
[[678 955]] , [[678 967]]
[[472 990]] , [[472 995]]
[[474 976]] , [[474 991]]
[[670 928]] , [[670 932]]
[[690 968]] , [[690 975]]
[[357 750]] , [[357 754]]
[[ 703 1018]] , [[ 704 1017]]
[[656 800]] , [[656 801]]
[[842 788]] , [[842 799]]
[[840 788]] , [[840 813]]
[[838 798]] , [[838 877]]
[[671 858]] , [[672 857]]
[[656 790]] , [[656 857]]
[[674 920]] , [[674 927]]
[[834 797]] , [[834 813]]
[[666 722]] , [[666 727]]
[[674 923]] , [[674 927]]
[[482 996]] , [[ 482 1007]]
[[ 703 1018]] , [[ 704 1017]]
[[474 868]] , [[474 872]]
[[482 998]] , [[ 482 1007]]
[[674 920]] , [[674 921]]
[[ 488 1018]] , [[ 488 1019]]
[[ 491 1027]] , [[ 492 1026]]
[[ 824 1611]] , [[ 823 1612]]
[[482 786]] , [[482 791]]
[[672 920]] , [[672 921]]
[[672 920]] , [[672 921]]
[[473 992]] , [[472 993]]
[[671 922]] , [[670 923]]
[[473 992]] , [[473 997]]
[[671 922]] , [[671 925]]
[[672 920]] , [[672 921]]
[[483 786]] , [[483 791]]
[[656 790]] , [[656 795]]
[[464 816]] , [[464 829]]
[[462 784]] , [[462 791]]
[[486 873]] , [[485 874]]
[[480 902]] , [[480 907]]
[[480 902]] , [[480 907]]
[[ 482 1000]] , [[ 482 1005]]
[[480 902]] , [[480 907]]
[[672 924]] , [[672 955]]
[[484 872]] , [[484 873]]
[[ 800 1612]] , [[ 800 1617]]
[[ 721 1611]] , [[ 721 1615]]
[[ 727 1612]] , [[ 726 1613]]
[[672 924]] , [[672 935]]
[[ 692 1611]] , [[ 692 1615]]
[[486 874]] , [[485 875]]
[[482 996]] , [[ 482 1003]]
[[672 923]] , [[672 967]]
[[482 875]] , [[482 879]]
[[464 800]] , [[464 819]]
[[ 696 1876]] , [[ 696 1880]]
[[464 802]] , [[464 811]]
[[482 996]] , [[ 482 1003]]
[[672 922]] , [[672 923]]
[[ 767 1611]] , [[ 767 1615]]
[[485 781]] , [[485 785]]
[[ 810 1611]] , [[ 810 1615]]
[[694 968]] , [[694 975]]
[[672 922]] , [[672 923]]
[[484 872]] , [[484 877]]
[[ 730 1612]] , [[ 730 1616]]
[[671 922]] , [[671 923]]
[[ 480 1008]] , [[ 480 1009]]
[[ 480 1008]] , [[ 480 1009]]
[[ 482 1004]] , [[ 482 1007]]
[[467 861]] , [[467 865]]
[[466 796]] , [[466 801]]
[[466 830]] , [[466 839]]
[[466 806]] , [[466 811]]
[[466 806]] , [[466 811]]
[[466 846]] , [[466 873]]
[[466 815]] , [[466 827]]
[[672 920]] , [[672 923]]
[[693 984]] , [[694 983]]
[[483 786]] , [[483 791]]
[[474 688]] , [[474 705]]
[[ 482 1004]] , [[ 482 1005]]
[[ 800 1611]] , [[ 800 1615]]
[[670 920]] , [[670 929]]
[[ 691 1611]] , [[ 691 1615]]
[[672 920]] , [[672 923]]
[[486 870]] , [[486 871]]
[[ 528 1616]] , [[ 528 1623]]
[[ 482 1006]] , [[ 482 1007]]
[[ 656 1616]] , [[ 656 1620]]
[[466 806]] , [[466 821]]
[[672 920]] , [[672 923]]
[[ 494 1018]] , [[ 494 1020]]
[[624 728]] , [[624 733]]
[[648 638]] , [[648 648]]
[[484 774]] , [[484 775]]
[[483 776]] , [[483 777]]
[[668 922]] , [[668 929]]
[[486 782]] , [[486 793]]
[[ 799 1611]] , [[ 799 1615]]
[[652 638]] , [[652 655]]
[[668 924]] , [[668 929]]
[[664 868]] , [[664 869]]
[[ 485 1023]] , [[ 483 1025]]
[[ 486 1023]] , [[ 483 1026]]
[[ 496 1027]] , [[ 496 1035]]
[[674 944]] , [[674 951]]
[[ 918 1874]] , [[ 918 1878]]
[[ 918 1874]] , [[ 918 1878]]
[[ 800 1611]] , [[ 800 1615]]
[[ 484 1024]] , [[ 483 1025]]
[[684 958]] , [[684 975]]
[[ 803 1610]] , [[ 802 1611]]
[[ 914 1873]] , [[ 913 1874]]
[[ 753 1875]] , [[ 753 1879]]
[[ 768 1611]] , [[ 768 1615]]
[[ 834 1611]] , [[ 834 1615]]
[[ 801 1610]] , [[ 800 1611]]
[[ 873 1618]] , [[ 873 1622]]
[[ 918 1874]] , [[ 918 1878]]
[[832 990]] , [[832 999]]
[[ 680 1009]] , [[ 680 1019]]
[[835 968]] , [[835 975]]
[[832 990]] , [[832 991]]
[[770 708]] , [[769 709]]
[[ 686 1010]] , [[ 685 1011]]
[[818 698]] , [[818 699]]
[[828 834]] , [[828 839]]
[[304 535]] , [[303 536]]
[[ 481 1028]] , [[ 480 1029]]
[[ 683 1014]] , [[ 683 1015]]
[[ 844 1873]] , [[ 844 1879]]
[[ 682 1012]] , [[ 682 1013]]
[[ 709 1612]] , [[ 709 1616]]
[[ 484 1022]] , [[ 484 1026]]
[[ 972 1878]] , [[ 971 1879]]
[[ 469 1038]] , [[ 469 1042]]
[[ 667 1878]] , [[ 666 1879]]
[[ 840 1872]] , [[ 840 1879]]
[[ 840 1872]] , [[ 840 1879]]
[[679 958]] , [[679 959]]
[[ 792 1873]] , [[ 792 1874]]
[[672 928]] , [[672 959]]
[[ 496 1026]] , [[ 496 1033]]
[[470 866]] , [[470 870]]
[[ 480 1026]] , [[ 480 1029]]
[[838 926]] , [[838 927]]
[[ 497 1026]] , [[ 497 1033]]
[[838 926]] , [[838 927]]
[[ 297 1044]] , [[ 297 1048]]
[[ 486 1016]] , [[ 486 1021]]
[[ 496 1024]] , [[ 496 1032]]
[[ 694 1611]] , [[ 694 1615]]
[[ 486 1016]] , [[ 486 1020]]
[[ 691 1020]] , [[ 692 1019]]
[[ 496 1032]] , [[ 496 1041]]
[[674 928]] , [[674 931]]
[[ 633 1877]] , [[ 632 1878]]
[[ 771 1611]] , [[ 771 1615]]
[[ 496 1014]] , [[ 496 1019]]
[[674 928]] , [[674 953]]
[[ 706 1611]] , [[ 706 1615]]
[[ 486 1020]] , [[ 485 1021]]
[[ 486 1020]] , [[ 485 1021]]
[[486 998]] , [[486 999]]
[[ 779 1611]] , [[ 779 1615]]
[[486 998]] , [[486 999]]
[[ 488 1021]] , [[ 487 1022]]
[[839 922]] , [[839 926]]
[[ 482 1005]] , [[ 482 1009]]
[[674 924]] , [[674 961]]
[[ 876 1875]] , [[ 876 1879]]
[[ 494 1024]] , [[ 495 1023]]
[[ 700 1877]] , [[ 700 1881]]
[[ 494 1024]] , [[ 495 1023]]
[[ 946 1874]] , [[ 946 1879]]
[[ 963 1878]] , [[ 963 1883]]
[[ 960 1878]] , [[ 960 1883]]
[[ 890 1878]] , [[ 890 1883]]
[[ 852 1613]] , [[ 852 1617]]
[[468 848]] , [[468 863]]
[[672 924]] , [[672 957]]
[[ 300 1048]] , [[ 300 1053]]
[[ 479 1024]] , [[ 479 1025]]
[[838 932]] , [[838 933]]
[[ 485 1026]] , [[ 484 1027]]
[[ 617 1613]] , [[ 617 1617]]
[[662 846]] , [[662 855]]
[[665 858]] , [[665 861]]
[[838 934]] , [[838 935]]
[[834 798]] , [[834 810]]
[[838 934]] , [[838 935]]
[[ 708 1010]] , [[ 708 1019]]
[[ 682 1010]] , [[ 682 1011]]
[[838 830]] , [[838 837]]
[[ 486 1028]] , [[ 485 1029]]
[[ 697 1018]] , [[ 697 1019]]
[[ 698 1016]] , [[ 698 1021]]
[[784 710]] , [[784 715]]
[[512 726]] , [[512 731]]
[[836 990]] , [[836 991]]
[[ 779 1611]] , [[ 778 1612]]
[[ 800 1616]] , [[ 800 1621]]
[[ 800 1616]] , [[ 800 1621]]
[[ 757 1611]] , [[ 757 1615]]
[[ 848 1874]] , [[ 847 1875]]
[[ 482 1014]] , [[ 482 1033]]
[[ 800 1616]] , [[ 800 1621]]
[[ 817 1873]] , [[ 816 1874]]
[[ 817 1873]] , [[ 817 1877]]
[[ 496 1028]] , [[ 496 1031]]
[[456 894]] , [[456 901]]
[[ 758 1613]] , [[ 758 1617]]
[[ 742 1611]] , [[ 742 1615]]
[[652 782]] , [[652 789]]
[[670 926]] , [[670 927]]
[[654 798]] , [[654 807]]
[[688 894]] , [[688 899]]
[[654 796]] , [[654 805]]
[[ 466 1005]] , [[ 466 1011]]
[[468 846]] , [[468 853]]
[[668 924]] , [[668 928]]
[[ 622 1877]] , [[ 622 1881]]
[[ 820 1875]] , [[ 819 1876]]
[[ 486 1006]] , [[ 486 1013]]
[[ 809 1872]] , [[ 809 1874]]
[[ 856 1614]] , [[ 856 1615]]
[[ 778 1611]] , [[ 778 1615]]
[[482 900]] , [[482 905]]
[[ 778 1611]] , [[ 778 1615]]
[[693 984]] , [[694 983]]
[[672 924]] , [[672 925]]
[[ 491 1026]] , [[ 492 1025]]
[[672 925]] , [[672 929]]
[[470 856]] , [[470 865]]
[[672 924]] , [[672 929]]
[[ 486 1006]] , [[ 486 1011]]
[[483 792]] , [[483 794]]
[[481 782]] , [[481 787]]
[[650 782]] , [[650 803]]
[[648 770]] , [[648 775]]
[[484 998]] , [[ 484 1003]]
[[646 770]] , [[646 775]]
[[650 770]] , [[650 774]]
[[480 768]] , [[480 777]]
[[650 782]] , [[650 803]]
[[480 768]] , [[480 779]]
[[465 812]] , [[465 813]]
[[464 644]] , [[464 645]]
[[650 780]] , [[650 801]]
[[741 874]] , [[740 875]]
[[ 486 1000]] , [[ 486 1005]]
[[768 868]] , [[768 872]]
[[482 858]] , [[482 863]]
[[744 878]] , [[744 887]]
[[ 868 1618]] , [[ 868 1622]]
[[672 924]] , [[672 925]]
[[671 924]] , [[671 925]]
[[652 784]] , [[652 791]]
[[670 924]] , [[670 925]]
[[466 852]] , [[466 859]]
[[674 952]] , [[674 955]]
[[674 952]] , [[674 955]]
[[674 950]] , [[674 951]]
[[672 938]] , [[672 943]]
[[672 938]] , [[672 943]]
[[730 874]] , [[730 893]]
[[650 782]] , [[650 807]]
[[652 784]] , [[652 791]]
[[672 938]] , [[672 944]]
[[466 826]] , [[466 829]]
[[ 485 1006]] , [[ 484 1007]]
[[766 868]] , [[766 873]]
[[ 806 1611]] , [[ 806 1615]]
[[672 926]] , [[672 933]]
[[464 801]] , [[464 814]]
[[742 872]] , [[742 873]]
[[650 782]] , [[650 807]]
[[730 876]] , [[730 893]]
[[ 718 1611]] , [[ 718 1615]]
[[464 801]] , [[464 814]]
[[672 934]] , [[672 935]]
[[ 802 1611]] , [[ 802 1615]]
[[ 740 1611]] , [[ 740 1615]]
[[672 928]] , [[672 932]]
[[ 688 1611]] , [[ 688 1617]]
[[ 801 1611]] , [[ 800 1612]]
[[ 766 1612]] , [[ 766 1616]]
[[ 906 1873]] , [[ 905 1874]]
[[672 926]] , [[672 935]]
[[464 801]] , [[464 805]]
[[ 491 1024]] , [[ 492 1023]]
[[ 486 1002]] , [[ 486 1007]]
[[ 706 1875]] , [[ 706 1879]]
[[ 846 1612]] , [[ 846 1616]]
[[674 946]] , [[674 947]]
[[466 814]] , [[466 845]]
[[652 782]] , [[652 807]]
[[470 846]] , [[470 851]]
[[470 846]] , [[470 849]]
[[466 800]] , [[466 809]]
[[ 544 1888]] , [[ 544 1895]]
[[ 802 1610]] , [[ 802 1614]]
[[490 994]] , [[490 999]]
[[470 806]] , [[470 809]]
[[ 719 1611]] , [[ 718 1612]]
[[672 924]] , [[672 957]]
[[ 748 1876]] , [[ 748 1880]]
[[674 924]] , [[674 925]]
[[ 719 1611]] , [[ 718 1612]]
[[675 922]] , [[675 923]]
[[494 986]] , [[494 991]]
[[468 800]] , [[468 817]]
[[490 992]] , [[490 999]]
[[ 494 1010]] , [[ 494 1017]]
[[ 721 1612]] , [[ 721 1616]]
[[ 780 1612]] , [[ 780 1616]]
[[680 920]] , [[680 921]]
[[ 490 1002]] , [[ 490 1009]]
[[ 489 1012]] , [[ 490 1011]]
[[468 808]] , [[468 835]]
[[ 803 1610]] , [[ 802 1611]]
[[470 830]] , [[470 839]]
[[350 884]] , [[350 886]]
[[673 920]] , [[673 921]]
[[ 496 1002]] , [[ 496 1007]]
[[472 852]] , [[472 853]]
[[672 920]] , [[672 923]]
[[472 852]] , [[472 857]]
[[672 920]] , [[672 923]]
[[656 768]] , [[656 795]]
[[472 789]] , [[472 793]]
[[472 789]] , [[472 793]]
[[496 896]] , [[496 903]]
[[838 816]] , [[838 817]]
[[674 922]] , [[674 925]]
[[674 922]] , [[674 925]]
[[ 484 1019]] , [[ 483 1020]]
[[676 922]] , [[676 923]]
[[482 992]] , [[482 993]]
[[ 483 1024]] , [[ 484 1023]]
[[704 988]] , [[704 989]]
[[ 834 1006]] , [[ 834 1007]]
[[684 862]] , [[684 873]]
[[286 546]] , [[286 547]]
[[833 990]] , [[833 992]]
[[306 538]] , [[306 547]]
[[814 702]] , [[814 703]]
[[814 702]] , [[814 703]]
[[470 856]] , [[470 863]]
[[286 546]] , [[286 548]]
[[700 720]] , [[698 722]]
[[286 546]] , [[286 549]]
[[698 722]] , [[698 727]]
[[294 698]] , [[294 703]]
[[306 534]] , [[306 535]]
[[296 698]] , [[296 703]]
[[839 942]] , [[839 943]]
[[838 822]] , [[838 835]]
[[838 938]] , [[838 943]]
[[ 480 1020]] , [[ 480 1023]]
[[ 814 1611]] , [[ 814 1615]]
[[ 760 1612]] , [[ 760 1616]]
[[ 846 1013]] , [[ 846 1017]]
[[ 685 1006]] , [[ 683 1008]]
[[ 492 1014]] , [[ 492 1019]]
[[676 934]] , [[676 942]]
[[680 964]] , [[680 991]]
[[680 964]] , [[680 991]]
[[ 493 1022]] , [[ 494 1021]]
[[ 709 1010]] , [[ 710 1009]]
[[838 924]] , [[838 925]]
[[675 934]] , [[675 941]]
[[ 842 1872]] , [[ 842 1877]]
[[ 304 1052]] , [[ 304 1057]]
[[ 704 1611]] , [[ 703 1612]]
[[ 704 1611]] , [[ 704 1615]]
[[ 781 1611]] , [[ 781 1615]]
[[ 480 1020]] , [[ 480 1024]]
[[674 928]] , [[674 935]]
[[673 928]] , [[673 935]]
[[ 494 1006]] , [[ 494 1016]]
[[ 480 1001]] , [[ 480 1005]]
[[ 781 1611]] , [[ 781 1615]]
[[ 480 1001]] , [[ 480 1005]]
[[ 868 1616]] , [[ 868 1620]]
[[ 714 1612]] , [[ 714 1616]]
[[ 504 1616]] , [[ 504 1620]]
[[ 480 1020]] , [[ 480 1026]]
[[ 732 1882]] , [[ 732 1887]]
[[ 304 1048]] , [[ 304 1053]]
[[ 945 1875]] , [[ 945 1879]]
[[ 489 1882]] , [[ 488 1883]]
[[ 864 1616]] , [[ 864 1620]]
[[ 864 1616]] , [[ 864 1620]]
[[ 800 1611]] , [[ 800 1615]]
[[ 496 1036]] , [[ 497 1035]]
[[ 766 1612]] , [[ 766 1617]]
[[ 297 1044]] , [[ 296 1045]]
[[ 802 1612]] , [[ 802 1617]]
[[ 486 1008]] , [[ 486 1014]]
[[ 960 1877]] , [[ 960 1887]]
[[836 926]] , [[836 927]]
[[498 992]] , [[498 999]]
[[ 495 1012]] , [[ 494 1013]]
[[498 992]] , [[498 997]]
[[838 784]] , [[838 797]]
[[498 992]] , [[498 997]]
[[675 924]] , [[675 927]]
[[328 895]] , [[328 907]]
[[840 924]] , [[840 931]]
[[ 489 1020]] , [[ 487 1022]]
[[840 924]] , [[840 931]]
[[ 825 1611]] , [[ 825 1615]]
[[ 724 1611]] , [[ 724 1615]]
[[ 482 1022]] , [[ 482 1023]]
[[838 926]] , [[838 931]]
[[ 486 1022]] , [[ 486 1023]]
[[ 490 1018]] , [[ 490 1021]]
[[ 306 1028]] , [[ 306 1029]]
[[480 990]] , [[ 480 1009]]
[[ 688 1010]] , [[ 688 1011]]
[[ 307 1028]] , [[ 307 1029]]
[[ 694 1611]] , [[ 694 1615]]
[[840 926]] , [[840 927]]
[[ 682 1002]] , [[ 682 1007]]
[[ 709 1611]] , [[ 709 1615]]
[[ 305 1026]] , [[ 305 1027]]
[[320 905]] , [[319 906]]
[[ 694 1611]] , [[ 694 1615]]
[[ 688 1005]] , [[ 688 1009]]
[[ 772 1612]] , [[ 771 1613]]
[[ 298 1030]] , [[ 298 1035]]
[[ 664 1613]] , [[ 662 1615]]
[[ 692 1611]] , [[ 692 1615]]
[[ 738 1611]] , [[ 738 1615]]
[[ 690 1007]] , [[ 690 1009]]
[[ 699 1024]] , [[ 700 1023]]
[[ 697 1024]] , [[ 698 1023]]
[[ 711 1013]] , [[ 711 1019]]
[[ 684 1012]] , [[ 684 1013]]
[[838 924]] , [[838 925]]
[[ 682 1016]] , [[ 682 1022]]
[[297 981]] , [[296 982]]
[[ 710 1020]] , [[ 710 1025]]
[[ 694 1612]] , [[ 694 1616]]
[[ 834 1012]] , [[ 834 1013]]
[[ 695 1024]] , [[ 696 1023]]
[[ 487 1020]] , [[ 486 1021]]
[[ 687 1612]] , [[ 687 1616]]
[[  86 1467]] , [[  86 1471]]
[[ 299 1044]] , [[ 300 1043]]
[[ 686 1006]] , [[ 686 1009]]
[[ 295 1040]] , [[ 296 1039]]
[[ 496 1008]] , [[ 496 1013]]
[[ 488 1018]] , [[ 487 1019]]
[[688 990]] , [[688 995]]
[[ 306 1012]] , [[ 306 1015]]
[[ 303 1023]] , [[ 302 1024]]
[[ 290 1048]] , [[ 290 1055]]
[[688 986]] , [[688 987]]
[[ 290 1048]] , [[ 290 1055]]
[[842 974]] , [[842 977]]
[[ 722 1611]] , [[ 722 1615]]
[[682 990]] , [[ 682 1001]]
[[482 990]] , [[482 995]]
[[686 986]] , [[686 987]]
[[ 480 1018]] , [[ 480 1019]]
[[662 855]] , [[662 883]]
[[358 884]] , [[358 885]]
[[794 876]] , [[794 881]]
[[682 958]] , [[682 959]]
[[662 853]] , [[660 855]]
[[ 839 1014]] , [[ 840 1013]]
[[ 839 1014]] , [[ 840 1013]]
[[834 758]] , [[834 762]]
[[840 902]] , [[840 907]]
[[835 992]] , [[836 991]]
[[824 858]] , [[824 859]]
[[736 873]] , [[736 881]]
[[662 864]] , [[662 869]]
[[800 866]] , [[800 871]]
[[838 908]] , [[838 911]]
[[ 504 1038]] , [[ 504 1039]]
[[ 708 1004]] , [[ 708 1007]]
[[ 753 1614]] , [[ 753 1618]]
[[830 926]] , [[830 945]]
[[ 480 1018]] , [[ 480 1023]]
[[702 994]] , [[702 997]]
[[473 948]] , [[473 951]]
[[472 952]] , [[472 959]]
[[687 992]] , [[686 993]]
[[338 889]] , [[338 893]]
[[ 480 1018]] , [[ 480 1023]]
[[680 976]] , [[680 991]]
[[ 702 1876]] , [[ 702 1881]]
[[ 705 1876]] , [[ 704 1877]]
[[ 308 1052]] , [[ 308 1057]]
[[ 496 1018]] , [[ 496 1023]]
[[664 852]] , [[664 855]]
[[802 862]] , [[802 863]]
[[686 990]] , [[686 991]]
[[ 825 1008]] , [[ 825 1015]]
[[ 480 1009]] , [[ 480 1021]]
[[686 988]] , [[686 991]]
[[ 480 1009]] , [[ 480 1021]]
[[662 862]] , [[662 871]]
[[791 874]] , [[789 876]]
[[682 992]] , [[682 997]]
[[ 816 1874]] , [[ 816 1881]]
[[ 684 1000]] , [[ 684 1001]]
[[518 896]] , [[518 901]]
[[ 684 1002]] , [[ 682 1004]]
[[674 930]] , [[674 936]]
[[682 982]] , [[682 991]]
[[ 699 1002]] , [[ 700 1001]]
[[ 802 1610]] , [[ 801 1611]]
[[486 986]] , [[486 997]]
[[ 875 1618]] , [[ 875 1622]]
[[ 493 1024]] , [[ 494 1023]]
[[616 894]] , [[616 899]]
[[ 482 1004]] , [[ 482 1019]]
[[ 806 1611]] , [[ 806 1615]]
[[ 797 1611]] , [[ 796 1612]]
[[ 487 1014]] , [[ 488 1013]]
[[ 495 1004]] , [[ 495 1009]]
[[672 924]] , [[672 949]]
[[ 819 1610]] , [[ 818 1611]]
[[ 232 1058]] , [[ 232 1063]]
[[ 232 1072]] , [[ 232 1073]]
[[ 382 1190]] , [[ 382 1191]]
[[ 254 1072]] , [[ 254 1089]]
[[ 225 1210]] , [[ 226 1209]]
[[ 382 1188]] , [[ 382 1189]]
[[ 753 1204]] , [[ 753 1205]]
[[ 378 1188]] , [[ 378 1189]]
[[ 536 1184]] , [[ 536 1191]]
[[ 382 1016]] , [[ 382 1017]]
[[ 382 1016]] , [[ 382 1017]]
[[ 524 1010]] , [[ 524 1011]]
[[ 388 1016]] , [[ 388 1017]]
[[ 750 1016]] , [[ 750 1023]]
[[ 540 1010]] , [[ 540 1011]]
[[ 224 1122]] , [[ 224 1126]]
[[ 223 1166]] , [[ 223 1170]]
[[ 373 1018]] , [[ 373 1019]]
[[ 376 1188]] , [[ 376 1189]]
[[ 231 1278]] , [[ 232 1277]]
[[ 215 1166]] , [[ 215 1171]]
[[ 231 1274]] , [[ 232 1273]]
[[ 231 1274]] , [[ 232 1273]]
[[ 233 1284]] , [[ 234 1283]]
[[ 229 1196]] , [[ 229 1200]]
[[ 530 1194]] , [[ 530 1195]]
[[ 229 1198]] , [[ 229 1202]]
[[ 378 1188]] , [[ 378 1189]]
[[ 378 1188]] , [[ 378 1189]]
[[ 231 1280]] , [[ 232 1279]]
[[ 528 1194]] , [[ 528 1195]]
[[ 528 1194]] , [[ 528 1195]]
[[ 230 1304]] , [[ 230 1313]]
[[ 376 1188]] , [[ 376 1189]]
[[ 234 1144]] , [[ 234 1149]]
[[ 538 1194]] , [[ 538 1195]]
[[ 751 1210]] , [[ 749 1212]]
[[ 530 1194]] , [[ 530 1195]]
[[ 372 1188]] , [[ 372 1196]]
[[ 234 1142]] , [[ 234 1147]]
[[ 534 1192]] , [[ 534 1193]]
[[ 534 1192]] , [[ 534 1193]]
[[ 239 1318]] , [[ 240 1317]]
[[ 234 1144]] , [[ 234 1149]]
[[ 373 1190]] , [[ 373 1195]]
[[ 373 1190]] , [[ 373 1195]]
[[ 752 1206]] , [[ 752 1207]]
[[ 373 1190]] , [[ 373 1195]]
[[ 232 1204]] , [[ 232 1213]]
[[ 252 1314]] , [[ 253 1313]]
[[ 252 1314]] , [[ 253 1313]]
[[ 225 1284]] , [[ 226 1283]]
[[ 225 1284]] , [[ 226 1283]]
[[ 374 1018]] , [[ 374 1023]]
[[ 232 1104]] , [[ 231 1105]]
[[ 232 1104]] , [[ 232 1105]]
[[ 754 1018]] , [[ 754 1019]]
[[ 754 1016]] , [[ 754 1019]]
[[216 930]] , [[216 935]]
[[ 374 1016]] , [[ 374 1017]]
[[ 750 1016]] , [[ 750 1025]]
[[ 750 1016]] , [[ 750 1025]]
[[ 231 1134]] , [[ 232 1133]]
[[ 520 1012]] , [[ 520 1013]]
[[ 371 1016]] , [[ 371 1020]]
[[ 226 1155]] , [[ 226 1158]]
[[ 760 1018]] , [[ 760 1019]]
[[ 372 1016]] , [[ 372 1027]]
[[ 370 1016]] , [[ 370 1021]]
[[ 380 1188]] , [[ 380 1189]]
[[ 530 1194]] , [[ 530 1195]]
[[ 218 1054]] , [[ 218 1059]]
[[ 371 1016]] , [[ 371 1017]]
[[ 754 1020]] , [[ 754 1021]]
[[ 753 1020]] , [[ 753 1021]]
[[ 210 1032]] , [[ 210 1033]]
[[ 367 1190]] , [[ 367 1194]]
[[ 753 1020]] , [[ 753 1021]]
[[ 369 1016]] , [[ 369 1017]]
[[ 369 1018]] , [[ 369 1021]]
[[ 758 1020]] , [[ 758 1021]]
[[ 214 1042]] , [[ 214 1047]]
[[ 524 1194]] , [[ 524 1195]]
[[ 366 1016]] , [[ 366 1021]]
[[ 748 1022]] , [[ 748 1023]]
[[ 370 1190]] , [[ 370 1191]]
[[ 364 1192]] , [[ 364 1199]]
[[ 364 1192]] , [[ 364 1202]]
[[ 362 1192]] , [[ 362 1203]]
[[ 365 1030]] , [[ 365 1031]]
[[ 368 1190]] , [[ 368 1191]]
[[ 392 1108]] , [[ 392 1110]]
[[ 360 1192]] , [[ 360 1213]]
[[ 366 1192]] , [[ 366 1193]]
[[ 357 1040]] , [[ 357 1041]]
[[ 367 1116]] , [[ 367 1117]]
[[ 359 1268]] , [[ 360 1267]]
[[ 744 1228]] , [[ 744 1231]]
[[ 742 1226]] , [[ 742 1231]]
[[ 762 1300]] , [[ 762 1301]]
[[ 516 1200]] , [[ 516 1204]]
[[ 740 1230]] , [[ 740 1236]]
[[ 384 1198]] , [[ 384 1199]]
[[ 226 1338]] , [[ 227 1337]]
[[ 209 1316]] , [[ 210 1315]]
[[ 380 1196]] , [[ 380 1197]]
[[ 768 1060]] , [[ 768 1063]]
[[ 206 1030]] , [[ 206 1033]]
[[ 205 1066]] , [[ 206 1065]]
[[ 739 1084]] , [[ 740 1083]]
[[ 738 1026]] , [[ 738 1027]]
[[ 762 1014]] , [[ 762 1015]]
[[ 200 1030]] , [[ 200 1031]]
[[ 506 1014]] , [[ 506 1019]]
[[ 762 1014]] , [[ 762 1021]]
[[ 199 1060]] , [[ 200 1059]]
[[ 504 1014]] , [[ 504 1019]]
[[ 202 1028]] , [[ 202 1031]]
[[ 514 1014]] , [[ 514 1015]]
[[ 201 1064]] , [[ 202 1063]]
[[ 201 1064]] , [[ 202 1063]]
[[ 201 1064]] , [[ 202 1063]]
[[ 202 1026]] , [[ 202 1030]]
[[ 197 1044]] , [[ 198 1043]]
[[ 201 1064]] , [[ 202 1063]]
[[ 201 1064]] , [[ 202 1063]]
[[ 201 1066]] , [[ 202 1065]]
[[ 201 1066]] , [[ 202 1065]]
[[ 550 1048]] , [[ 550 1049]]
[[ 212 1196]] , [[ 212 1199]]
[[ 542 1206]] , [[ 542 1207]]
[[ 190 1030]] , [[ 190 1031]]
[[ 550 1048]] , [[ 550 1049]]
[[ 215 1171]] , [[ 215 1175]]
[[ 550 1048]] , [[ 550 1055]]
[[ 550 1048]] , [[ 550 1055]]
[[ 550 1048]] , [[ 550 1055]]
[[ 190 1034]] , [[ 190 1035]]
[[ 202 1028]] , [[ 202 1033]]
[[206 960]] , [[206 975]]
[[ 251 1062]] , [[ 252 1061]]
[[ 562 1048]] , [[ 561 1049]]
[[ 202 1030]] , [[ 202 1033]]
[[ 200 1034]] , [[ 200 1037]]
[[ 504 1016]] , [[ 504 1021]]
[[ 504 1016]] , [[ 504 1027]]
[[ 736 1044]] , [[ 736 1048]]
[[ 740 1030]] , [[ 740 1041]]
[[ 742 1030]] , [[ 742 1039]]
[[ 207 1066]] , [[ 208 1065]]
[[ 211 1044]] , [[ 212 1043]]
[[ 518 1014]] , [[ 518 1015]]
[[ 514 1016]] , [[ 514 1025]]
[[774 992]] , [[ 774 1019]]
[[ 215 1029]] , [[ 215 1033]]
[[ 218 1030]] , [[ 218 1033]]
[[ 217 1028]] , [[ 217 1031]]
[[ 778 1054]] , [[ 778 1059]]
[[ 776 1088]] , [[ 776 1099]]
[[ 207 1030]] , [[ 207 1034]]
[[ 782 1056]] , [[ 782 1083]]
[[ 209 1074]] , [[ 210 1073]]
[[ 784 1064]] , [[ 784 1077]]
[[ 216 1028]] , [[ 216 1033]]
[[ 784 1063]] , [[ 784 1077]]
[[ 778 1062]] , [[ 778 1069]]
[[ 229 1169]] , [[ 229 1173]]
[[ 229 1169]] , [[ 229 1173]]
[[ 229 1169]] , [[ 229 1173]]
[[ 784 1064]] , [[ 784 1079]]
[[ 784 1064]] , [[ 784 1069]]
[[ 214 1026]] , [[ 213 1027]]
[[ 784 1064]] , [[ 784 1075]]
[[ 216 1028]] , [[ 216 1029]]
[[ 782 1064]] , [[ 782 1069]]
[[ 230 1198]] , [[ 230 1199]]
[[ 217 1030]] , [[ 215 1032]]
[[ 528 1196]] , [[ 528 1197]]
[[ 373 1198]] , [[ 373 1199]]
[[ 373 1094]] , [[ 374 1093]]
[[ 369 1022]] , [[ 369 1026]]
[[ 214 1036]] , [[ 214 1037]]
[[ 214 1032]] , [[ 214 1037]]
[[ 753 1022]] , [[ 753 1023]]
[[ 530 1012]] , [[ 530 1013]]
[[ 752 1022]] , [[ 752 1023]]
[[ 239 1064]] , [[ 240 1063]]
[[ 372 1018]] , [[ 372 1021]]
[[ 372 1018]] , [[ 372 1019]]
[[ 758 1020]] , [[ 758 1021]]
[[ 241 1064]] , [[ 242 1063]]
[[ 232 1132]] , [[ 232 1135]]
[[ 230 1126]] , [[ 230 1130]]
[[ 528 1196]] , [[ 528 1197]]
[[ 536 1194]] , [[ 536 1195]]
[[ 236 1134]] , [[ 236 1137]]
[[ 542 1194]] , [[ 542 1195]]
[[ 380 1188]] , [[ 380 1189]]
[[ 252 1315]] , [[ 253 1314]]
[[ 230 1294]] , [[ 230 1299]]
[[ 221 1280]] , [[ 220 1281]]
[[ 530 1194]] , [[ 530 1197]]
[[ 236 1275]] , [[ 236 1281]]
[[ 750 1210]] , [[ 750 1211]]
[[ 376 1190]] , [[ 376 1191]]
[[ 201 1074]] , [[ 201 1083]]
[[ 534 1014]] , [[ 534 1015]]
[[ 760 1020]] , [[ 760 1021]]
[[ 374 1020]] , [[ 374 1021]]
[[ 199 1022]] , [[ 198 1023]]
[[ 376 1022]] , [[ 376 1023]]
[[ 372 1022]] , [[ 372 1027]]
[[ 763 1020]] , [[ 763 1021]]
[[ 376 1022]] , [[ 376 1023]]
[[ 532 1194]] , [[ 532 1195]]
[[ 374 1020]] , [[ 374 1021]]
[[ 752 1016]] , [[ 752 1023]]
[[ 532 1014]] , [[ 532 1015]]
[[ 376 1188]] , [[ 376 1189]]
[[ 532 1014]] , [[ 532 1015]]
[[ 532 1194]] , [[ 532 1195]]
[[ 372 1188]] , [[ 372 1197]]
[[ 221 1316]] , [[ 222 1315]]
[[ 372 1188]] , [[ 372 1197]]
[[ 532 1194]] , [[ 532 1195]]
[[ 530 1196]] , [[ 530 1197]]
[[ 372 1020]] , [[ 372 1021]]
[[ 372 1188]] , [[ 372 1197]]
[[ 374 1020]] , [[ 374 1021]]
[[ 275 1306]] , [[ 276 1305]]
[[ 374 1188]] , [[ 374 1189]]
[[ 374 1020]] , [[ 374 1021]]
[[ 766 1192]] , [[ 767 1191]]
[[ 371 1022]] , [[ 371 1027]]
[[ 516 1016]] , [[ 516 1019]]
[[ 372 1022]] , [[ 372 1031]]
[[ 380 1188]] , [[ 380 1189]]
[[ 372 1022]] , [[ 372 1031]]
[[ 754 1016]] , [[ 754 1019]]
[[ 754 1016]] , [[ 754 1019]]
[[ 372 1022]] , [[ 372 1031]]
[[ 754 1016]] , [[ 754 1019]]
[[ 530 1196]] , [[ 530 1197]]
[[ 754 1016]] , [[ 754 1019]]
[[ 754 1016]] , [[ 754 1019]]
[[198 934]] , [[198 941]]
[[ 755 1016]] , [[ 755 1019]]
[[ 518 1016]] , [[ 518 1019]]
[[196 958]] , [[196 979]]
[[196 958]] , [[196 979]]
[[ 384 1020]] , [[ 384 1021]]
[[ 757 1016]] , [[ 757 1019]]
[[ 284 1302]] , [[ 285 1301]]
[[ 271 1294]] , [[ 272 1293]]
[[ 284 1302]] , [[ 285 1301]]
[[ 756 1016]] , [[ 756 1019]]
[[ 384 1188]] , [[ 384 1189]]
[[ 374 1022]] , [[ 374 1023]]
[[ 756 1018]] , [[ 756 1019]]
[[ 522 1018]] , [[ 522 1019]]
[[ 382 1190]] , [[ 382 1191]]
[[ 542 1018]] , [[ 542 1019]]
[[214 928]] , [[214 939]]
[[ 516 1018]] , [[ 516 1023]]
[[ 542 1016]] , [[ 542 1017]]
[[ 542 1016]] , [[ 542 1017]]
[[ 219 1074]] , [[ 220 1073]]
[[ 217 1008]] , [[ 218 1007]]
[[ 219 1010]] , [[ 220 1009]]
[[ 217 1010]] , [[ 218 1009]]
[[194 942]] , [[194 977]]
[[ 753 1022]] , [[ 751 1024]]
[[ 752 1022]] , [[ 752 1023]]
[[ 540 1020]] , [[ 540 1021]]
[[ 756 1024]] , [[ 756 1025]]
[[ 520 1022]] , [[ 520 1023]]
[[ 382 1026]] , [[ 382 1027]]
[[ 271 1306]] , [[ 272 1305]]
[[ 373 1196]] , [[ 373 1200]]
[[ 279 1308]] , [[ 280 1307]]
[[ 279 1308]] , [[ 280 1307]]
[[ 757 1028]] , [[ 757 1029]]
[[ 380 1194]] , [[ 380 1195]]
[[ 374 1194]] , [[ 374 1195]]
[[ 368 1026]] , [[ 368 1027]]
[[ 267 1308]] , [[ 268 1307]]
[[ 744 1024]] , [[ 744 1025]]
[[ 744 1024]] , [[ 744 1025]]
[[ 732 1210]] , [[ 732 1211]]
[[ 205 1182]] , [[ 205 1185]]
[[ 518 1192]] , [[ 518 1193]]
[[ 241 1288]] , [[ 242 1287]]
[[ 520 1186]] , [[ 520 1187]]
[[ 264 1294]] , [[ 265 1293]]
[[ 259 1293]] , [[ 260 1292]]
[[ 198 1014]] , [[ 198 1019]]
[[ 518 1190]] , [[ 518 1191]]
[[ 526 1190]] , [[ 526 1191]]
[[ 742 1014]] , [[ 742 1015]]
[[ 186 1054]] , [[ 186 1077]]
[[ 358 1016]] , [[ 358 1023]]
[[ 360 1184]] , [[ 360 1191]]
[[ 204 1190]] , [[ 204 1195]]
[[ 224 1141]] , [[ 224 1147]]
[[ 358 1186]] , [[ 358 1201]]
[[ 360 1186]] , [[ 360 1187]]
[[ 518 1192]] , [[ 518 1193]]
[[ 516 1192]] , [[ 516 1193]]
[[ 738 1214]] , [[ 738 1215]]
[[ 516 1192]] , [[ 516 1193]]
[[ 357 1204]] , [[ 357 1211]]
[[ 740 1168]] , [[ 740 1172]]
[[ 736 1152]] , [[ 736 1195]]
[[ 760 1038]] , [[ 760 1048]]
[[ 762 1036]] , [[ 762 1037]]
[[ 267 1060]] , [[ 268 1059]]
[[ 267 1060]] , [[ 268 1059]]
[[ 560 1040]] , [[ 560 1041]]
[[ 186 1022]] , [[ 186 1023]]
[[ 213 1076]] , [[ 214 1075]]
[[ 360 1190]] , [[ 360 1191]]
[[ 212 1186]] , [[ 212 1187]]
[[ 358 1192]] , [[ 358 1203]]
[[ 200 1020]] , [[ 200 1021]]
[[ 211 1060]] , [[ 212 1059]]
[[ 227 1056]] , [[ 228 1055]]
[[ 227 1056]] , [[ 228 1055]]
[[ 235 1064]] , [[ 236 1063]]
[[ 235 1064]] , [[ 236 1063]]
[[ 227 1056]] , [[ 228 1055]]
[[ 233 1064]] , [[ 234 1063]]
[[ 213 1064]] , [[ 214 1063]]
[[ 194 1020]] , [[ 194 1023]]
[[ 271 1056]] , [[ 272 1055]]
[[ 202 1160]] , [[ 202 1165]]
[[ 245 1056]] , [[ 246 1055]]
[[ 235 1056]] , [[ 236 1055]]
[[ 516 1014]] , [[ 516 1015]]
[[ 235 1056]] , [[ 236 1055]]
[[ 512 1012]] , [[ 512 1013]]
[[ 231 1056]] , [[ 232 1055]]
[[ 223 1064]] , [[ 224 1063]]
[[ 223 1064]] , [[ 224 1063]]
[[ 221 1060]] , [[ 222 1059]]
[[ 500 1014]] , [[ 500 1035]]
[[ 360 1196]] , [[ 360 1197]]
[[ 204 1192]] , [[ 204 1197]]
[[ 215 1062]] , [[ 216 1061]]
[[ 282 1296]] , [[ 283 1295]]
[[ 208 1196]] , [[ 208 1200]]
[[ 208 1196]] , [[ 208 1201]]
[[ 212 1169]] , [[ 212 1173]]
[[ 184 1028]] , [[ 184 1073]]
[[ 209 1060]] , [[ 210 1059]]
[[ 215 1062]] , [[ 216 1061]]
[[ 213 1062]] , [[ 214 1061]]
[[ 225 1312]] , [[ 226 1311]]
[[ 215 1062]] , [[ 216 1061]]
[[ 215 1062]] , [[ 216 1061]]
[[ 215 1062]] , [[ 216 1061]]
[[ 508 1012]] , [[ 508 1013]]
[[ 508 1012]] , [[ 508 1013]]
[[ 217 1068]] , [[ 218 1067]]
[[ 219 1062]] , [[ 220 1061]]
[[ 219 1066]] , [[ 220 1065]]
[[ 366 1196]] , [[ 366 1197]]
[[ 366 1196]] , [[ 366 1197]]
[[ 366 1196]] , [[ 366 1197]]
[[ 186 1026]] , [[ 186 1027]]
[[ 192 1026]] , [[ 192 1027]]
[[ 192 1026]] , [[ 192 1027]]
[[ 508 1014]] , [[ 508 1015]]
[[ 219 1322]] , [[ 220 1321]]
[[ 370 1196]] , [[ 370 1197]]
[[ 207 1194]] , [[ 207 1197]]
[[ 192 1026]] , [[ 192 1027]]
[[ 370 1196]] , [[ 370 1197]]
[[ 193 1034]] , [[ 194 1033]]
[[ 193 1034]] , [[ 194 1033]]
[[ 510 1012]] , [[ 510 1013]]
[[ 184 1024]] , [[ 184 1039]]
[[200 990]] , [[200 995]]
[[ 516 1016]] , [[ 516 1017]]
[[192 936]] , [[192 945]]
[[ 362 1024]] , [[ 362 1025]]
[[ 530 1028]] , [[ 530 1029]]
[[ 510 1032]] , [[ 510 1035]]
[[ 199 1038]] , [[ 199 1039]]
[[ 528 1212]] , [[ 528 1213]]
[[198 946]] , [[198 949]]
[[ 374 1024]] , [[ 374 1025]]
[[ 372 1024]] , [[ 372 1025]]
[[ 212 1038]] , [[ 212 1039]]
[[ 215 1052]] , [[ 216 1051]]
[[ 372 1018]] , [[ 372 1019]]
[[ 215 1058]] , [[ 216 1057]]
[[ 231 1076]] , [[ 232 1075]]
[[ 229 1076]] , [[ 230 1075]]
[[ 212 1036]] , [[ 212 1037]]
[[ 233 1076]] , [[ 234 1075]]
[[ 540 1016]] , [[ 540 1017]]
[[ 236 1196]] , [[ 236 1197]]
[[ 202 1030]] , [[ 202 1031]]
[[ 201 1032]] , [[ 201 1033]]
[[ 238 1196]] , [[ 238 1197]]
[[ 201 1032]] , [[ 201 1033]]
[[200 920]] , [[200 927]]
[[220 996]] , [[ 220 1001]]
[[220 996]] , [[ 220 1003]]
[[ 719 1069]] , [[ 720 1068]]
[[ 277 1074]] , [[ 278 1073]]
[[ 257 1076]] , [[ 258 1075]]
[[ 225 1078]] , [[ 226 1077]]
[[216 926]] , [[216 927]]
[[ 202 1030]] , [[ 202 1033]]
[[ 257 1068]] , [[ 258 1067]]
[[ 206 1030]] , [[ 206 1031]]
[[ 203 1030]] , [[ 203 1031]]
[[ 217 1374]] , [[ 218 1373]]
[[ 780 1046]] , [[ 780 1047]]
[[ 780 1054]] , [[ 780 1075]]
[[ 206 1030]] , [[ 206 1033]]
[[ 756 1134]] , [[ 756 1135]]
[[ 232 1200]] , [[ 232 1201]]
[[ 774 1252]] , [[ 774 1263]]
[[ 754 1242]] , [[ 754 1243]]
[[ 750 1222]] , [[ 750 1228]]
[[ 374 1198]] , [[ 374 1205]]
[[ 530 1198]] , [[ 530 1199]]
[[ 374 1198]] , [[ 374 1201]]
[[ 376 1196]] , [[ 376 1197]]
[[ 374 1196]] , [[ 374 1201]]
[[ 751 1022]] , [[ 751 1025]]
[[ 222 1044]] , [[ 222 1049]]
[[ 227 1327]] , [[ 228 1326]]
[[ 754 1022]] , [[ 754 1027]]
[[ 370 1194]] , [[ 370 1199]]
[[ 774 1264]] , [[ 774 1271]]
[[ 756 1024]] , [[ 756 1025]]
[[ 234 1118]] , [[ 234 1121]]
[[ 768 1024]] , [[ 768 1027]]
[[ 234 1118]] , [[ 234 1145]]
[[ 376 1190]] , [[ 376 1191]]
[[ 236 1134]] , [[ 236 1151]]
[[ 374 1188]] , [[ 374 1189]]
[[ 373 1190]] , [[ 373 1201]]
[[ 240 1202]] , [[ 240 1203]]
[[ 240 1202]] , [[ 240 1205]]
[[ 550 1196]] , [[ 550 1197]]
[[ 550 1196]] , [[ 550 1197]]
[[ 377 1190]] , [[ 377 1193]]
[[ 240 1204]] , [[ 240 1207]]
[[ 530 1196]] , [[ 530 1197]]
[[ 530 1196]] , [[ 530 1197]]
[[ 528 1196]] , [[ 528 1197]]
[[ 528 1196]] , [[ 528 1197]]
[[ 528 1196]] , [[ 528 1197]]
[[ 234 1204]] , [[ 234 1209]]
[[ 240 1206]] , [[ 240 1213]]
[[ 528 1196]] , [[ 528 1197]]
[[ 374 1188]] , [[ 374 1189]]
[[ 376 1188]] , [[ 376 1189]]
[[ 238 1132]] , [[ 238 1143]]
[[ 235 1142]] , [[ 236 1141]]
[[ 235 1142]] , [[ 236 1141]]
[[ 254 1088]] , [[ 254 1097]]
[[ 254 1088]] , [[ 254 1097]]
[[ 230 1130]] , [[ 230 1135]]
[[ 238 1132]] , [[ 238 1139]]
[[ 230 1146]] , [[ 230 1151]]
[[ 240 1144]] , [[ 240 1149]]
[[ 240 1144]] , [[ 240 1149]]
[[ 240 1144]] , [[ 240 1149]]
[[ 238 1132]] , [[ 238 1139]]
[[ 382 1186]] , [[ 382 1187]]
[[ 382 1188]] , [[ 382 1189]]
[[ 382 1188]] , [[ 382 1189]]
[[ 530 1194]] , [[ 530 1195]]
[[ 240 1208]] , [[ 240 1209]]
[[ 236 1112]] , [[ 236 1117]]
[[ 746 1212]] , [[ 746 1213]]
[[ 544 1198]] , [[ 544 1199]]
[[ 234 1226]] , [[ 234 1229]]
[[ 238 1210]] , [[ 238 1215]]
[[ 230 1156]] , [[ 229 1157]]
[[ 230 1156]] , [[ 229 1157]]
[[ 382 1188]] , [[ 382 1189]]
[[ 238 1104]] , [[ 238 1105]]
[[ 236 1102]] , [[ 236 1117]]
[[ 376 1182]] , [[ 376 1183]]
[[ 240 1138]] , [[ 240 1151]]
[[ 222 1094]] , [[ 222 1103]]
[[ 218 1094]] , [[ 218 1105]]
[[ 234 1120]] , [[ 234 1135]]
[[ 232 1066]] , [[ 232 1073]]
[[ 208 1104]] , [[ 208 1111]]
[[ 206 1088]] , [[ 206 1100]]
[[ 208 1048]] , [[ 208 1055]]
[[ 208 1044]] , [[ 208 1053]]
[[ 218 1058]] , [[ 218 1063]]
[[ 204 1024]] , [[ 204 1035]]
[[ 362 1194]] , [[ 362 1199]]
[[ 215 1190]] , [[ 215 1191]]
[[ 223 1144]] , [[ 224 1143]]
[[ 216 1102]] , [[ 216 1103]]
[[ 258 1056]] , [[ 258 1061]]
[[ 306 1050]] , [[ 306 1051]]
[[ 246 1062]] , [[ 246 1067]]
[[ 207 1198]] , [[ 207 1199]]
[[ 511 1150]] , [[ 511 1151]]
[[ 224 1058]] , [[ 224 1065]]
[[ 281 1052]] , [[ 281 1053]]
[[ 184 1064]] , [[ 184 1069]]
[[ 184 1062]] , [[ 184 1067]]
[[ 214 1098]] , [[ 214 1103]]
[[ 190 1086]] , [[ 190 1091]]
[[ 191 1096]] , [[ 191 1100]]
[[ 220 1086]] , [[ 220 1091]]
[[ 220 1086]] , [[ 220 1093]]
[[ 220 1088]] , [[ 220 1093]]
[[ 238 1084]] , [[ 238 1089]]
[[ 250 1078]] , [[ 250 1087]]
[[ 250 1078]] , [[ 250 1087]]
[[ 254 1080]] , [[ 254 1085]]
[[ 240 1084]] , [[ 240 1089]]
[[ 204 1070]] , [[ 204 1071]]
[[ 186 1078]] , [[ 186 1085]]
[[ 204 1070]] , [[ 204 1071]]
[[ 186 1080]] , [[ 186 1085]]
[[ 186 1080]] , [[ 186 1085]]
[[ 186 1080]] , [[ 186 1085]]
[[ 230 1064]] , [[ 230 1065]]
[[ 186 1080]] , [[ 186 1085]]
[[ 254 1082]] , [[ 254 1087]]
[[ 186 1080]] , [[ 186 1085]]
[[ 186 1062]] , [[ 186 1069]]
[[ 267 1060]] , [[ 267 1061]]
[[ 268 1060]] , [[ 268 1063]]
[[ 232 1068]] , [[ 232 1075]]
[[ 272 1062]] , [[ 272 1063]]
[[ 194 1060]] , [[ 194 1069]]
[[ 201 1082]] , [[ 201 1087]]
[[ 214 1070]] , [[ 214 1071]]
[[ 212 1074]] , [[ 212 1079]]
[[ 216 1138]] , [[ 216 1147]]
[[ 298 1047]] , [[ 297 1048]]
[[ 244 1050]] , [[ 244 1055]]
[[ 242 1126]] , [[ 242 1133]]
[[ 229 1146]] , [[ 230 1145]]
[[ 210 1072]] , [[ 210 1077]]
[[ 200 1062]] , [[ 200 1071]]
[[ 245 1049]] , [[ 244 1050]]
[[ 208 1072]] , [[ 208 1079]]
[[ 216 1064]] , [[ 216 1067]]
[[ 242 1072]] , [[ 242 1083]]
[[ 238 1190]] , [[ 238 1191]]
[[ 242 1090]] , [[ 242 1091]]
[[ 242 1092]] , [[ 242 1093]]
[[ 236 1168]] , [[ 236 1173]]
[[ 242 1094]] , [[ 242 1095]]
[[ 228 1172]] , [[ 227 1173]]
[[ 222 1070]] , [[ 222 1089]]
[[ 226 1070]] , [[ 226 1077]]
[[ 242 1058]] , [[ 242 1063]]
[[ 530 1196]] , [[ 530 1197]]
[[ 240 1154]] , [[ 240 1161]]
[[ 240 1120]] , [[ 240 1123]]
[[ 199 1032]] , [[ 199 1036]]
[[ 374 1012]] , [[ 374 1013]]
[[ 374 1014]] , [[ 374 1015]]
[[ 392 1014]] , [[ 392 1015]]
[[ 378 1016]] , [[ 378 1017]]
[[ 772 1014]] , [[ 772 1015]]
[[ 546 1014]] , [[ 546 1015]]
[[ 374 1020]] , [[ 374 1023]]
[[ 210 1094]] , [[ 210 1095]]
[[ 741 1298]] , [[ 742 1297]]
[[ 206 1022]] , [[ 206 1053]]
[[ 747 1202]] , [[ 747 1205]]
[[ 766 1014]] , [[ 766 1015]]
[[ 241 1226]] , [[ 242 1225]]
[[ 234 1150]] , [[ 234 1167]]
[[ 239 1202]] , [[ 240 1201]]
[[ 239 1284]] , [[ 240 1283]]
[[ 261 1312]] , [[ 262 1311]]
[[ 230 1122]] , [[ 230 1129]]
[[ 388 1184]] , [[ 388 1185]]
[[ 373 1186]] , [[ 373 1187]]
[[ 230 1144]] , [[ 230 1151]]
[[ 534 1186]] , [[ 534 1187]]
[[ 374 1186]] , [[ 374 1187]]
[[ 208 1110]] , [[ 208 1115]]
