[[289 174]] , [[290 173]]
[[752 514]] , [[752 515]]
[[819 536]] , [[820 535]]
[[474 520]] , [[474 529]]
[[750 516]] , [[750 517]]
[[304 542]] , [[304 543]]
[[474 520]] , [[474 529]]
[[763 714]] , [[761 716]]
[[512 518]] , [[512 525]]
[[305 542]] , [[305 543]]
[[475 520]] , [[475 529]]
[[480 540]] , [[480 541]]
[[376 516]] , [[376 523]]
[[475 520]] , [[475 529]]
[[486 518]] , [[486 523]]
[[512 518]] , [[512 525]]
[[512 518]] , [[512 525]]
[[304 540]] , [[304 541]]
[[474 520]] , [[474 525]]
[[802 710]] , [[802 714]]
[[512 518]] , [[512 525]]
[[763 712]] , [[761 714]]
[[802 514]] , [[802 515]]
[[802 514]] , [[802 515]]
[[804 514]] , [[804 515]]
[[680 866]] , [[680 871]]
[[476 518]] , [[476 519]]
[[482 710]] , [[482 719]]
[[300 540]] , [[300 545]]
[[662 712]] , [[662 714]]
[[662 828]] , [[662 841]]
[[722 718]] , [[721 719]]
[[650 692]] , [[650 721]]
[[722 718]] , [[721 719]]
[[284 548]] , [[284 549]]
[[470 688]] , [[470 703]]
[[284 546]] , [[284 547]]
[[652 646]] , [[652 647]]
[[846 558]] , [[846 559]]
[[652 715]] , [[653 714]]
[[759 712]] , [[756 715]]
[[458 723]] , [[458 729]]
[[838 736]] , [[838 741]]
[[465 695]] , [[464 696]]
[[838 520]] , [[838 525]]
[[464 670]] , [[464 702]]
[[470 706]] , [[470 711]]
[[719 718]] , [[718 719]]
[[654 630]] , [[654 631]]
[[482 786]] , [[482 791]]
[[358 750]] , [[358 755]]
[[466 820]] , [[466 833]]
[[482 786]] , [[482 791]]
[[466 812]] , [[466 849]]
[[824 542]] , [[824 546]]
[[656 772]] , [[656 781]]
[[356 750]] , [[356 755]]
[[466 804]] , [[466 809]]
[[482 786]] , [[482 790]]
[[482 786]] , [[482 790]]
[[464 670]] , [[464 689]]
[[483 786]] , [[483 791]]
[[650 636]] , [[650 637]]
[[650 636]] , [[650 637]]
[[464 672]] , [[464 689]]
[[650 632]] , [[650 635]]
[[656 778]] , [[656 779]]
[[485 780]] , [[485 781]]
[[656 782]] , [[656 786]]
[[482 782]] , [[482 787]]
[[464 664]] , [[464 669]]
[[720 718]] , [[720 723]]
[[466 622]] , [[466 631]]
[[672 924]] , [[672 955]]
[[484 872]] , [[484 873]]
[[484 872]] , [[484 874]]
[[464 664]] , [[464 685]]
[[462 784]] , [[462 791]]
[[464 678]] , [[464 689]]
[[657 778]] , [[657 779]]
[[464 678]] , [[464 689]]
[[654 632]] , [[654 635]]
[[283 547]] , [[282 548]]
[[655 780]] , [[654 781]]
[[466 622]] , [[466 627]]
[[464 664]] , [[464 667]]
[[646 636]] , [[646 655]]
[[482 786]] , [[482 790]]
[[302 538]] , [[302 539]]
[[485 781]] , [[485 785]]
[[466 664]] , [[466 665]]
[[290 712]] , [[290 717]]
[[290 712]] , [[290 717]]
[[484 872]] , [[484 877]]
[[466 664]] , [[466 665]]
[[482 786]] , [[482 790]]
[[466 792]] , [[466 799]]
[[656 782]] , [[656 797]]
[[466 664]] , [[466 665]]
[[458 640]] , [[458 645]]
[[483 768]] , [[483 774]]
[[458 640]] , [[458 645]]
[[458 640]] , [[458 645]]
[[671 856]] , [[672 855]]
[[650 632]] , [[650 633]]
[[656 784]] , [[656 797]]
[[458 640]] , [[458 645]]
[[302 538]] , [[302 539]]
[[522 528]] , [[522 533]]
[[474 688]] , [[474 701]]
[[484 790]] , [[484 794]]
[[302 538]] , [[302 539]]
[[483 801]] , [[483 805]]
[[652 784]] , [[652 793]]
[[466 676]] , [[466 681]]
[[486 870]] , [[486 871]]
[[654 784]] , [[654 831]]
[[485 790]] , [[485 795]]
[[468 666]] , [[468 673]]
[[654 784]] , [[654 793]]
[[466 804]] , [[466 813]]
[[847 576]] , [[848 575]]
[[840 533]] , [[840 541]]
[[752 514]] , [[752 515]]
[[478 526]] , [[478 541]]
[[319 750]] , [[318 751]]
[[518 520]] , [[518 525]]
[[844 804]] , [[844 831]]
[[841 570]] , [[842 569]]
[[308 544]] , [[308 551]]
[[654 656]] , [[654 667]]
[[652 768]] , [[652 777]]
[[652 768]] , [[652 775]]
[[658 798]] , [[658 799]]
[[282 546]] , [[282 548]]
[[678 954]] , [[678 973]]
[[768 708]] , [[768 709]]
[[768 708]] , [[768 709]]
[[282 546]] , [[282 559]]
[[475 533]] , [[473 535]]
[[681 864]] , [[680 865]]
[[782 710]] , [[782 717]]
[[ 496 1020]] , [[ 496 1021]]
[[764 710]] , [[764 711]]
[[ 703 1001]] , [[ 702 1002]]
[[786 708]] , [[786 709]]
[[ 834 1006]] , [[ 834 1007]]
[[ 708 1010]] , [[ 708 1021]]
[[304 536]] , [[302 538]]
[[473 540]] , [[473 541]]
[[456 542]] , [[456 557]]
[[822 700]] , [[822 701]]
[[830 534]] , [[830 541]]
[[848 558]] , [[848 559]]
[[480 534]] , [[480 535]]
[[848 550]] , [[848 555]]
[[486 514]] , [[486 515]]
[[818 698]] , [[818 699]]
[[842 560]] , [[842 561]]
[[832 942]] , [[832 943]]
[[832 696]] , [[832 697]]
[[836 694]] , [[836 695]]
[[293 708]] , [[293 713]]
[[ 554 1615]] , [[ 554 1619]]
[[838 784]] , [[838 792]]
[[ 792 1612]] , [[ 792 1616]]
[[470 867]] , [[470 871]]
[[468 866]] , [[468 869]]
[[839 778]] , [[839 781]]
[[685 990]] , [[686 989]]
[[486 782]] , [[486 789]]
[[656 790]] , [[656 805]]
[[320 744]] , [[320 745]]
[[486 798]] , [[486 807]]
[[834 772]] , [[834 779]]
[[654 780]] , [[654 789]]
[[486 776]] , [[486 783]]
[[468 866]] , [[468 871]]
[[486 800]] , [[486 807]]
[[320 904]] , [[320 909]]
[[320 904]] , [[320 909]]
[[466 809]] , [[466 815]]
[[654 780]] , [[654 825]]
[[839 924]] , [[839 925]]
[[486 776]] , [[486 807]]
[[674 928]] , [[674 931]]
[[838 928]] , [[838 929]]
[[835 774]] , [[835 778]]
[[837 774]] , [[837 778]]
[[468 809]] , [[468 813]]
[[674 928]] , [[674 953]]
[[472 896]] , [[472 900]]
[[836 778]] , [[836 783]]
[[674 926]] , [[674 953]]
[[836 778]] , [[836 783]]
[[473 896]] , [[473 901]]
[[654 760]] , [[654 767]]
[[484 768]] , [[484 772]]
[[468 768]] , [[468 785]]
[[839 922]] , [[839 926]]
[[468 772]] , [[468 775]]
[[ 734 1611]] , [[ 734 1615]]
[[654 760]] , [[654 767]]
[[ 496 1012]] , [[ 496 1013]]
[[ 304 1046]] , [[ 304 1051]]
[[ 486 1006]] , [[ 486 1011]]
[[834 928]] , [[834 935]]
[[470 846]] , [[470 847]]
[[323 742]] , [[322 743]]
[[323 742]] , [[322 743]]
[[485 774]] , [[485 782]]
[[658 784]] , [[658 795]]
[[296 692]] , [[296 699]]
[[817 868]] , [[816 869]]
[[ 682 1004]] , [[ 682 1005]]
[[760 714]] , [[760 721]]
[[470 698]] , [[470 699]]
[[470 698]] , [[470 699]]
[[838 684]] , [[838 688]]
[[294 710]] , [[294 714]]
[[308 750]] , [[308 751]]
[[834 801]] , [[834 811]]
[[287 545]] , [[286 546]]
[[361 749]] , [[361 753]]
[[728 716]] , [[728 720]]
[[762 712]] , [[762 713]]
[[502 514]] , [[502 515]]
[[476 526]] , [[476 533]]
[[514 516]] , [[514 517]]
[[466 786]] , [[466 793]]
[[466 786]] , [[466 793]]
[[ 708 1016]] , [[ 708 1019]]
[[820 718]] , [[820 719]]
[[ 826 1008]] , [[ 826 1009]]
[[856 582]] , [[856 591]]
[[680 942]] , [[680 951]]
[[680 856]] , [[680 861]]
[[676 962]] , [[676 971]]
[[662 848]] , [[662 851]]
[[836 768]] , [[836 795]]
[[668 928]] , [[668 939]]
[[838 952]] , [[838 969]]
[[841 568]] , [[842 567]]
[[644 630]] , [[644 635]]
[[823 714]] , [[824 713]]
[[618 734]] , [[618 739]]
[[464 656]] , [[464 665]]
[[650 782]] , [[650 787]]
[[464 656]] , [[464 665]]
[[483 792]] , [[483 793]]
[[ 768 1611]] , [[ 767 1612]]
[[ 768 1611]] , [[ 767 1612]]
[[483 792]] , [[483 794]]
[[478 866]] , [[478 871]]
[[472 842]] , [[472 849]]
[[478 866]] , [[478 871]]
[[464 802]] , [[464 827]]
[[483 876]] , [[483 881]]
[[648 628]] , [[648 629]]
[[460 638]] , [[460 643]]
[[483 792]] , [[483 799]]
[[650 770]] , [[650 774]]
[[458 630]] , [[458 639]]
[[458 630]] , [[458 641]]
[[464 640]] , [[464 645]]
[[648 628]] , [[648 629]]
[[838 536]] , [[838 541]]
[[300 540]] , [[300 541]]
[[838 536]] , [[838 541]]
[[481 768]] , [[481 775]]
[[300 540]] , [[300 541]]
[[838 536]] , [[838 541]]
[[838 536]] , [[838 541]]
[[646 618]] , [[646 627]]
[[470 532]] , [[470 542]]
[[282 546]] , [[282 547]]
[[841 964]] , [[842 963]]
[[471 541]] , [[468 544]]
[[464 640]] , [[464 645]]
[[465 809]] , [[464 810]]
[[465 639]] , [[464 640]]
[[647 628]] , [[647 633]]
[[480 772]] , [[480 787]]
[[670 924]] , [[670 931]]
[[286 713]] , [[286 717]]
[[286 713]] , [[286 717]]
[[302 539]] , [[302 547]]
[[458 632]] , [[458 639]]
[[648 628]] , [[648 629]]
[[612 726]] , [[612 731]]
[[612 726]] , [[612 731]]
[[652 784]] , [[652 791]]
[[460 648]] , [[460 653]]
[[460 648]] , [[460 653]]
[[648 628]] , [[648 629]]
[[448 534]] , [[448 539]]
[[448 534]] , [[448 539]]
[[458 640]] , [[458 645]]
[[298 538]] , [[298 546]]
[[550 728]] , [[550 733]]
[[644 618]] , [[644 623]]
[[466 813]] , [[466 823]]
[[465 654]] , [[465 656]]
[[470 532]] , [[470 533]]
[[298 538]] , [[298 546]]
[[450 531]] , [[449 532]]
[[298 538]] , [[298 547]]
[[466 660]] , [[466 669]]
[[298 538]] , [[298 546]]
[[650 780]] , [[650 807]]
[[470 854]] , [[470 859]]
[[730 876]] , [[730 893]]
[[458 710]] , [[458 717]]
[[470 862]] , [[470 863]]
[[470 854]] , [[470 859]]
[[464 801]] , [[464 845]]
[[672 926]] , [[672 935]]
[[646 618]] , [[646 623]]
[[300 540]] , [[300 541]]
[[465 654]] , [[464 655]]
[[464 807]] , [[464 829]]
[[674 946]] , [[674 947]]
[[464 807]] , [[464 813]]
[[464 638]] , [[464 647]]
[[301 543]] , [[301 547]]
[[305 542]] , [[304 543]]
[[287 545]] , [[285 547]]
[[654 630]] , [[654 633]]
[[286 546]] , [[286 547]]
[[ 334 1624]] , [[ 334 1629]]
[[486 782]] , [[486 797]]
[[468 684]] , [[468 685]]
[[652 634]] , [[652 635]]
[[660 774]] , [[660 775]]
[[486 772]] , [[486 777]]
[[ 494 1008]] , [[ 493 1009]]
[[675 828]] , [[676 827]]
[[489 798]] , [[489 804]]
[[656 773]] , [[656 777]]
[[676 829]] , [[677 828]]
[[470 644]] , [[470 651]]
[[296 702]] , [[296 707]]
[[484 762]] , [[484 767]]
[[472 850]] , [[472 851]]
[[472 850]] , [[472 851]]
[[294 674]] , [[294 687]]
[[656 768]] , [[656 777]]
[[656 768]] , [[656 777]]
[[472 630]] , [[472 637]]
[[470 830]] , [[470 839]]
[[486 766]] , [[486 771]]
[[486 766]] , [[486 777]]
[[469 802]] , [[469 803]]
[[658 798]] , [[658 805]]
[[656 786]] , [[656 791]]
[[694 722]] , [[694 727]]
[[650 638]] , [[650 641]]
[[478 708]] , [[478 717]]
[[284 550]] , [[284 558]]
[[470 702]] , [[470 711]]
[[470 702]] , [[470 711]]
[[844 768]] , [[844 775]]
[[834 694]] , [[834 705]]
[[656 782]] , [[656 785]]
[[846 768]] , [[846 775]]
[[658 804]] , [[658 805]]
[[284 548]] , [[284 549]]
[[782 710]] , [[782 711]]
[[705 722]] , [[704 723]]
[[286 546]] , [[286 547]]
[[480 526]] , [[480 531]]
[[520 520]] , [[520 525]]
[[667 530]] , [[668 529]]
[[464 540]] , [[465 539]]
[[476 514]] , [[476 519]]
[[835 528]] , [[836 527]]
[[835 528]] , [[836 527]]
[[306 536]] , [[306 537]]
[[768 514]] , [[768 515]]
[[835 528]] , [[836 527]]
[[768 514]] , [[768 515]]
[[835 528]] , [[836 527]]
[[835 528]] , [[836 527]]
[[768 514]] , [[768 515]]
[[815 522]] , [[816 521]]
[[832 694]] , [[832 695]]
[[842 562]] , [[842 563]]
[[832 688]] , [[832 691]]
[[288 720]] , [[288 727]]
[[832 800]] , [[832 813]]
[[468 784]] , [[468 799]]
[[830 782]] , [[830 817]]
[[318 750]] , [[318 755]]
[[840 926]] , [[840 927]]
[[658 790]] , [[658 801]]
[[658 790]] , [[658 849]]
[[658 790]] , [[658 849]]
[[470 810]] , [[470 817]]
[[832 782]] , [[832 787]]
[[488 768]] , [[488 781]]
[[836 788]] , [[836 791]]
[[ 474 1001]] , [[ 474 1005]]
[[841 978]] , [[842 977]]
[[838 924]] , [[838 925]]
[[841 978]] , [[842 977]]
[[840 924]] , [[840 927]]
[[838 876]] , [[838 881]]
[[832 790]] , [[832 791]]
[[840 776]] , [[840 781]]
[[841 980]] , [[842 979]]
[[470 810]] , [[470 813]]
[[673 928]] , [[673 935]]
[[470 810]] , [[470 813]]
[[ 492 1004]] , [[ 492 1009]]
[[674 928]] , [[674 941]]
[[ 474 1000]] , [[ 474 1009]]
[[471 865]] , [[471 869]]
[[ 653 1612]] , [[ 652 1613]]
[[296 888]] , [[296 894]]
[[ 502 1010]] , [[ 502 1011]]
[[ 782 1610]] , [[ 782 1615]]
[[ 502 1018]] , [[ 502 1023]]
[[676 926]] , [[676 927]]
[[498 993]] , [[498 999]]
[[468 832]] , [[468 847]]
[[498 993]] , [[498 999]]
[[330 896]] , [[330 901]]
[[836 926]] , [[836 927]]
[[473 864]] , [[472 865]]
[[ 297 1044]] , [[ 296 1045]]
[[840 772]] , [[840 773]]
[[469 810]] , [[469 813]]
[[469 810]] , [[469 811]]
[[835 862]] , [[836 861]]
[[318 742]] , [[318 743]]
[[470 784]] , [[470 791]]
[[839 820]] , [[840 819]]
[[840 782]] , [[840 783]]
[[840 782]] , [[840 783]]
[[470 830]] , [[470 831]]
[[656 760]] , [[656 761]]
[[ 691 1012]] , [[ 692 1011]]
[[840 924]] , [[840 925]]
[[336 895]] , [[336 903]]
[[470 820]] , [[470 825]]
[[470 820]] , [[470 825]]
[[328 905]] , [[327 906]]
[[676 932]] , [[676 943]]
[[816 886]] , [[816 891]]
[[840 784]] , [[840 793]]
[[837 996]] , [[838 995]]
[[328 904]] , [[328 911]]
[[344 746]] , [[344 750]]
[[334 743]] , [[334 745]]
[[840 926]] , [[840 927]]
[[672 896]] , [[672 901]]
[[836 768]] , [[836 779]]
[[320 905]] , [[319 906]]
[[846 798]] , [[846 799]]
[[836 922]] , [[836 925]]
[[312 906]] , [[312 910]]
[[ 688 1004]] , [[ 688 1010]]
[[ 689 1018]] , [[ 690 1017]]
[[ 689 1018]] , [[ 690 1017]]
[[836 768]] , [[836 777]]
[[662 832]] , [[662 847]]
[[836 768]] , [[836 777]]
[[838 924]] , [[838 925]]
[[837 762]] , [[837 766]]
[[837 762]] , [[837 766]]
[[840 766]] , [[840 767]]
[[840 766]] , [[840 767]]
[[290 888]] , [[290 895]]
[[ 834 1012]] , [[ 834 1013]]
[[290 888]] , [[289 889]]
[[814 872]] , [[814 873]]
[[820 870]] , [[820 875]]
[[ 682 1010]] , [[ 682 1012]]
[[ 688 1006]] , [[ 688 1007]]
[[312 903]] , [[312 909]]
[[326 742]] , [[326 743]]
[[ 687 1018]] , [[ 688 1017]]
[[289 887]] , [[289 888]]
[[838 984]] , [[838 987]]
[[838 982]] , [[838 989]]
[[ 685 1020]] , [[ 686 1019]]
[[839 978]] , [[839 979]]
[[686 988]] , [[686 989]]
[[290 888]] , [[290 889]]
[[ 705 1012]] , [[ 706 1011]]
[[304 750]] , [[304 755]]
[[842 970]] , [[842 971]]
[[370 744]] , [[370 749]]
[[680 863]] , [[680 867]]
[[326 744]] , [[326 745]]
[[735 880]] , [[735 885]]
[[522 738]] , [[522 739]]
[[312 754]] , [[312 758]]
[[502 740]] , [[502 747]]
[[320 746]] , [[320 751]]
[[502 734]] , [[502 739]]
[[835 764]] , [[835 769]]
[[318 744]] , [[318 745]]
[[500 740]] , [[500 748]]
[[834 740]] , [[834 751]]
[[834 756]] , [[834 760]]
[[500 741]] , [[499 742]]
[[836 814]] , [[836 825]]
[[836 758]] , [[836 765]]
[[834 748]] , [[834 753]]
[[662 850]] , [[662 857]]
[[662 870]] , [[662 881]]
[[810 862]] , [[810 863]]
[[464 892]] , [[464 897]]
[[810 862]] , [[810 863]]
[[460 892]] , [[460 897]]
[[720 878]] , [[720 883]]
[[678 866]] , [[678 867]]
[[670 856]] , [[670 857]]
[[670 878]] , [[670 887]]
[[672 856]] , [[671 857]]
[[840 878]] , [[840 879]]
[[808 862]] , [[808 863]]
[[472 952]] , [[472 959]]
[[ 496 1019]] , [[ 496 1023]]
[[835 958]] , [[835 965]]
[[662 860]] , [[662 871]]
[[321 745]] , [[320 746]]
[[648 604]] , [[648 605]]
[[648 708]] , [[648 709]]
[[344 744]] , [[344 749]]
[[844 852]] , [[844 853]]
[[646 710]] , [[646 713]]
[[662 862]] , [[662 873]]
[[465 556]] , [[464 557]]
[[776 710]] , [[776 711]]
[[648 646]] , [[648 653]]
[[665 862]] , [[664 863]]
[[642 728]] , [[642 729]]
[[602 728]] , [[602 733]]
[[628 730]] , [[628 735]]
[[774 716]] , [[774 723]]
[[282 551]] , [[282 557]]
[[458 576]] , [[458 577]]
[[472 694]] , [[472 695]]
[[464 670]] , [[464 675]]
[[674 920]] , [[674 921]]
[[658 782]] , [[658 797]]
[[462 670]] , [[462 675]]
[[462 668]] , [[462 673]]
[[654 782]] , [[654 787]]
[[654 782]] , [[654 787]]
[[656 776]] , [[656 780]]
[[466 789]] , [[466 794]]
[[290 704]] , [[290 711]]
[[469 870]] , [[469 877]]
[[752 514]] , [[752 515]]
[[819 536]] , [[820 535]]
[[474 520]] , [[474 529]]
[[750 516]] , [[750 517]]
[[304 542]] , [[304 543]]
[[474 520]] , [[474 529]]
[[763 714]] , [[761 716]]
[[512 518]] , [[512 525]]
[[305 542]] , [[305 543]]
[[475 520]] , [[475 529]]
[[480 540]] , [[480 541]]
[[376 516]] , [[376 523]]
[[475 520]] , [[475 529]]
[[486 518]] , [[486 523]]
[[512 518]] , [[512 525]]
[[512 518]] , [[512 525]]
[[304 540]] , [[304 541]]
[[474 520]] , [[474 525]]
[[802 710]] , [[802 714]]
[[512 518]] , [[512 525]]
[[763 712]] , [[761 714]]
[[802 514]] , [[802 515]]
[[802 514]] , [[802 515]]
[[804 514]] , [[804 515]]
[[680 866]] , [[680 871]]
[[476 518]] , [[476 519]]
[[482 710]] , [[482 719]]
[[300 540]] , [[300 545]]
[[662 712]] , [[662 714]]
[[662 828]] , [[662 841]]
[[722 718]] , [[721 719]]
[[650 692]] , [[650 721]]
[[722 718]] , [[721 719]]
[[284 548]] , [[284 549]]
[[470 688]] , [[470 703]]
[[284 546]] , [[284 547]]
[[652 646]] , [[652 647]]
[[846 558]] , [[846 559]]
[[652 715]] , [[653 714]]
[[759 712]] , [[756 715]]
[[458 723]] , [[458 729]]
[[838 736]] , [[838 741]]
[[465 695]] , [[464 696]]
[[838 520]] , [[838 525]]
[[464 670]] , [[464 702]]
[[470 706]] , [[470 711]]
[[719 718]] , [[718 719]]
[[654 630]] , [[654 631]]
[[482 786]] , [[482 791]]
[[358 750]] , [[358 755]]
[[466 820]] , [[466 833]]
[[482 786]] , [[482 791]]
[[466 812]] , [[466 849]]
[[824 542]] , [[824 546]]
[[656 772]] , [[656 781]]
[[356 750]] , [[356 755]]
[[466 804]] , [[466 809]]
[[482 786]] , [[482 790]]
[[482 786]] , [[482 790]]
[[464 670]] , [[464 689]]
[[483 786]] , [[483 791]]
[[650 636]] , [[650 637]]
[[650 636]] , [[650 637]]
[[464 672]] , [[464 689]]
[[650 632]] , [[650 635]]
[[656 778]] , [[656 779]]
[[485 780]] , [[485 781]]
[[656 782]] , [[656 786]]
[[482 782]] , [[482 787]]
[[464 664]] , [[464 669]]
[[720 718]] , [[720 723]]
[[466 622]] , [[466 631]]
[[672 924]] , [[672 955]]
[[484 872]] , [[484 873]]
[[484 872]] , [[484 874]]
[[464 664]] , [[464 685]]
[[462 784]] , [[462 791]]
[[464 678]] , [[464 689]]
[[657 778]] , [[657 779]]
[[464 678]] , [[464 689]]
[[654 632]] , [[654 635]]
[[283 547]] , [[282 548]]
[[655 780]] , [[654 781]]
[[466 622]] , [[466 627]]
[[464 664]] , [[464 667]]
[[646 636]] , [[646 655]]
[[482 786]] , [[482 790]]
[[302 538]] , [[302 539]]
[[485 781]] , [[485 785]]
[[466 664]] , [[466 665]]
[[290 712]] , [[290 717]]
[[290 712]] , [[290 717]]
[[484 872]] , [[484 877]]
[[466 664]] , [[466 665]]
[[482 786]] , [[482 790]]
[[466 792]] , [[466 799]]
[[656 782]] , [[656 797]]
[[466 664]] , [[466 665]]
[[458 640]] , [[458 645]]
[[483 768]] , [[483 774]]
[[458 640]] , [[458 645]]
[[458 640]] , [[458 645]]
[[671 856]] , [[672 855]]
[[650 632]] , [[650 633]]
[[656 784]] , [[656 797]]
[[458 640]] , [[458 645]]
[[302 538]] , [[302 539]]
[[522 528]] , [[522 533]]
[[474 688]] , [[474 701]]
[[484 790]] , [[484 794]]
[[302 538]] , [[302 539]]
[[483 801]] , [[483 805]]
[[652 784]] , [[652 793]]
[[466 676]] , [[466 681]]
[[486 870]] , [[486 871]]
[[654 784]] , [[654 831]]
[[485 790]] , [[485 795]]
[[468 666]] , [[468 673]]
[[654 784]] , [[654 793]]
[[466 804]] , [[466 813]]
[[847 576]] , [[848 575]]
[[840 533]] , [[840 541]]
[[752 514]] , [[752 515]]
[[478 526]] , [[478 541]]
[[319 750]] , [[318 751]]
[[518 520]] , [[518 525]]
[[844 804]] , [[844 831]]
[[841 570]] , [[842 569]]
[[308 544]] , [[308 551]]
[[654 656]] , [[654 667]]
[[652 768]] , [[652 777]]
[[652 768]] , [[652 775]]
[[658 798]] , [[658 799]]
[[282 546]] , [[282 548]]
[[678 954]] , [[678 973]]
[[768 708]] , [[768 709]]
[[768 708]] , [[768 709]]
[[282 546]] , [[282 559]]
[[475 533]] , [[473 535]]
[[681 864]] , [[680 865]]
[[782 710]] , [[782 717]]
[[ 496 1020]] , [[ 496 1021]]
[[764 710]] , [[764 711]]
[[ 703 1001]] , [[ 702 1002]]
[[786 708]] , [[786 709]]
[[ 834 1006]] , [[ 834 1007]]
[[ 708 1010]] , [[ 708 1021]]
[[304 536]] , [[302 538]]
[[473 540]] , [[473 541]]
[[456 542]] , [[456 557]]
[[822 700]] , [[822 701]]
[[830 534]] , [[830 541]]
[[848 558]] , [[848 559]]
[[480 534]] , [[480 535]]
[[848 550]] , [[848 555]]
[[486 514]] , [[486 515]]
[[818 698]] , [[818 699]]
[[842 560]] , [[842 561]]
[[832 942]] , [[832 943]]
[[832 696]] , [[832 697]]
[[836 694]] , [[836 695]]
[[293 708]] , [[293 713]]
[[ 554 1615]] , [[ 554 1619]]
[[838 784]] , [[838 792]]
[[ 792 1612]] , [[ 792 1616]]
[[470 867]] , [[470 871]]
[[468 866]] , [[468 869]]
[[839 778]] , [[839 781]]
[[685 990]] , [[686 989]]
[[486 782]] , [[486 789]]
[[656 790]] , [[656 805]]
[[320 744]] , [[320 745]]
[[486 798]] , [[486 807]]
[[834 772]] , [[834 779]]
[[654 780]] , [[654 789]]
[[486 776]] , [[486 783]]
[[468 866]] , [[468 871]]
[[486 800]] , [[486 807]]
[[320 904]] , [[320 909]]
[[320 904]] , [[320 909]]
[[466 809]] , [[466 815]]
[[654 780]] , [[654 825]]
[[839 924]] , [[839 925]]
[[486 776]] , [[486 807]]
[[674 928]] , [[674 931]]
[[838 928]] , [[838 929]]
[[835 774]] , [[835 778]]
[[837 774]] , [[837 778]]
[[468 809]] , [[468 813]]
[[674 928]] , [[674 953]]
[[472 896]] , [[472 900]]
[[836 778]] , [[836 783]]
[[674 926]] , [[674 953]]
[[836 778]] , [[836 783]]
[[473 896]] , [[473 901]]
[[654 760]] , [[654 767]]
[[484 768]] , [[484 772]]
[[468 768]] , [[468 785]]
[[839 922]] , [[839 926]]
[[468 772]] , [[468 775]]
[[ 734 1611]] , [[ 734 1615]]
[[654 760]] , [[654 767]]
[[ 496 1012]] , [[ 496 1013]]
[[ 304 1046]] , [[ 304 1051]]
[[ 486 1006]] , [[ 486 1011]]
[[834 928]] , [[834 935]]
[[470 846]] , [[470 847]]
[[323 742]] , [[322 743]]
[[323 742]] , [[322 743]]
[[485 774]] , [[485 782]]
[[658 784]] , [[658 795]]
[[296 692]] , [[296 699]]
[[817 868]] , [[816 869]]
[[ 682 1004]] , [[ 682 1005]]
[[760 714]] , [[760 721]]
[[470 698]] , [[470 699]]
[[470 698]] , [[470 699]]
[[838 684]] , [[838 688]]
[[294 710]] , [[294 714]]
[[308 750]] , [[308 751]]
[[834 801]] , [[834 811]]
[[287 545]] , [[286 546]]
[[361 749]] , [[361 753]]
[[728 716]] , [[728 720]]
[[762 712]] , [[762 713]]
[[502 514]] , [[502 515]]
[[476 526]] , [[476 533]]
[[514 516]] , [[514 517]]
[[466 786]] , [[466 793]]
[[466 786]] , [[466 793]]
[[ 708 1016]] , [[ 708 1019]]
[[820 718]] , [[820 719]]
[[ 826 1008]] , [[ 826 1009]]
[[856 582]] , [[856 591]]
[[680 942]] , [[680 951]]
[[680 856]] , [[680 861]]
[[676 962]] , [[676 971]]
[[662 848]] , [[662 851]]
[[836 768]] , [[836 795]]
[[668 928]] , [[668 939]]
[[838 952]] , [[838 969]]
[[841 568]] , [[842 567]]
[[644 630]] , [[644 635]]
[[823 714]] , [[824 713]]
[[618 734]] , [[618 739]]
[[464 656]] , [[464 665]]
[[650 782]] , [[650 787]]
[[464 656]] , [[464 665]]
[[483 792]] , [[483 793]]
[[ 768 1611]] , [[ 767 1612]]
[[ 768 1611]] , [[ 767 1612]]
[[483 792]] , [[483 794]]
[[478 866]] , [[478 871]]
[[472 842]] , [[472 849]]
[[478 866]] , [[478 871]]
[[464 802]] , [[464 827]]
[[483 876]] , [[483 881]]
[[648 628]] , [[648 629]]
[[460 638]] , [[460 643]]
[[483 792]] , [[483 799]]
[[650 770]] , [[650 774]]
[[458 630]] , [[458 639]]
[[458 630]] , [[458 641]]
[[464 640]] , [[464 645]]
[[648 628]] , [[648 629]]
[[838 536]] , [[838 541]]
[[300 540]] , [[300 541]]
[[838 536]] , [[838 541]]
[[481 768]] , [[481 775]]
[[300 540]] , [[300 541]]
[[838 536]] , [[838 541]]
[[838 536]] , [[838 541]]
[[646 618]] , [[646 627]]
[[470 532]] , [[470 542]]
[[282 546]] , [[282 547]]
[[841 964]] , [[842 963]]
[[471 541]] , [[468 544]]
[[464 640]] , [[464 645]]
[[465 809]] , [[464 810]]
[[465 639]] , [[464 640]]
[[647 628]] , [[647 633]]
[[480 772]] , [[480 787]]
[[670 924]] , [[670 931]]
[[286 713]] , [[286 717]]
[[286 713]] , [[286 717]]
[[302 539]] , [[302 547]]
[[458 632]] , [[458 639]]
[[648 628]] , [[648 629]]
[[612 726]] , [[612 731]]
[[612 726]] , [[612 731]]
[[652 784]] , [[652 791]]
[[460 648]] , [[460 653]]
[[460 648]] , [[460 653]]
[[648 628]] , [[648 629]]
[[448 534]] , [[448 539]]
[[448 534]] , [[448 539]]
[[458 640]] , [[458 645]]
[[298 538]] , [[298 546]]
[[550 728]] , [[550 733]]
[[644 618]] , [[644 623]]
[[466 813]] , [[466 823]]
[[465 654]] , [[465 656]]
[[470 532]] , [[470 533]]
[[298 538]] , [[298 546]]
[[450 531]] , [[449 532]]
[[298 538]] , [[298 547]]
[[466 660]] , [[466 669]]
[[298 538]] , [[298 546]]
[[650 780]] , [[650 807]]
[[470 854]] , [[470 859]]
[[730 876]] , [[730 893]]
[[458 710]] , [[458 717]]
[[470 862]] , [[470 863]]
[[470 854]] , [[470 859]]
[[464 801]] , [[464 845]]
[[672 926]] , [[672 935]]
[[646 618]] , [[646 623]]
[[300 540]] , [[300 541]]
[[465 654]] , [[464 655]]
[[464 807]] , [[464 829]]
[[674 946]] , [[674 947]]
[[464 807]] , [[464 813]]
[[464 638]] , [[464 647]]
[[301 543]] , [[301 547]]
[[305 542]] , [[304 543]]
[[287 545]] , [[285 547]]
[[654 630]] , [[654 633]]
[[286 546]] , [[286 547]]
[[ 334 1624]] , [[ 334 1629]]
[[486 782]] , [[486 797]]
[[468 684]] , [[468 685]]
[[652 634]] , [[652 635]]
[[660 774]] , [[660 775]]
[[486 772]] , [[486 777]]
[[ 494 1008]] , [[ 493 1009]]
[[675 828]] , [[676 827]]
[[489 798]] , [[489 804]]
[[656 773]] , [[656 777]]
[[676 829]] , [[677 828]]
[[470 644]] , [[470 651]]
[[296 702]] , [[296 707]]
[[484 762]] , [[484 767]]
[[472 850]] , [[472 851]]
[[472 850]] , [[472 851]]
[[294 674]] , [[294 687]]
[[656 768]] , [[656 777]]
[[656 768]] , [[656 777]]
[[472 630]] , [[472 637]]
[[470 830]] , [[470 839]]
[[486 766]] , [[486 771]]
[[486 766]] , [[486 777]]
[[469 802]] , [[469 803]]
[[658 798]] , [[658 805]]
[[656 786]] , [[656 791]]
[[694 722]] , [[694 727]]
[[650 638]] , [[650 641]]
[[478 708]] , [[478 717]]
[[284 550]] , [[284 558]]
[[470 702]] , [[470 711]]
[[470 702]] , [[470 711]]
[[844 768]] , [[844 775]]
[[834 694]] , [[834 705]]
[[656 782]] , [[656 785]]
[[846 768]] , [[846 775]]
[[658 804]] , [[658 805]]
[[284 548]] , [[284 549]]
[[782 710]] , [[782 711]]
[[705 722]] , [[704 723]]
[[286 546]] , [[286 547]]
[[480 526]] , [[480 531]]
[[520 520]] , [[520 525]]
[[667 530]] , [[668 529]]
[[464 540]] , [[465 539]]
[[476 514]] , [[476 519]]
[[835 528]] , [[836 527]]
[[835 528]] , [[836 527]]
[[306 536]] , [[306 537]]
[[768 514]] , [[768 515]]
[[835 528]] , [[836 527]]
[[768 514]] , [[768 515]]
[[835 528]] , [[836 527]]
[[835 528]] , [[836 527]]
[[768 514]] , [[768 515]]
[[815 522]] , [[816 521]]
[[832 694]] , [[832 695]]
[[842 562]] , [[842 563]]
[[832 688]] , [[832 691]]
[[288 720]] , [[288 727]]
[[832 800]] , [[832 813]]
[[468 784]] , [[468 799]]
[[830 782]] , [[830 817]]
[[318 750]] , [[318 755]]
[[840 926]] , [[840 927]]
[[658 790]] , [[658 801]]
[[658 790]] , [[658 849]]
[[658 790]] , [[658 849]]
[[470 810]] , [[470 817]]
[[832 782]] , [[832 787]]
[[488 768]] , [[488 781]]
[[836 788]] , [[836 791]]
[[ 474 1001]] , [[ 474 1005]]
[[841 978]] , [[842 977]]
[[838 924]] , [[838 925]]
[[841 978]] , [[842 977]]
[[840 924]] , [[840 927]]
[[838 876]] , [[838 881]]
[[832 790]] , [[832 791]]
[[840 776]] , [[840 781]]
[[841 980]] , [[842 979]]
[[470 810]] , [[470 813]]
[[673 928]] , [[673 935]]
[[470 810]] , [[470 813]]
[[ 492 1004]] , [[ 492 1009]]
[[674 928]] , [[674 941]]
[[ 474 1000]] , [[ 474 1009]]
[[471 865]] , [[471 869]]
[[ 653 1612]] , [[ 652 1613]]
[[296 888]] , [[296 894]]
[[ 502 1010]] , [[ 502 1011]]
[[ 782 1610]] , [[ 782 1615]]
[[ 502 1018]] , [[ 502 1023]]
[[676 926]] , [[676 927]]
[[498 993]] , [[498 999]]
[[468 832]] , [[468 847]]
[[498 993]] , [[498 999]]
[[330 896]] , [[330 901]]
[[836 926]] , [[836 927]]
[[473 864]] , [[472 865]]
[[ 297 1044]] , [[ 296 1045]]
[[840 772]] , [[840 773]]
[[469 810]] , [[469 813]]
[[469 810]] , [[469 811]]
[[835 862]] , [[836 861]]
[[318 742]] , [[318 743]]
[[470 784]] , [[470 791]]
[[839 820]] , [[840 819]]
[[840 782]] , [[840 783]]
[[840 782]] , [[840 783]]
[[470 830]] , [[470 831]]
[[656 760]] , [[656 761]]
[[ 691 1012]] , [[ 692 1011]]
[[840 924]] , [[840 925]]
[[336 895]] , [[336 903]]
[[470 820]] , [[470 825]]
[[470 820]] , [[470 825]]
[[328 905]] , [[327 906]]
[[676 932]] , [[676 943]]
[[816 886]] , [[816 891]]
[[840 784]] , [[840 793]]
[[837 996]] , [[838 995]]
[[328 904]] , [[328 911]]
[[344 746]] , [[344 750]]
[[334 743]] , [[334 745]]
[[840 926]] , [[840 927]]
[[672 896]] , [[672 901]]
[[836 768]] , [[836 779]]
[[320 905]] , [[319 906]]
[[846 798]] , [[846 799]]
[[836 922]] , [[836 925]]
[[312 906]] , [[312 910]]
[[ 688 1004]] , [[ 688 1010]]
[[ 689 1018]] , [[ 690 1017]]
[[ 689 1018]] , [[ 690 1017]]
[[836 768]] , [[836 777]]
[[662 832]] , [[662 847]]
[[836 768]] , [[836 777]]
[[838 924]] , [[838 925]]
[[837 762]] , [[837 766]]
[[837 762]] , [[837 766]]
[[840 766]] , [[840 767]]
[[840 766]] , [[840 767]]
[[290 888]] , [[290 895]]
[[ 834 1012]] , [[ 834 1013]]
[[290 888]] , [[289 889]]
[[814 872]] , [[814 873]]
[[820 870]] , [[820 875]]
[[ 682 1010]] , [[ 682 1012]]
[[ 688 1006]] , [[ 688 1007]]
[[312 903]] , [[312 909]]
[[326 742]] , [[326 743]]
[[ 687 1018]] , [[ 688 1017]]
[[289 887]] , [[289 888]]
[[838 984]] , [[838 987]]
[[838 982]] , [[838 989]]
[[ 685 1020]] , [[ 686 1019]]
[[839 978]] , [[839 979]]
[[686 988]] , [[686 989]]
[[290 888]] , [[290 889]]
[[ 705 1012]] , [[ 706 1011]]
[[304 750]] , [[304 755]]
[[842 970]] , [[842 971]]
[[370 744]] , [[370 749]]
[[680 863]] , [[680 867]]
[[326 744]] , [[326 745]]
[[735 880]] , [[735 885]]
[[522 738]] , [[522 739]]
[[312 754]] , [[312 758]]
[[502 740]] , [[502 747]]
[[320 746]] , [[320 751]]
[[502 734]] , [[502 739]]
[[835 764]] , [[835 769]]
[[318 744]] , [[318 745]]
[[500 740]] , [[500 748]]
[[834 740]] , [[834 751]]
[[834 756]] , [[834 760]]
[[500 741]] , [[499 742]]
[[836 814]] , [[836 825]]
[[836 758]] , [[836 765]]
[[834 748]] , [[834 753]]
[[662 850]] , [[662 857]]
[[662 870]] , [[662 881]]
[[810 862]] , [[810 863]]
[[464 892]] , [[464 897]]
[[810 862]] , [[810 863]]
[[460 892]] , [[460 897]]
[[720 878]] , [[720 883]]
[[678 866]] , [[678 867]]
[[670 856]] , [[670 857]]
[[670 878]] , [[670 887]]
[[672 856]] , [[671 857]]
[[840 878]] , [[840 879]]
[[808 862]] , [[808 863]]
[[472 952]] , [[472 959]]
[[ 496 1019]] , [[ 496 1023]]
[[835 958]] , [[835 965]]
[[662 860]] , [[662 871]]
[[321 745]] , [[320 746]]
[[648 604]] , [[648 605]]
[[648 708]] , [[648 709]]
[[344 744]] , [[344 749]]
[[844 852]] , [[844 853]]
[[646 710]] , [[646 713]]
[[662 862]] , [[662 873]]
[[465 556]] , [[464 557]]
[[776 710]] , [[776 711]]
[[648 646]] , [[648 653]]
[[665 862]] , [[664 863]]
[[642 728]] , [[642 729]]
[[602 728]] , [[602 733]]
[[628 730]] , [[628 735]]
[[774 716]] , [[774 723]]
[[282 551]] , [[282 557]]
[[458 576]] , [[458 577]]
[[472 694]] , [[472 695]]
[[464 670]] , [[464 675]]
[[674 920]] , [[674 921]]
[[658 782]] , [[658 797]]
[[462 670]] , [[462 675]]
[[462 668]] , [[462 673]]
[[654 782]] , [[654 787]]
[[654 782]] , [[654 787]]
[[656 776]] , [[656 780]]
[[466 789]] , [[466 794]]
[[290 704]] , [[290 711]]
[[469 870]] , [[469 877]]
[[334 862]] , [[334 871]]
[[334 864]] , [[334 873]]
[[638 864]] , [[638 883]]
[[638 864]] , [[638 881]]
[[304 860]] , [[304 865]]
[[646 862]] , [[646 863]]
[[ 516 1010]] , [[ 516 1011]]
[[346 856]] , [[346 857]]
[[346 856]] , [[346 857]]
[[383 948]] , [[384 947]]
[[351 880]] , [[352 879]]
[[430 858]] , [[430 859]]
[[406 858]] , [[406 861]]
[[642 862]] , [[642 865]]
[[646 862]] , [[646 865]]
[[238 862]] , [[238 867]]
[[646 862]] , [[646 865]]
[[221 897]] , [[221 901]]
[[217 916]] , [[217 922]]
[[ 752 1016]] , [[ 752 1017]]
[[642 862]] , [[642 865]]
[[ 370 1018]] , [[ 370 1019]]
[[ 542 1010]] , [[ 542 1011]]
[[ 540 1010]] , [[ 540 1011]]
[[ 540 1010]] , [[ 540 1011]]
[[ 374 1016]] , [[ 374 1017]]
[[ 751 1016]] , [[ 751 1019]]
[[ 232 1100]] , [[ 232 1101]]
[[642 862]] , [[642 863]]
[[542 858]] , [[541 859]]
[[ 522 1014]] , [[ 522 1015]]
[[ 752 1016]] , [[ 752 1021]]
[[ 753 1016]] , [[ 753 1019]]
[[244 888]] , [[244 895]]
[[300 860]] , [[300 861]]
[[ 516 1010]] , [[ 516 1011]]
[[ 528 1010]] , [[ 528 1011]]
[[ 756 1016]] , [[ 756 1019]]
[[646 864]] , [[646 865]]
[[248 896]] , [[248 900]]
[[646 865]] , [[645 866]]
[[ 756 1018]] , [[ 756 1019]]
[[650 864]] , [[649 865]]
[[ 374 1018]] , [[ 374 1021]]
[[640 864]] , [[640 865]]
[[ 526 1012]] , [[ 526 1013]]
[[226 898]] , [[226 902]]
[[224 896]] , [[224 899]]
[[234 862]] , [[234 863]]
[[234 862]] , [[234 863]]
[[299 862]] , [[298 863]]
[[238 864]] , [[238 869]]
[[638 862]] , [[638 863]]
[[430 860]] , [[429 861]]
[[636 862]] , [[636 863]]
[[430 860]] , [[429 861]]
[[428 860]] , [[427 861]]
[[428 860]] , [[427 861]]
[[214 904]] , [[214 911]]
[[ 374 1016]] , [[ 374 1017]]
[[626 862]] , [[626 863]]
[[622 862]] , [[622 879]]
[[290 860]] , [[289 861]]
[[620 862]] , [[620 877]]
[[294 860]] , [[294 863]]
[[620 862]] , [[620 877]]
[[620 862]] , [[620 877]]
[[227 861]] , [[227 865]]
[[298 860]] , [[297 861]]
[[231 862]] , [[231 867]]
[[620 862]] , [[620 863]]
[[204 958]] , [[204 973]]
[[618 862]] , [[618 863]]
[[214 924]] , [[214 925]]
[[ 510 1012]] , [[ 510 1013]]
[[382 944]] , [[382 949]]
[[ 365 1018]] , [[ 365 1022]]
[[196 960]] , [[196 963]]
[[186 922]] , [[186 927]]
[[198 980]] , [[198 985]]
[[351 948]] , [[351 949]]
[[376 944]] , [[376 959]]
[[ 504 1014]] , [[ 504 1019]]
[[382 981]] , [[382 985]]
[[198 968]] , [[198 977]]
[[ 512 1018]] , [[ 512 1019]]
[[ 365 1122]] , [[ 365 1127]]
[[ 202 1036]] , [[ 202 1037]]
[[ 364 1164]] , [[ 364 1173]]
[[ 208 1038]] , [[ 208 1039]]
[[ 192 1040]] , [[ 192 1041]]
[[ 209 1060]] , [[ 210 1059]]
[[ 740 1024]] , [[ 740 1025]]
[[ 195 1058]] , [[ 196 1057]]
[[ 528 1012]] , [[ 528 1013]]
[[198 950]] , [[198 955]]
[[204 960]] , [[204 967]]
[[182 942]] , [[182 947]]
[[182 958]] , [[182 967]]
[[208 946]] , [[208 949]]
[[188 918]] , [[188 925]]
[[208 946]] , [[208 949]]
[[210 926]] , [[210 945]]
[[178 920]] , [[178 927]]
[[191 946]] , [[192 945]]
[[198 918]] , [[198 919]]
[[180 934]] , [[180 947]]
[[733 926]] , [[733 947]]
[[180 934]] , [[180 947]]
[[733 950]] , [[733 954]]
[[208 946]] , [[208 951]]
[[732 920]] , [[732 943]]
[[191 962]] , [[192 961]]
[[180 934]] , [[180 945]]
[[210 896]] , [[210 907]]
[[200 922]] , [[200 927]]
[[210 900]] , [[210 903]]
[[328 888]] , [[328 889]]
[[ 508 1014]] , [[ 508 1015]]
[[ 211 1058]] , [[ 212 1057]]
[[210 944]] , [[210 949]]
[[184 990]] , [[184 995]]
[[ 204 1028]] , [[ 204 1035]]
[[ 506 1014]] , [[ 506 1015]]
[[184 990]] , [[184 995]]
[[184 990]] , [[184 995]]
[[210 934]] , [[210 951]]
[[206 960]] , [[206 975]]
[[236 886]] , [[236 891]]
[[184 918]] , [[184 927]]
[[760 950]] , [[760 961]]
[[184 918]] , [[184 927]]
[[208 916]] , [[208 929]]
[[733 934]] , [[733 939]]
[[184 944]] , [[184 959]]
[[764 976]] , [[764 989]]
[[186 944]] , [[186 959]]
[[188 944]] , [[188 949]]
[[772 978]] , [[772 989]]
[[218 968]] , [[218 969]]
[[220 920]] , [[220 925]]
[[192 944]] , [[192 949]]
[[220 910]] , [[220 927]]
[[220 944]] , [[220 947]]
[[194 990]] , [[194 997]]
[[194 990]] , [[194 997]]
[[218 990]] , [[218 993]]
[[ 748 1026]] , [[ 748 1027]]
[[ 516 1014]] , [[ 516 1015]]
[[ 748 1026]] , [[ 748 1027]]
[[218 990]] , [[218 993]]
[[ 748 1024]] , [[ 748 1028]]
[[196 990]] , [[196 995]]
[[ 516 1014]] , [[ 516 1015]]
[[ 748 1024]] , [[ 748 1028]]
[[ 253 1062]] , [[ 254 1061]]
[[ 231 1062]] , [[ 232 1061]]
[[ 233 1062]] , [[ 234 1061]]
[[ 514 1012]] , [[ 514 1021]]
[[ 514 1012]] , [[ 514 1021]]
[[ 379 1026]] , [[ 380 1025]]
[[ 379 1026]] , [[ 380 1025]]
[[192 942]] , [[192 947]]
[[ 752 1024]] , [[ 752 1025]]
[[ 213 1058]] , [[ 214 1057]]
[[194 960]] , [[194 965]]
[[ 514 1014]] , [[ 514 1023]]
[[ 392 1020]] , [[ 392 1025]]
[[390 988]] , [[390 993]]
[[216 958]] , [[216 965]]
[[216 982]] , [[216 987]]
[[622 864]] , [[622 865]]
[[302 862]] , [[301 863]]
[[422 860]] , [[422 861]]
[[1018  792]] , [[1018  799]]
[[518 860]] , [[518 861]]
[[323 872]] , [[324 871]]
[[518 860]] , [[518 861]]
[[ 530 1012]] , [[ 530 1013]]
[[658 864]] , [[658 865]]
[[ 532 1012]] , [[ 532 1013]]
[[ 532 1012]] , [[ 532 1013]]
[[646 864]] , [[646 865]]
[[ 243 1066]] , [[ 244 1065]]
[[232 896]] , [[232 897]]
[[232 896]] , [[232 897]]
[[ 375 1190]] , [[ 375 1191]]
[[ 236 1136]] , [[ 236 1147]]
[[238 898]] , [[238 903]]
[[ 372 1020]] , [[ 372 1021]]
[[ 755 1018]] , [[ 755 1022]]
[[262 896]] , [[262 901]]
[[754 864]] , [[754 869]]
[[540 862]] , [[539 863]]
[[238 896]] , [[238 897]]
[[192 944]] , [[192 951]]
[[238 896]] , [[238 901]]
[[428 886]] , [[428 887]]
[[188 874]] , [[188 877]]
[[430 886]] , [[430 893]]
[[238 896]] , [[238 901]]
[[240 896]] , [[240 901]]
[[190 870]] , [[190 871]]
[[660 866]] , [[660 867]]
[[196 910]] , [[196 917]]
[[187 870]] , [[186 871]]
[[198 926]] , [[198 931]]
[[192 942]] , [[192 959]]
[[ 762 1018]] , [[ 762 1019]]
[[192 938]] , [[192 943]]
[[204 960]] , [[204 963]]
[[ 544 1014]] , [[ 544 1015]]
[[207 978]] , [[208 977]]
[[ 205 1010]] , [[ 206 1009]]
[[214 942]] , [[214 947]]
[[214 938]] , [[214 943]]
[[206 958]] , [[206 963]]
[[ 213 1058]] , [[ 214 1057]]
[[216 930]] , [[216 943]]
[[ 213 1050]] , [[ 214 1049]]
[[217 978]] , [[218 977]]
[[211 998]] , [[212 997]]
[[ 205 1012]] , [[ 206 1011]]
[[213 998]] , [[214 997]]
[[211 978]] , [[212 977]]
[[213 998]] , [[214 997]]
[[ 203 1034]] , [[ 204 1033]]
[[213 998]] , [[214 997]]
[[ 217 1042]] , [[ 218 1041]]
[[222 930]] , [[222 941]]
[[209 976]] , [[210 975]]
[[192 924]] , [[192 931]]
[[ 205 1012]] , [[ 206 1011]]
[[222 926]] , [[222 945]]
[[200 926]] , [[200 931]]
[[200 926]] , [[200 931]]
[[215 970]] , [[216 969]]
[[224 930]] , [[224 935]]
[[ 219 1074]] , [[ 220 1073]]
[[203 986]] , [[204 985]]
[[ 217 1010]] , [[ 218 1009]]
[[ 215 1010]] , [[ 216 1009]]
[[191 906]] , [[190 907]]
[[191 906]] , [[190 907]]
[[ 203 1002]] , [[ 204 1001]]
[[690 872]] , [[690 874]]
[[215 968]] , [[216 967]]
[[202 916]] , [[202 925]]
[[694 870]] , [[694 871]]
[[191 906]] , [[190 907]]
[[191 906]] , [[190 907]]
[[191 908]] , [[191 909]]
[[260 894]] , [[260 899]]
[[191 909]] , [[190 910]]
[[692 870]] , [[692 871]]
[[692 870]] , [[692 871]]
[[206 916]] , [[206 917]]
[[203 994]] , [[204 993]]
[[203 994]] , [[204 993]]
[[204 920]] , [[204 927]]
[[206 918]] , [[206 919]]
[[206 920]] , [[206 927]]
[[203 994]] , [[204 993]]
[[ 211 1054]] , [[ 212 1053]]
[[222 946]] , [[222 951]]
[[196 942]] , [[196 943]]
[[196 942]] , [[196 943]]
[[ 215 1006]] , [[ 216 1005]]
[[ 225 1068]] , [[ 226 1067]]
[[ 207 1056]] , [[ 208 1055]]
[[195 996]] , [[196 995]]
[[ 201 1018]] , [[ 202 1017]]
[[240 894]] , [[240 901]]
[[240 894]] , [[240 899]]
[[ 277 1060]] , [[ 278 1059]]
[[ 502 1016]] , [[ 502 1017]]
[[ 502 1012]] , [[ 502 1013]]
[[ 193 1026]] , [[ 194 1025]]
[[ 277 1060]] , [[ 278 1059]]
[[ 279 1046]] , [[ 280 1045]]
[[ 744 1008]] , [[ 744 1009]]
[[180 946]] , [[180 967]]
[[192 956]] , [[192 973]]
[[178 926]] , [[178 939]]
[[184 956]] , [[184 959]]
[[ 185 1002]] , [[ 185 1003]]
[[ 182 1004]] , [[ 182 1009]]
[[ 269 1056]] , [[ 270 1055]]
[[ 267 1058]] , [[ 268 1057]]
[[272 886]] , [[272 891]]
[[238 874]] , [[238 879]]
[[ 518 1008]] , [[ 518 1009]]
[[ 356 1014]] , [[ 356 1015]]
[[ 209 1056]] , [[ 210 1055]]
[[ 241 1064]] , [[ 242 1063]]
[[ 263 1054]] , [[ 264 1053]]
[[ 261 1058]] , [[ 262 1057]]
[[ 205 1058]] , [[ 206 1057]]
[[ 243 1062]] , [[ 244 1061]]
[[ 500 1010]] , [[ 500 1025]]
[[ 205 1058]] , [[ 206 1057]]
[[174 896]] , [[174 911]]
[[224 888]] , [[224 893]]
[[ 203 1374]] , [[ 204 1373]]
[[ 202 1371]] , [[ 203 1370]]
[[198 964]] , [[198 973]]
[[ 211 1056]] , [[ 212 1055]]
[[ 211 1056]] , [[ 212 1055]]
[[ 213 1076]] , [[ 214 1075]]
[[200 946]] , [[200 947]]
[[192 934]] , [[192 941]]
[[192 934]] , [[192 943]]
[[200 920]] , [[200 927]]
[[204 946]] , [[204 947]]
[[532 930]] , [[532 947]]
[[208 932]] , [[208 941]]
[[204 968]] , [[204 973]]
[[204 944]] , [[204 945]]
[[ 522 1014]] , [[ 522 1015]]
[[204 944]] , [[204 945]]
[[ 356 1012]] , [[ 356 1029]]
[[208 932]] , [[208 941]]
[[200 918]] , [[200 925]]
[[200 918]] , [[200 925]]
[[200 918]] , [[200 925]]
[[238 888]] , [[238 893]]
[[348 854]] , [[348 855]]
[[240 886]] , [[240 887]]
[[236 886]] , [[236 893]]
[[199 932]] , [[200 931]]
[[496 856]] , [[496 857]]
[[200 916]] , [[200 929]]
[[201 974]] , [[202 973]]
[[200 916]] , [[200 931]]
[[ 221 1068]] , [[ 222 1067]]
[[ 512 1014]] , [[ 512 1015]]
[[ 528 1014]] , [[ 528 1015]]
[[ 370 1014]] , [[ 370 1015]]
[[202 976]] , [[202 977]]
[[175 901]] , [[174 902]]
[[192 938]] , [[192 943]]
[[208 938]] , [[208 947]]
[[208 938]] , [[208 945]]
[[208 938]] , [[208 945]]
[[192 938]] , [[192 943]]
[[208 938]] , [[208 945]]
[[175 902]] , [[174 903]]
[[208 938]] , [[208 945]]
[[178 942]] , [[178 949]]
[[178 942]] , [[178 949]]
[[208 938]] , [[208 947]]
[[204 990]] , [[204 995]]
[[204 990]] , [[204 991]]
[[194 954]] , [[194 961]]
[[178 942]] , [[178 951]]
[[178 942]] , [[178 951]]
[[178 942]] , [[178 951]]
[[175 902]] , [[174 903]]
[[202 928]] , [[202 929]]
[[178 942]] , [[178 951]]
[[178 942]] , [[178 951]]
[[177 928]] , [[177 933]]
[[178 942]] , [[178 953]]
[[174 910]] , [[174 919]]
[[200 928]] , [[200 939]]
[[200 928]] , [[200 939]]
[[200 924]] , [[200 929]]
[[208 912]] , [[208 919]]
[[190 918]] , [[190 925]]
[[752 863]] , [[751 864]]
[[330 872]] , [[329 873]]
[[504 876]] , [[503 877]]
[[197 996]] , [[198 995]]
[[209 984]] , [[210 983]]
[[ 514 1028]] , [[ 514 1029]]
[[236 894]] , [[236 899]]
[[220 920]] , [[220 923]]
[[665 883]] , [[666 882]]
[[203 982]] , [[204 981]]
[[220 926]] , [[220 931]]
[[213 972]] , [[214 971]]
[[214 928]] , [[214 933]]
[[200 920]] , [[200 927]]
[[212 962]] , [[212 967]]
[[217 980]] , [[218 979]]
[[205 976]] , [[206 975]]
[[220 910]] , [[220 915]]
[[205 976]] , [[206 975]]
[[207 962]] , [[208 961]]
[[207 962]] , [[208 961]]
[[222 906]] , [[222 911]]
[[207 962]] , [[208 961]]
[[282 890]] , [[282 895]]
[[286 882]] , [[286 883]]
[[220 914]] , [[220 921]]
[[207 962]] , [[208 961]]
[[201 982]] , [[202 981]]
[[369 862]] , [[368 863]]
[[730 868]] , [[730 873]]
[[391 862]] , [[390 863]]
[[222 912]] , [[222 917]]
[[222 926]] , [[222 933]]
[[193 936]] , [[193 941]]
[[190 910]] , [[190 919]]
[[199 970]] , [[200 969]]
[[217 966]] , [[218 965]]
[[190 910]] , [[190 923]]
[[238 898]] , [[238 903]]
[[194 948]] , [[194 955]]
[[200 984]] , [[200 991]]
[[ 374 1152]] , [[ 374 1165]]
[[ 375 1136]] , [[ 375 1143]]
[[ 752 1022]] , [[ 752 1027]]
[[ 524 1016]] , [[ 524 1017]]
[[224 940]] , [[224 941]]
[[390 948]] , [[390 949]]
[[390 948]] , [[390 967]]
[[392 954]] , [[392 959]]
[[208 950]] , [[208 961]]
[[214 964]] , [[214 969]]
[[218 978]] , [[218 983]]
[[394 880]] , [[394 889]]
[[ 518 1016]] , [[ 518 1017]]
[[ 235 1076]] , [[ 236 1075]]
[[364 866]] , [[364 867]]
[[302 868]] , [[302 869]]
[[260 868]] , [[260 875]]
[[640 870]] , [[640 871]]
[[ 532 1014]] , [[ 532 1015]]
[[ 257 1074]] , [[ 258 1073]]
[[642 866]] , [[642 893]]
[[642 866]] , [[642 889]]
[[244 898]] , [[244 899]]
[[ 374 1020]] , [[ 374 1021]]
[[ 257 1080]] , [[ 258 1079]]
[[ 257 1080]] , [[ 258 1079]]
[[ 259 1076]] , [[ 260 1075]]
[[ 371 1020]] , [[ 371 1021]]
[[ 265 1072]] , [[ 266 1071]]
[[ 370 1020]] , [[ 370 1033]]
[[ 279 1070]] , [[ 280 1069]]
[[ 754 1022]] , [[ 754 1023]]
[[ 280 1056]] , [[ 280 1063]]
[[ 238 1078]] , [[ 238 1085]]
[[ 266 1064]] , [[ 266 1069]]
[[ 282 1072]] , [[ 282 1077]]
[[ 254 1072]] , [[ 254 1077]]
[[ 264 1058]] , [[ 264 1063]]
[[ 280 1055]] , [[ 279 1056]]
[[ 768 1020]] , [[ 768 1021]]
[[ 370 1018]] , [[ 370 1024]]
[[ 372 1018]] , [[ 372 1025]]
[[ 372 1018]] , [[ 372 1023]]
[[ 536 1012]] , [[ 536 1013]]
[[ 377 1018]] , [[ 377 1021]]
[[ 766 1018]] , [[ 766 1019]]
[[ 766 1018]] , [[ 766 1019]]
[[ 766 1018]] , [[ 766 1019]]
[[ 766 1018]] , [[ 766 1019]]
[[ 380 1018]] , [[ 380 1021]]
[[ 236 1062]] , [[ 236 1067]]
[[ 382 1018]] , [[ 382 1019]]
[[ 379 1018]] , [[ 379 1021]]
[[ 536 1012]] , [[ 536 1013]]
[[ 240 1100]] , [[ 240 1105]]
[[ 524 1014]] , [[ 524 1015]]
[[ 750 1022]] , [[ 750 1027]]
[[646 870]] , [[646 881]]
[[ 238 1115]] , [[ 238 1119]]
[[ 264 1064]] , [[ 264 1065]]
[[644 872]] , [[644 883]]
[[310 868]] , [[310 869]]
[[ 372 1018]] , [[ 372 1019]]
[[646 862]] , [[646 863]]
[[ 526 1008]] , [[ 526 1009]]
[[ 232 1086]] , [[ 232 1095]]
[[ 522 1010]] , [[ 522 1011]]
[[644 864]] , [[644 865]]
[[ 522 1016]] , [[ 522 1017]]
[[ 518 1020]] , [[ 518 1021]]
[[640 870]] , [[640 871]]
[[ 518 1020]] , [[ 518 1021]]
[[630 870]] , [[630 873]]
[[306 868]] , [[306 871]]
[[325 884]] , [[326 883]]
[[296 882]] , [[296 889]]
[[610 860]] , [[609 861]]
[[ 190 1086]] , [[ 190 1099]]
[[ 223 1146]] , [[ 224 1145]]
[[ 738 1028]] , [[ 738 1031]]
[[ 766 1054]] , [[ 766 1059]]
[[182 988]] , [[182 993]]
[[758 958]] , [[758 960]]
[[182 994]] , [[ 182 1001]]
[[ 223 1140]] , [[ 224 1139]]
[[ 530 1044]] , [[ 530 1083]]
[[ 360 1020]] , [[ 360 1021]]
[[ 528 1016]] , [[ 528 1017]]
[[ 358 1014]] , [[ 358 1021]]
[[ 378 1010]] , [[ 378 1011]]
[[ 260 1056]] , [[ 260 1061]]
[[ 256 1048]] , [[ 256 1053]]
[[ 256 1048]] , [[ 256 1055]]
[[ 228 1050]] , [[ 228 1055]]
[[ 233 1050]] , [[ 232 1051]]
[[ 228 1050]] , [[ 228 1055]]
[[ 228 1050]] , [[ 228 1055]]
[[ 360 1008]] , [[ 360 1009]]
[[ 528 1006]] , [[ 528 1007]]
[[ 362 1008]] , [[ 362 1009]]
[[ 256 1048]] , [[ 255 1049]]
[[ 358 1010]] , [[ 358 1015]]
[[ 204 1022]] , [[ 204 1027]]
[[ 508 1010]] , [[ 508 1011]]
[[ 184 1032]] , [[ 184 1037]]
[[ 204 1022]] , [[ 204 1029]]
[[ 184 1034]] , [[ 184 1037]]
[[ 520 1012]] , [[ 520 1013]]
[[ 520 1012]] , [[ 520 1013]]
[[ 204 1024]] , [[ 204 1029]]
[[ 522 1012]] , [[ 522 1013]]
[[192 992]] , [[192 997]]
[[ 188 1020]] , [[ 188 1025]]
[[ 208 1022]] , [[ 208 1027]]
[[ 524 1012]] , [[ 524 1013]]
[[ 526 1012]] , [[ 526 1013]]
[[ 217 1046]] , [[ 218 1045]]
[[ 218 1022]] , [[ 218 1035]]
[[ 540 1010]] , [[ 540 1011]]
[[314 874]] , [[314 885]]
[[ 221 1023]] , [[ 220 1024]]
[[222 970]] , [[222 975]]
[[544 854]] , [[544 863]]
[[ 220 1022]] , [[ 220 1025]]
[[ 268 1048]] , [[ 268 1053]]
[[ 220 1022]] , [[ 220 1025]]
[[ 198 1020]] , [[ 198 1037]]
[[ 200 1018]] , [[ 200 1019]]
[[ 750 1036]] , [[ 750 1043]]
[[ 772 1124]] , [[ 773 1123]]
[[ 222 1022]] , [[ 222 1023]]
[[ 244 1050]] , [[ 244 1055]]
[[ 752 1014]] , [[ 752 1019]]
[[ 224 1026]] , [[ 224 1037]]
[[ 256 1054]] , [[ 256 1059]]
[[ 516 1012]] , [[ 516 1016]]
[[ 770 1020]] , [[ 770 1021]]
[[337 884]] , [[338 883]]
[[412 864]] , [[412 865]]
[[310 862]] , [[310 867]]
[[ 376 1020]] , [[ 376 1021]]
[[ 544 1010]] , [[ 544 1011]]
[[315 882]] , [[316 881]]
[[329 874]] , [[330 873]]
[[318 856]] , [[318 857]]
[[741 864]] , [[742 863]]
[[656 860]] , [[656 863]]
[[316 860]] , [[316 861]]
[[700 862]] , [[700 863]]
[[666 868]] , [[666 869]]
[[198 924]] , [[198 941]]
[[198 924]] , [[198 935]]
[[ 750 1016]] , [[ 750 1029]]
[[660 868]] , [[660 879]]
[[ 750 1012]] , [[ 750 1016]]
[[358 860]] , [[358 861]]
[[204 984]] , [[204 991]]
[[ 540 1008]] , [[ 540 1009]]
[[ 753 1012]] , [[ 753 1013]]
[[ 540 1008]] , [[ 540 1009]]
[[ 380 1014]] , [[ 380 1015]]
[[404 876]] , [[404 883]]
[[ 384 1014]] , [[ 384 1015]]
[[ 521 1012]] , [[ 521 1013]]
[[404 886]] , [[404 896]]
[[ 521 1012]] , [[ 521 1013]]
[[334 888]] , [[334 895]]
[[404 886]] , [[404 897]]
