[[ 33 174]] , [[ 34 173]]
[[709 163]] , [[709 167]]
[[486 518]] , [[486 523]]
[[825 530]] , [[826 529]]
[[512 518]] , [[512 525]]
[[488 518]] , [[488 523]]
[[288 548]] , [[287 549]]
[[377 516]] , [[377 522]]
[[512 518]] , [[512 525]]
[[486 518]] , [[486 523]]
[[478 520]] , [[478 537]]
[[827 530]] , [[828 529]]
[[486 518]] , [[486 523]]
[[804 514]] , [[804 515]]
[[376 515]] , [[375 516]]
[[736 516]] , [[736 519]]
[[512 518]] , [[512 525]]
[[486 518]] , [[486 522]]
[[512 518]] , [[512 525]]
[[478 518]] , [[478 519]]
[[512 518]] , [[512 525]]
[[454 510]] , [[454 511]]
[[742 514]] , [[742 515]]
[[782 514]] , [[782 515]]
[[359 748]] , [[359 753]]
[[837 570]] , [[838 569]]
[[302 536]] , [[302 541]]
[[476 518]] , [[476 519]]
[[480 710]] , [[480 715]]
[[728 716]] , [[728 721]]
[[761 712]] , [[759 714]]
[[284 548]] , [[284 551]]
[[650 676]] , [[650 685]]
[[834 518]] , [[834 523]]
[[284 546]] , [[284 547]]
[[478 531]] , [[478 543]]
[[456 542]] , [[456 569]]
[[456 542]] , [[456 569]]
[[284 546]] , [[284 547]]
[[656 634]] , [[656 639]]
[[759 712]] , [[756 715]]
[[759 712]] , [[756 715]]
[[648 624]] , [[648 625]]
[[476 516]] , [[476 517]]
[[832 567]] , [[832 569]]
[[654 630]] , [[654 631]]
[[654 630]] , [[654 631]]
[[284 546]] , [[282 548]]
[[719 719]] , [[719 723]]
[[472 708]] , [[472 717]]
[[482 786]] , [[482 791]]
[[838 678]] , [[838 683]]
[[656 776]] , [[656 789]]
[[302 540]] , [[302 545]]
[[719 719]] , [[719 723]]
[[648 636]] , [[648 637]]
[[482 786]] , [[482 790]]
[[464 672]] , [[464 689]]
[[464 668]] , [[464 689]]
[[282 547]] , [[281 548]]
[[466 704]] , [[466 713]]
[[300 542]] , [[300 547]]
[[826 540]] , [[826 545]]
[[280 549]] , [[280 555]]
[[826 540]] , [[826 541]]
[[466 640]] , [[466 651]]
[[464 664]] , [[464 669]]
[[464 664]] , [[464 669]]
[[464 664]] , [[464 669]]
[[466 624]] , [[466 631]]
[[650 628]] , [[650 629]]
[[835 610]] , [[836 609]]
[[484 872]] , [[484 873]]
[[485 781]] , [[484 782]]
[[485 781]] , [[484 782]]
[[466 620]] , [[466 631]]
[[657 778]] , [[657 779]]
[[650 628]] , [[650 629]]
[[464 678]] , [[464 689]]
[[464 664]] , [[464 673]]
[[299 540]] , [[299 547]]
[[300 540]] , [[300 542]]
[[654 630]] , [[654 631]]
[[822 542]] , [[822 546]]
[[466 622]] , [[466 627]]
[[280 549]] , [[280 557]]
[[293 680]] , [[293 687]]
[[838 520]] , [[838 531]]
[[464 664]] , [[464 667]]
[[650 628]] , [[650 629]]
[[463 674]] , [[464 673]]
[[463 674]] , [[464 673]]
[[466 792]] , [[466 799]]
[[650 628]] , [[650 629]]
[[474 718]] , [[474 723]]
[[656 782]] , [[656 797]]
[[294 704]] , [[294 713]]
[[650 624]] , [[650 631]]
[[466 622]] , [[466 627]]
[[458 640]] , [[458 645]]
[[466 622]] , [[466 627]]
[[466 622]] , [[466 627]]
[[458 640]] , [[458 645]]
[[843 574]] , [[844 573]]
[[458 640]] , [[458 645]]
[[302 538]] , [[302 539]]
[[522 528]] , [[522 533]]
[[504 516]] , [[504 525]]
[[650 632]] , [[650 633]]
[[650 632]] , [[650 633]]
[[522 528]] , [[522 533]]
[[485 790]] , [[485 795]]
[[466 676]] , [[466 681]]
[[648 636]] , [[648 637]]
[[466 796]] , [[466 801]]
[[466 676]] , [[466 681]]
[[464 686]] , [[464 703]]
[[288 549]] , [[287 550]]
[[462 664]] , [[462 671]]
[[654 770]] , [[654 829]]
[[754 514]] , [[754 515]]
[[800 514]] , [[800 515]]
[[380 514]] , [[380 515]]
[[847 576]] , [[848 575]]
[[648 630]] , [[648 633]]
[[847 574]] , [[848 573]]
[[658 786]] , [[658 791]]
[[657 530]] , [[658 529]]
[[476 533]] , [[475 534]]
[[822 542]] , [[822 546]]
[[652 694]] , [[652 713]]
[[656 656]] , [[656 667]]
[[652 768]] , [[652 773]]
[[476 533]] , [[475 534]]
[[670 865]] , [[670 867]]
[[475 533]] , [[473 535]]
[[475 533]] , [[473 535]]
[[808 534]] , [[808 543]]
[[328 524]] , [[328 529]]
[[764 710]] , [[764 719]]
[[303 536]] , [[303 540]]
[[692 992]] , [[ 692 1009]]
[[303 536]] , [[303 546]]
[[764 710]] , [[764 711]]
[[473 546]] , [[474 545]]
[[496 994]] , [[ 496 1007]]
[[726 722]] , [[724 724]]
[[770 515]] , [[769 516]]
[[378 516]] , [[378 523]]
[[830 534]] , [[830 541]]
[[856 580]] , [[856 587]]
[[474 520]] , [[474 526]]
[[304 535]] , [[303 536]]
[[480 514]] , [[480 515]]
[[824 534]] , [[824 539]]
[[659 530]] , [[660 529]]
[[821 542]] , [[821 546]]
[[826 534]] , [[826 539]]
[[826 858]] , [[826 863]]
[[650 670]] , [[650 687]]
[[848 548]] , [[848 551]]
[[836 694]] , [[836 695]]
[[ 710 1612]] , [[ 710 1617]]
[[360 748]] , [[359 749]]
[[ 766 1610]] , [[ 765 1611]]
[[656 800]] , [[656 817]]
[[838 796]] , [[838 797]]
[[296 693]] , [[296 701]]
[[828 922]] , [[828 927]]
[[834 774]] , [[834 781]]
[[654 776]] , [[654 780]]
[[296 693]] , [[296 703]]
[[464 792]] , [[464 799]]
[[320 744]] , [[320 745]]
[[486 770]] , [[486 783]]
[[656 758]] , [[656 767]]
[[486 798]] , [[486 807]]
[[654 780]] , [[654 821]]
[[466 814]] , [[466 841]]
[[472 842]] , [[472 847]]
[[486 776]] , [[486 785]]
[[834 772]] , [[834 776]]
[[468 896]] , [[468 901]]
[[326 740]] , [[326 743]]
[[838 926]] , [[838 929]]
[[ 691 1022]] , [[ 692 1021]]
[[468 768]] , [[468 785]]
[[468 768]] , [[468 785]]
[[840 780]] , [[840 781]]
[[658 780]] , [[658 781]]
[[656 780]] , [[656 783]]
[[485 768]] , [[485 778]]
[[ 839 1008]] , [[ 840 1007]]
[[468 768]] , [[468 785]]
[[469 815]] , [[469 818]]
[[290 726]] , [[290 733]]
[[654 760]] , [[654 767]]
[[299 750]] , [[299 755]]
[[338 886]] , [[338 893]]
[[324 740]] , [[324 741]]
[[ 496 1012]] , [[ 496 1013]]
[[290 726]] , [[290 733]]
[[ 486 1006]] , [[ 486 1011]]
[[ 494 1024]] , [[ 495 1023]]
[[672 924]] , [[672 957]]
[[470 846]] , [[470 847]]
[[836 772]] , [[836 775]]
[[470 642]] , [[470 648]]
[[466 624]] , [[466 631]]
[[468 768]] , [[468 783]]
[[662 762]] , [[662 767]]
[[470 649]] , [[470 651]]
[[836 772]] , [[836 775]]
[[662 862]] , [[662 867]]
[[839 686]] , [[837 688]]
[[839 686]] , [[837 688]]
[[838 684]] , [[838 685]]
[[840 652]] , [[840 659]]
[[292 688]] , [[292 703]]
[[834 698]] , [[834 699]]
[[305 750]] , [[305 752]]
[[478 538]] , [[478 539]]
[[761 713]] , [[760 714]]
[[822 700]] , [[820 702]]
[[837 564]] , [[836 565]]
[[454 512]] , [[454 518]]
[[758 514]] , [[758 515]]
[[752 514]] , [[752 515]]
[[848 570]] , [[848 581]]
[[802 706]] , [[802 707]]
[[824 716]] , [[823 717]]
[[282 546]] , [[282 557]]
[[ 703 1006]] , [[ 703 1007]]
[[282 546]] , [[282 567]]
[[484 708]] , [[484 713]]
[[280 546]] , [[280 548]]
[[464 886]] , [[464 891]]
[[656 800]] , [[656 807]]
[[464 722]] , [[464 725]]
[[664 865]] , [[664 873]]
[[840 906]] , [[840 907]]
[[454 544]] , [[454 577]]
[[841 620]] , [[842 619]]
[[835 596]] , [[836 595]]
[[464 670]] , [[464 689]]
[[834 556]] , [[834 561]]
[[464 670]] , [[464 671]]
[[648 624]] , [[648 625]]
[[464 670]] , [[464 671]]
[[672 924]] , [[672 925]]
[[668 924]] , [[668 929]]
[[464 634]] , [[464 639]]
[[472 842]] , [[472 849]]
[[483 792]] , [[483 794]]
[[472 842]] , [[472 849]]
[[656 776]] , [[656 781]]
[[483 792]] , [[483 794]]
[[298 540]] , [[298 541]]
[[648 626]] , [[648 627]]
[[464 638]] , [[464 639]]
[[458 630]] , [[458 639]]
[[300 540]] , [[300 541]]
[[646 584]] , [[646 589]]
[[300 540]] , [[300 541]]
[[838 536]] , [[838 541]]
[[472 528]] , [[472 533]]
[[835 594]] , [[836 593]]
[[472 528]] , [[472 533]]
[[648 628]] , [[648 629]]
[[835 594]] , [[836 593]]
[[336 526]] , [[336 535]]
[[336 528]] , [[336 535]]
[[282 546]] , [[280 548]]
[[373 516]] , [[373 517]]
[[838 536]] , [[838 541]]
[[470 535]] , [[470 539]]
[[470 535]] , [[470 539]]
[[282 546]] , [[282 547]]
[[466 784]] , [[466 799]]
[[282 546]] , [[282 547]]
[[471 541]] , [[471 542]]
[[647 628]] , [[647 631]]
[[768 868]] , [[768 872]]
[[457 660]] , [[457 664]]
[[457 660]] , [[457 664]]
[[502 518]] , [[502 523]]
[[648 628]] , [[648 629]]
[[470 532]] , [[470 541]]
[[465 639]] , [[464 640]]
[[464 644]] , [[464 647]]
[[612 726]] , [[612 731]]
[[648 628]] , [[648 629]]
[[298 536]] , [[298 538]]
[[448 534]] , [[448 539]]
[[450 514]] , [[450 518]]
[[746 514]] , [[746 515]]
[[448 534]] , [[448 539]]
[[374 516]] , [[374 517]]
[[649 626]] , [[648 627]]
[[448 534]] , [[448 539]]
[[470 722]] , [[470 727]]
[[467 688]] , [[468 687]]
[[373 516]] , [[373 517]]
[[450 531]] , [[449 532]]
[[373 516]] , [[373 517]]
[[470 532]] , [[470 533]]
[[646 628]] , [[646 629]]
[[470 532]] , [[470 533]]
[[466 660]] , [[466 669]]
[[650 780]] , [[650 807]]
[[650 780]] , [[650 807]]
[[469 700]] , [[470 699]]
[[464 801]] , [[464 845]]
[[650 780]] , [[650 807]]
[[291 702]] , [[290 703]]
[[464 807]] , [[464 845]]
[[472 540]] , [[472 541]]
[[474 514]] , [[474 518]]
[[646 618]] , [[646 623]]
[[650 782]] , [[650 791]]
[[464 807]] , [[464 813]]
[[650 782]] , [[650 791]]
[[284 546]] , [[283 547]]
[[375 516]] , [[375 521]]
[[312 528]] , [[312 533]]
[[476 536]] , [[476 539]]
[[648 620]] , [[648 625]]
[[478 534]] , [[478 535]]
[[ 826 1611]] , [[ 825 1612]]
[[296 686]] , [[296 687]]
[[646 622]] , [[646 626]]
[[284 550]] , [[284 555]]
[[484 772]] , [[484 786]]
[[464 626]] , [[464 635]]
[[672 924]] , [[672 959]]
[[297 704]] , [[297 706]]
[[656 784]] , [[656 795]]
[[469 654]] , [[469 655]]
[[484 762]] , [[484 767]]
[[654 622]] , [[654 635]]
[[470 644]] , [[470 651]]
[[470 644]] , [[470 651]]
[[656 782]] , [[656 783]]
[[656 782]] , [[656 783]]
[[470 644]] , [[470 651]]
[[471 628]] , [[470 629]]
[[471 628]] , [[470 629]]
[[647 581]] , [[647 585]]
[[470 802]] , [[470 805]]
[[472 630]] , [[472 637]]
[[471 630]] , [[470 631]]
[[656 786]] , [[656 791]]
[[656 768]] , [[656 783]]
[[486 766]] , [[486 781]]
[[650 638]] , [[650 641]]
[[652 618]] , [[652 623]]
[[470 684]] , [[470 685]]
[[510 516]] , [[510 523]]
[[654 618]] , [[654 637]]
[[284 551]] , [[284 555]]
[[744 714]] , [[744 718]]
[[654 632]] , [[654 633]]
[[746 714]] , [[746 719]]
[[705 722]] , [[704 723]]
[[652 774]] , [[652 785]]
[[844 532]] , [[844 535]]
[[284 548]] , [[284 549]]
[[664 715]] , [[664 719]]
[[844 532]] , [[844 535]]
[[726 516]] , [[726 517]]
[[675 534]] , [[676 533]]
[[379 514]] , [[379 519]]
[[675 534]] , [[676 533]]
[[593 260]] , [[593 264]]
[[476 514]] , [[476 519]]
[[768 514]] , [[768 515]]
[[784 514]] , [[784 517]]
[[482 512]] , [[482 513]]
[[768 514]] , [[768 515]]
[[379 514]] , [[379 519]]
[[768 514]] , [[768 515]]
[[768 514]] , [[768 515]]
[[667 528]] , [[668 527]]
[[675 534]] , [[676 533]]
[[304 536]] , [[304 547]]
[[477 534]] , [[477 535]]
[[305 536]] , [[304 537]]
[[296 698]] , [[296 703]]
[[479 714]] , [[478 715]]
[[288 720]] , [[288 729]]
[[318 750]] , [[318 757]]
[[650 632]] , [[650 669]]
[[832 782]] , [[832 793]]
[[843 834]] , [[844 833]]
[[832 776]] , [[832 779]]
[[488 770]] , [[488 783]]
[[835 810]] , [[836 809]]
[[654 760]] , [[654 769]]
[[320 740]] , [[320 741]]
[[832 776]] , [[832 777]]
[[838 924]] , [[838 925]]
[[678 822]] , [[678 827]]
[[841 962]] , [[842 961]]
[[474 896]] , [[474 897]]
[[843 962]] , [[844 961]]
[[678 820]] , [[678 829]]
[[656 766]] , [[656 769]]
[[656 768]] , [[656 769]]
[[471 865]] , [[471 869]]
[[835 858]] , [[836 857]]
[[471 865]] , [[471 869]]
[[835 860]] , [[836 859]]
[[ 493 1018]] , [[ 494 1017]]
[[ 843 1010]] , [[ 844 1009]]
[[832 922]] , [[832 929]]
[[470 810]] , [[470 813]]
[[ 480 1020]] , [[ 480 1026]]
[[470 832]] , [[470 845]]
[[837 922]] , [[836 923]]
[[ 502 1010]] , [[ 502 1011]]
[[836 924]] , [[836 927]]
[[330 896]] , [[330 901]]
[[674 924]] , [[674 927]]
[[840 776]] , [[840 781]]
[[674 924]] , [[674 927]]
[[468 810]] , [[468 813]]
[[330 896]] , [[330 901]]
[[468 822]] , [[468 829]]
[[ 472 1000]] , [[ 472 1007]]
[[483 768]] , [[483 772]]
[[840 772]] , [[840 773]]
[[839 820]] , [[840 819]]
[[840 776]] , [[840 781]]
[[294 686]] , [[294 690]]
[[839 820]] , [[840 819]]
[[484 770]] , [[484 774]]
[[840 772]] , [[840 776]]
[[488 776]] , [[488 781]]
[[468 810]] , [[468 817]]
[[292 702]] , [[292 707]]
[[318 902]] , [[318 903]]
[[816 886]] , [[816 891]]
[[680 860]] , [[680 865]]
[[836 780]] , [[836 791]]
[[835 770]] , [[835 775]]
[[836 780]] , [[836 791]]
[[328 902]] , [[327 903]]
[[840 798]] , [[840 801]]
[[658 770]] , [[658 779]]
[[292 898]] , [[292 903]]
[[292 898]] , [[292 903]]
[[842 694]] , [[842 696]]
[[835 706]] , [[836 705]]
[[310 903]] , [[310 907]]
[[296 875]] , [[296 879]]
[[304 752]] , [[304 757]]
[[812 886]] , [[812 887]]
[[654 762]] , [[654 766]]
[[814 880]] , [[814 881]]
[[662 822]] , [[662 829]]
[[836 922]] , [[836 927]]
[[320 905]] , [[320 912]]
[[814 880]] , [[814 883]]
[[650 654]] , [[650 659]]
[[496 746]] , [[496 750]]
[[334 742]] , [[334 743]]
[[664 892]] , [[664 897]]
[[832 716]] , [[832 717]]
[[322 742]] , [[321 743]]
[[320 742]] , [[320 743]]
[[320 742]] , [[320 743]]
[[842 784]] , [[842 789]]
[[838 924]] , [[838 925]]
[[810 876]] , [[810 877]]
[[838 770]] , [[838 775]]
[[842 798]] , [[842 799]]
[[840 974]] , [[840 981]]
[[312 903]] , [[312 909]]
[[830 880]] , [[830 889]]
[[498 738]] , [[498 739]]
[[ 697 1012]] , [[ 698 1011]]
[[806 866]] , [[806 867]]
[[292 904]] , [[292 908]]
[[302 896]] , [[302 900]]
[[482 988]] , [[482 993]]
[[290 888]] , [[290 889]]
[[839 978]] , [[839 979]]
[[680 876]] , [[680 885]]
[[837 992]] , [[838 991]]
[[354 740]] , [[354 741]]
[[750 878]] , [[750 879]]
[[352 743]] , [[352 747]]
[[664 744]] , [[664 749]]
[[526 740]] , [[526 741]]
[[662 854]] , [[662 879]]
[[760 718]] , [[760 719]]
[[320 742]] , [[320 745]]
[[554 738]] , [[554 743]]
[[502 740]] , [[501 741]]
[[828 696]] , [[828 697]]
[[339 745]] , [[339 749]]
[[644 736]] , [[643 737]]
[[464 734]] , [[464 735]]
[[646 734]] , [[646 735]]
[[500 741]] , [[500 743]]
[[464 738]] , [[464 747]]
[[836 774]] , [[836 783]]
[[318 742]] , [[318 743]]
[[500 740]] , [[499 741]]
[[844 832]] , [[844 841]]
[[844 864]] , [[844 881]]
[[834 820]] , [[834 833]]
[[688 872]] , [[688 881]]
[[836 758]] , [[836 759]]
[[718 878]] , [[718 883]]
[[674 856]] , [[674 861]]
[[675 858]] , [[675 863]]
[[840 812]] , [[840 813]]
[[838 862]] , [[838 879]]
[[841 816]] , [[841 825]]
[[664 850]] , [[664 859]]
[[833 852]] , [[833 853]]
[[442 894]] , [[442 899]]
[[688 988]] , [[688 989]]
[[808 884]] , [[808 889]]
[[468 746]] , [[468 751]]
[[804 704]] , [[804 705]]
[[282 547]] , [[282 551]]
[[646 656]] , [[646 663]]
[[790 708]] , [[788 710]]
[[362 746]] , [[362 751]]
[[646 656]] , [[646 663]]
[[324 744]] , [[324 745]]
[[680 517]] , [[679 518]]
[[648 640]] , [[648 647]]
[[646 610]] , [[646 618]]
[[632 720]] , [[632 721]]
[[810 702]] , [[810 703]]
[[826 702]] , [[826 703]]
[[594 728]] , [[594 733]]
[[649 612]] , [[649 617]]
[[458 544]] , [[458 563]]
[[456 544]] , [[456 551]]
[[468 658]] , [[468 663]]
[[468 654]] , [[468 656]]
[[468 813]] , [[468 817]]
[[467 690]] , [[468 689]]
[[466 622]] , [[466 631]]
[[284 632]] , [[284 639]]
[[462 676]] , [[462 683]]
[[620 724]] , [[620 729]]
[[461 662]] , [[461 663]]
[[656 776]] , [[656 780]]
[[647 632]] , [[647 639]]
[[654 776]] , [[654 793]]
[[709 163]] , [[709 167]]
[[486 518]] , [[486 523]]
[[825 530]] , [[826 529]]
[[512 518]] , [[512 525]]
[[488 518]] , [[488 523]]
[[288 548]] , [[287 549]]
[[377 516]] , [[377 522]]
[[512 518]] , [[512 525]]
[[486 518]] , [[486 523]]
[[478 520]] , [[478 537]]
[[827 530]] , [[828 529]]
[[486 518]] , [[486 523]]
[[804 514]] , [[804 515]]
[[376 515]] , [[375 516]]
[[736 516]] , [[736 519]]
[[512 518]] , [[512 525]]
[[486 518]] , [[486 522]]
[[512 518]] , [[512 525]]
[[478 518]] , [[478 519]]
[[512 518]] , [[512 525]]
[[454 510]] , [[454 511]]
[[742 514]] , [[742 515]]
[[782 514]] , [[782 515]]
[[359 748]] , [[359 753]]
[[837 570]] , [[838 569]]
[[302 536]] , [[302 541]]
[[476 518]] , [[476 519]]
[[480 710]] , [[480 715]]
[[728 716]] , [[728 721]]
[[761 712]] , [[759 714]]
[[284 548]] , [[284 551]]
[[650 676]] , [[650 685]]
[[834 518]] , [[834 523]]
[[284 546]] , [[284 547]]
[[478 531]] , [[478 543]]
[[456 542]] , [[456 569]]
[[456 542]] , [[456 569]]
[[284 546]] , [[284 547]]
[[656 634]] , [[656 639]]
[[759 712]] , [[756 715]]
[[759 712]] , [[756 715]]
[[648 624]] , [[648 625]]
[[476 516]] , [[476 517]]
[[832 567]] , [[832 569]]
[[654 630]] , [[654 631]]
[[654 630]] , [[654 631]]
[[284 546]] , [[282 548]]
[[719 719]] , [[719 723]]
[[472 708]] , [[472 717]]
[[482 786]] , [[482 791]]
[[838 678]] , [[838 683]]
[[656 776]] , [[656 789]]
[[302 540]] , [[302 545]]
[[719 719]] , [[719 723]]
[[648 636]] , [[648 637]]
[[482 786]] , [[482 790]]
[[464 672]] , [[464 689]]
[[464 668]] , [[464 689]]
[[282 547]] , [[281 548]]
[[466 704]] , [[466 713]]
[[300 542]] , [[300 547]]
[[826 540]] , [[826 545]]
[[280 549]] , [[280 555]]
[[826 540]] , [[826 541]]
[[466 640]] , [[466 651]]
[[464 664]] , [[464 669]]
[[464 664]] , [[464 669]]
[[464 664]] , [[464 669]]
[[466 624]] , [[466 631]]
[[650 628]] , [[650 629]]
[[835 610]] , [[836 609]]
[[484 872]] , [[484 873]]
[[485 781]] , [[484 782]]
[[485 781]] , [[484 782]]
[[466 620]] , [[466 631]]
[[657 778]] , [[657 779]]
[[650 628]] , [[650 629]]
[[464 678]] , [[464 689]]
[[464 664]] , [[464 673]]
[[299 540]] , [[299 547]]
[[300 540]] , [[300 542]]
[[654 630]] , [[654 631]]
[[822 542]] , [[822 546]]
[[466 622]] , [[466 627]]
[[280 549]] , [[280 557]]
[[293 680]] , [[293 687]]
[[838 520]] , [[838 531]]
[[464 664]] , [[464 667]]
[[650 628]] , [[650 629]]
[[463 674]] , [[464 673]]
[[463 674]] , [[464 673]]
[[466 792]] , [[466 799]]
[[650 628]] , [[650 629]]
[[474 718]] , [[474 723]]
[[656 782]] , [[656 797]]
[[294 704]] , [[294 713]]
[[650 624]] , [[650 631]]
[[466 622]] , [[466 627]]
[[458 640]] , [[458 645]]
[[466 622]] , [[466 627]]
[[466 622]] , [[466 627]]
[[458 640]] , [[458 645]]
[[843 574]] , [[844 573]]
[[458 640]] , [[458 645]]
[[302 538]] , [[302 539]]
[[522 528]] , [[522 533]]
[[504 516]] , [[504 525]]
[[650 632]] , [[650 633]]
[[650 632]] , [[650 633]]
[[522 528]] , [[522 533]]
[[485 790]] , [[485 795]]
[[466 676]] , [[466 681]]
[[648 636]] , [[648 637]]
[[466 796]] , [[466 801]]
[[466 676]] , [[466 681]]
[[464 686]] , [[464 703]]
[[288 549]] , [[287 550]]
[[462 664]] , [[462 671]]
[[654 770]] , [[654 829]]
[[754 514]] , [[754 515]]
[[800 514]] , [[800 515]]
[[380 514]] , [[380 515]]
[[847 576]] , [[848 575]]
[[648 630]] , [[648 633]]
[[847 574]] , [[848 573]]
[[658 786]] , [[658 791]]
[[657 530]] , [[658 529]]
[[476 533]] , [[475 534]]
[[822 542]] , [[822 546]]
[[652 694]] , [[652 713]]
[[656 656]] , [[656 667]]
[[652 768]] , [[652 773]]
[[476 533]] , [[475 534]]
[[670 865]] , [[670 867]]
[[475 533]] , [[473 535]]
[[475 533]] , [[473 535]]
[[808 534]] , [[808 543]]
[[328 524]] , [[328 529]]
[[764 710]] , [[764 719]]
[[303 536]] , [[303 540]]
[[692 992]] , [[ 692 1009]]
[[303 536]] , [[303 546]]
[[764 710]] , [[764 711]]
[[473 546]] , [[474 545]]
[[496 994]] , [[ 496 1007]]
[[726 722]] , [[724 724]]
[[770 515]] , [[769 516]]
[[378 516]] , [[378 523]]
[[830 534]] , [[830 541]]
[[856 580]] , [[856 587]]
[[474 520]] , [[474 526]]
[[304 535]] , [[303 536]]
[[480 514]] , [[480 515]]
[[824 534]] , [[824 539]]
[[659 530]] , [[660 529]]
[[821 542]] , [[821 546]]
[[826 534]] , [[826 539]]
[[826 858]] , [[826 863]]
[[650 670]] , [[650 687]]
[[848 548]] , [[848 551]]
[[836 694]] , [[836 695]]
[[ 710 1612]] , [[ 710 1617]]
[[360 748]] , [[359 749]]
[[ 766 1610]] , [[ 765 1611]]
[[656 800]] , [[656 817]]
[[838 796]] , [[838 797]]
[[296 693]] , [[296 701]]
[[828 922]] , [[828 927]]
[[834 774]] , [[834 781]]
[[654 776]] , [[654 780]]
[[296 693]] , [[296 703]]
[[464 792]] , [[464 799]]
[[320 744]] , [[320 745]]
[[486 770]] , [[486 783]]
[[656 758]] , [[656 767]]
[[486 798]] , [[486 807]]
[[654 780]] , [[654 821]]
[[466 814]] , [[466 841]]
[[472 842]] , [[472 847]]
[[486 776]] , [[486 785]]
[[834 772]] , [[834 776]]
[[468 896]] , [[468 901]]
[[326 740]] , [[326 743]]
[[838 926]] , [[838 929]]
[[ 691 1022]] , [[ 692 1021]]
[[468 768]] , [[468 785]]
[[468 768]] , [[468 785]]
[[840 780]] , [[840 781]]
[[658 780]] , [[658 781]]
[[656 780]] , [[656 783]]
[[485 768]] , [[485 778]]
[[ 839 1008]] , [[ 840 1007]]
[[468 768]] , [[468 785]]
[[469 815]] , [[469 818]]
[[290 726]] , [[290 733]]
[[654 760]] , [[654 767]]
[[299 750]] , [[299 755]]
[[338 886]] , [[338 893]]
[[324 740]] , [[324 741]]
[[ 496 1012]] , [[ 496 1013]]
[[290 726]] , [[290 733]]
[[ 486 1006]] , [[ 486 1011]]
[[ 494 1024]] , [[ 495 1023]]
[[672 924]] , [[672 957]]
[[470 846]] , [[470 847]]
[[836 772]] , [[836 775]]
[[470 642]] , [[470 648]]
[[466 624]] , [[466 631]]
[[468 768]] , [[468 783]]
[[662 762]] , [[662 767]]
[[470 649]] , [[470 651]]
[[836 772]] , [[836 775]]
[[662 862]] , [[662 867]]
[[839 686]] , [[837 688]]
[[839 686]] , [[837 688]]
[[838 684]] , [[838 685]]
[[840 652]] , [[840 659]]
[[292 688]] , [[292 703]]
[[834 698]] , [[834 699]]
[[305 750]] , [[305 752]]
[[478 538]] , [[478 539]]
[[761 713]] , [[760 714]]
[[822 700]] , [[820 702]]
[[837 564]] , [[836 565]]
[[454 512]] , [[454 518]]
[[758 514]] , [[758 515]]
[[752 514]] , [[752 515]]
[[848 570]] , [[848 581]]
[[802 706]] , [[802 707]]
[[824 716]] , [[823 717]]
[[282 546]] , [[282 557]]
[[ 703 1006]] , [[ 703 1007]]
[[282 546]] , [[282 567]]
[[484 708]] , [[484 713]]
[[280 546]] , [[280 548]]
[[464 886]] , [[464 891]]
[[656 800]] , [[656 807]]
[[464 722]] , [[464 725]]
[[664 865]] , [[664 873]]
[[840 906]] , [[840 907]]
[[454 544]] , [[454 577]]
[[841 620]] , [[842 619]]
[[835 596]] , [[836 595]]
[[464 670]] , [[464 689]]
[[834 556]] , [[834 561]]
[[464 670]] , [[464 671]]
[[648 624]] , [[648 625]]
[[464 670]] , [[464 671]]
[[672 924]] , [[672 925]]
[[668 924]] , [[668 929]]
[[464 634]] , [[464 639]]
[[472 842]] , [[472 849]]
[[483 792]] , [[483 794]]
[[472 842]] , [[472 849]]
[[656 776]] , [[656 781]]
[[483 792]] , [[483 794]]
[[298 540]] , [[298 541]]
[[648 626]] , [[648 627]]
[[464 638]] , [[464 639]]
[[458 630]] , [[458 639]]
[[300 540]] , [[300 541]]
[[646 584]] , [[646 589]]
[[300 540]] , [[300 541]]
[[838 536]] , [[838 541]]
[[472 528]] , [[472 533]]
[[835 594]] , [[836 593]]
[[472 528]] , [[472 533]]
[[648 628]] , [[648 629]]
[[835 594]] , [[836 593]]
[[336 526]] , [[336 535]]
[[336 528]] , [[336 535]]
[[282 546]] , [[280 548]]
[[373 516]] , [[373 517]]
[[838 536]] , [[838 541]]
[[470 535]] , [[470 539]]
[[470 535]] , [[470 539]]
[[282 546]] , [[282 547]]
[[466 784]] , [[466 799]]
[[282 546]] , [[282 547]]
[[471 541]] , [[471 542]]
[[647 628]] , [[647 631]]
[[768 868]] , [[768 872]]
[[457 660]] , [[457 664]]
[[457 660]] , [[457 664]]
[[502 518]] , [[502 523]]
[[648 628]] , [[648 629]]
[[470 532]] , [[470 541]]
[[465 639]] , [[464 640]]
[[464 644]] , [[464 647]]
[[612 726]] , [[612 731]]
[[648 628]] , [[648 629]]
[[298 536]] , [[298 538]]
[[448 534]] , [[448 539]]
[[450 514]] , [[450 518]]
[[746 514]] , [[746 515]]
[[448 534]] , [[448 539]]
[[374 516]] , [[374 517]]
[[649 626]] , [[648 627]]
[[448 534]] , [[448 539]]
[[470 722]] , [[470 727]]
[[467 688]] , [[468 687]]
[[373 516]] , [[373 517]]
[[450 531]] , [[449 532]]
[[373 516]] , [[373 517]]
[[470 532]] , [[470 533]]
[[646 628]] , [[646 629]]
[[470 532]] , [[470 533]]
[[466 660]] , [[466 669]]
[[650 780]] , [[650 807]]
[[650 780]] , [[650 807]]
[[469 700]] , [[470 699]]
[[464 801]] , [[464 845]]
[[650 780]] , [[650 807]]
[[291 702]] , [[290 703]]
[[464 807]] , [[464 845]]
[[472 540]] , [[472 541]]
[[474 514]] , [[474 518]]
[[646 618]] , [[646 623]]
[[650 782]] , [[650 791]]
[[464 807]] , [[464 813]]
[[650 782]] , [[650 791]]
[[284 546]] , [[283 547]]
[[375 516]] , [[375 521]]
[[312 528]] , [[312 533]]
[[476 536]] , [[476 539]]
[[648 620]] , [[648 625]]
[[478 534]] , [[478 535]]
[[ 826 1611]] , [[ 825 1612]]
[[296 686]] , [[296 687]]
[[646 622]] , [[646 626]]
[[284 550]] , [[284 555]]
[[484 772]] , [[484 786]]
[[464 626]] , [[464 635]]
[[672 924]] , [[672 959]]
[[297 704]] , [[297 706]]
[[656 784]] , [[656 795]]
[[469 654]] , [[469 655]]
[[484 762]] , [[484 767]]
[[654 622]] , [[654 635]]
[[470 644]] , [[470 651]]
[[470 644]] , [[470 651]]
[[656 782]] , [[656 783]]
[[656 782]] , [[656 783]]
[[470 644]] , [[470 651]]
[[471 628]] , [[470 629]]
[[471 628]] , [[470 629]]
[[647 581]] , [[647 585]]
[[470 802]] , [[470 805]]
[[472 630]] , [[472 637]]
[[471 630]] , [[470 631]]
[[656 786]] , [[656 791]]
[[656 768]] , [[656 783]]
[[486 766]] , [[486 781]]
[[650 638]] , [[650 641]]
[[652 618]] , [[652 623]]
[[470 684]] , [[470 685]]
[[510 516]] , [[510 523]]
[[654 618]] , [[654 637]]
[[284 551]] , [[284 555]]
[[744 714]] , [[744 718]]
[[654 632]] , [[654 633]]
[[746 714]] , [[746 719]]
[[705 722]] , [[704 723]]
[[652 774]] , [[652 785]]
[[844 532]] , [[844 535]]
[[284 548]] , [[284 549]]
[[664 715]] , [[664 719]]
[[844 532]] , [[844 535]]
[[726 516]] , [[726 517]]
[[675 534]] , [[676 533]]
[[379 514]] , [[379 519]]
[[675 534]] , [[676 533]]
[[593 260]] , [[593 264]]
[[476 514]] , [[476 519]]
[[768 514]] , [[768 515]]
[[784 514]] , [[784 517]]
[[482 512]] , [[482 513]]
[[768 514]] , [[768 515]]
[[379 514]] , [[379 519]]
[[768 514]] , [[768 515]]
[[768 514]] , [[768 515]]
[[667 528]] , [[668 527]]
[[675 534]] , [[676 533]]
[[304 536]] , [[304 547]]
[[477 534]] , [[477 535]]
[[305 536]] , [[304 537]]
[[296 698]] , [[296 703]]
[[479 714]] , [[478 715]]
[[288 720]] , [[288 729]]
[[318 750]] , [[318 757]]
[[650 632]] , [[650 669]]
[[832 782]] , [[832 793]]
[[843 834]] , [[844 833]]
[[832 776]] , [[832 779]]
[[488 770]] , [[488 783]]
[[835 810]] , [[836 809]]
[[654 760]] , [[654 769]]
[[320 740]] , [[320 741]]
[[832 776]] , [[832 777]]
[[838 924]] , [[838 925]]
[[678 822]] , [[678 827]]
[[841 962]] , [[842 961]]
[[474 896]] , [[474 897]]
[[843 962]] , [[844 961]]
[[678 820]] , [[678 829]]
[[656 766]] , [[656 769]]
[[656 768]] , [[656 769]]
[[471 865]] , [[471 869]]
[[835 858]] , [[836 857]]
[[471 865]] , [[471 869]]
[[835 860]] , [[836 859]]
[[ 493 1018]] , [[ 494 1017]]
[[ 843 1010]] , [[ 844 1009]]
[[832 922]] , [[832 929]]
[[470 810]] , [[470 813]]
[[ 480 1020]] , [[ 480 1026]]
[[470 832]] , [[470 845]]
[[837 922]] , [[836 923]]
[[ 502 1010]] , [[ 502 1011]]
[[836 924]] , [[836 927]]
[[330 896]] , [[330 901]]
[[674 924]] , [[674 927]]
[[840 776]] , [[840 781]]
[[674 924]] , [[674 927]]
[[468 810]] , [[468 813]]
[[330 896]] , [[330 901]]
[[468 822]] , [[468 829]]
[[ 472 1000]] , [[ 472 1007]]
[[483 768]] , [[483 772]]
[[840 772]] , [[840 773]]
[[839 820]] , [[840 819]]
[[840 776]] , [[840 781]]
[[294 686]] , [[294 690]]
[[839 820]] , [[840 819]]
[[484 770]] , [[484 774]]
[[840 772]] , [[840 776]]
[[488 776]] , [[488 781]]
[[468 810]] , [[468 817]]
[[292 702]] , [[292 707]]
[[318 902]] , [[318 903]]
[[816 886]] , [[816 891]]
[[680 860]] , [[680 865]]
[[836 780]] , [[836 791]]
[[835 770]] , [[835 775]]
[[836 780]] , [[836 791]]
[[328 902]] , [[327 903]]
[[840 798]] , [[840 801]]
[[658 770]] , [[658 779]]
[[292 898]] , [[292 903]]
[[292 898]] , [[292 903]]
[[842 694]] , [[842 696]]
[[835 706]] , [[836 705]]
[[310 903]] , [[310 907]]
[[296 875]] , [[296 879]]
[[304 752]] , [[304 757]]
[[812 886]] , [[812 887]]
[[654 762]] , [[654 766]]
[[814 880]] , [[814 881]]
[[662 822]] , [[662 829]]
[[836 922]] , [[836 927]]
[[320 905]] , [[320 912]]
[[814 880]] , [[814 883]]
[[650 654]] , [[650 659]]
[[496 746]] , [[496 750]]
[[334 742]] , [[334 743]]
[[664 892]] , [[664 897]]
[[832 716]] , [[832 717]]
[[322 742]] , [[321 743]]
[[320 742]] , [[320 743]]
[[320 742]] , [[320 743]]
[[842 784]] , [[842 789]]
[[838 924]] , [[838 925]]
[[810 876]] , [[810 877]]
[[838 770]] , [[838 775]]
[[842 798]] , [[842 799]]
[[840 974]] , [[840 981]]
[[312 903]] , [[312 909]]
[[830 880]] , [[830 889]]
[[498 738]] , [[498 739]]
[[ 697 1012]] , [[ 698 1011]]
[[806 866]] , [[806 867]]
[[292 904]] , [[292 908]]
[[302 896]] , [[302 900]]
[[482 988]] , [[482 993]]
[[290 888]] , [[290 889]]
[[839 978]] , [[839 979]]
[[680 876]] , [[680 885]]
[[837 992]] , [[838 991]]
[[354 740]] , [[354 741]]
[[750 878]] , [[750 879]]
[[352 743]] , [[352 747]]
[[664 744]] , [[664 749]]
[[526 740]] , [[526 741]]
[[662 854]] , [[662 879]]
[[760 718]] , [[760 719]]
[[320 742]] , [[320 745]]
[[554 738]] , [[554 743]]
[[502 740]] , [[501 741]]
[[828 696]] , [[828 697]]
[[339 745]] , [[339 749]]
[[644 736]] , [[643 737]]
[[464 734]] , [[464 735]]
[[646 734]] , [[646 735]]
[[500 741]] , [[500 743]]
[[464 738]] , [[464 747]]
[[836 774]] , [[836 783]]
[[318 742]] , [[318 743]]
[[500 740]] , [[499 741]]
[[844 832]] , [[844 841]]
[[844 864]] , [[844 881]]
[[834 820]] , [[834 833]]
[[688 872]] , [[688 881]]
[[836 758]] , [[836 759]]
[[718 878]] , [[718 883]]
[[674 856]] , [[674 861]]
[[675 858]] , [[675 863]]
[[840 812]] , [[840 813]]
[[838 862]] , [[838 879]]
[[841 816]] , [[841 825]]
[[664 850]] , [[664 859]]
[[833 852]] , [[833 853]]
[[442 894]] , [[442 899]]
[[688 988]] , [[688 989]]
[[808 884]] , [[808 889]]
[[468 746]] , [[468 751]]
[[804 704]] , [[804 705]]
[[282 547]] , [[282 551]]
[[646 656]] , [[646 663]]
[[790 708]] , [[788 710]]
[[362 746]] , [[362 751]]
[[646 656]] , [[646 663]]
[[324 744]] , [[324 745]]
[[680 517]] , [[679 518]]
[[648 640]] , [[648 647]]
[[646 610]] , [[646 618]]
[[632 720]] , [[632 721]]
[[810 702]] , [[810 703]]
[[826 702]] , [[826 703]]
[[594 728]] , [[594 733]]
[[649 612]] , [[649 617]]
[[458 544]] , [[458 563]]
[[456 544]] , [[456 551]]
[[468 658]] , [[468 663]]
[[468 654]] , [[468 656]]
[[468 813]] , [[468 817]]
[[467 690]] , [[468 689]]
[[466 622]] , [[466 631]]
[[284 632]] , [[284 639]]
[[462 676]] , [[462 683]]
[[620 724]] , [[620 729]]
[[461 662]] , [[461 663]]
[[656 776]] , [[656 780]]
[[647 632]] , [[647 639]]
[[654 776]] , [[654 793]]
[[462 858]] , [[461 859]]
[[351 884]] , [[352 883]]
[[367 932]] , [[368 931]]
[[367 932]] , [[368 931]]
[[353 878]] , [[354 877]]
[[353 880]] , [[354 879]]
[[646 860]] , [[646 861]]
[[351 880]] , [[352 879]]
[[351 880]] , [[352 879]]
[[353 868]] , [[354 867]]
[[353 868]] , [[354 867]]
[[430 858]] , [[430 859]]
[[430 858]] , [[430 859]]
[[430 858]] , [[430 859]]
[[430 858]] , [[430 859]]
[[238 862]] , [[238 867]]
[[221 897]] , [[221 901]]
[[217 916]] , [[217 922]]
[[432 858]] , [[432 859]]
[[ 542 1010]] , [[ 542 1011]]
[[642 862]] , [[642 865]]
[[219 908]] , [[219 912]]
[[642 862]] , [[642 863]]
[[642 862]] , [[642 863]]
[[ 516 1012]] , [[ 516 1013]]
[[ 370 1016]] , [[ 370 1021]]
[[528 858]] , [[528 859]]
[[298 862]] , [[296 864]]
[[644 862]] , [[644 863]]
[[640 862]] , [[640 863]]
[[302 860]] , [[300 862]]
[[300 860]] , [[300 861]]
[[302 860]] , [[302 861]]
[[646 862]] , [[646 863]]
[[528 860]] , [[528 861]]
[[316 863]] , [[315 864]]
[[529 860]] , [[527 862]]
[[ 526 1012]] , [[ 526 1013]]
[[542 859]] , [[541 860]]
[[ 524 1012]] , [[ 524 1013]]
[[544 859]] , [[543 860]]
[[300 862]] , [[300 863]]
[[300 862]] , [[300 865]]
[[300 862]] , [[300 865]]
[[314 860]] , [[314 865]]
[[542 858]] , [[542 859]]
[[424 860]] , [[424 863]]
[[630 862]] , [[630 863]]
[[210 936]] , [[210 941]]
[[534 858]] , [[533 859]]
[[434 858]] , [[433 859]]
[[518 858]] , [[517 859]]
[[294 860]] , [[294 863]]
[[448 858]] , [[448 859]]
[[446 858]] , [[446 859]]
[[518 858]] , [[517 859]]
[[532 858]] , [[531 859]]
[[196 926]] , [[196 935]]
[[307 860]] , [[306 861]]
[[616 862]] , [[616 863]]
[[212 926]] , [[212 931]]
[[214 902]] , [[214 903]]
[[386 958]] , [[386 963]]
[[212 900]] , [[212 901]]
[[606 864]] , [[606 877]]
[[210 902]] , [[210 905]]
[[228 864]] , [[228 871]]
[[372 896]] , [[372 911]]
[[198 968]] , [[198 985]]
[[376 968]] , [[376 975]]
[[374 940]] , [[374 949]]
[[382 990]] , [[382 991]]
[[ 209 1062]] , [[ 210 1061]]
[[ 744 1030]] , [[ 744 1031]]
[[ 346 1046]] , [[ 346 1047]]
[[ 211 1062]] , [[ 212 1061]]
[[ 740 1026]] , [[ 740 1027]]
[[ 758 1022]] , [[ 758 1025]]
[[200 988]] , [[200 993]]
[[ 510 1012]] , [[ 510 1013]]
[[198 950]] , [[198 955]]
[[196 942]] , [[196 947]]
[[182 942]] , [[182 947]]
[[208 922]] , [[208 929]]
[[208 946]] , [[208 949]]
[[192 928]] , [[192 933]]
[[196 894]] , [[196 895]]
[[210 930]] , [[210 943]]
[[192 918]] , [[192 919]]
[[210 914]] , [[210 945]]
[[737 910]] , [[737 923]]
[[206 892]] , [[206 893]]
[[187 952]] , [[188 951]]
[[734 908]] , [[734 915]]
[[198 922]] , [[198 927]]
[[180 934]] , [[180 945]]
[[191 962]] , [[192 961]]
[[729 886]] , [[729 891]]
[[198 922]] , [[198 927]]
[[178 926]] , [[178 931]]
[[754 874]] , [[754 893]]
[[210 896]] , [[210 907]]
[[328 888]] , [[328 889]]
[[276 866]] , [[276 873]]
[[210 900]] , [[210 903]]
[[ 508 1014]] , [[ 508 1015]]
[[730 896]] , [[730 900]]
[[180 938]] , [[180 945]]
[[184 990]] , [[184 995]]
[[206 960]] , [[206 969]]
[[192 942]] , [[192 945]]
[[192 942]] , [[192 945]]
[[732 894]] , [[732 899]]
[[210 932]] , [[210 951]]
[[296 864]] , [[296 879]]
[[732 894]] , [[732 903]]
[[182 938]] , [[182 949]]
[[734 910]] , [[734 927]]
[[214 902]] , [[214 907]]
[[208 916]] , [[208 929]]
[[210 918]] , [[210 919]]
[[182 942]] , [[182 947]]
[[734 878]] , [[734 883]]
[[216 920]] , [[216 925]]
[[190 946]] , [[190 959]]
[[218 916]] , [[218 921]]
[[238 872]] , [[238 877]]
[[192 920]] , [[192 927]]
[[745 888]] , [[745 889]]
[[192 920]] , [[192 927]]
[[218 960]] , [[218 971]]
[[190 934]] , [[190 943]]
[[214 938]] , [[214 945]]
[[218 990]] , [[218 993]]
[[194 990]] , [[194 997]]
[[218 990]] , [[218 993]]
[[214 938]] , [[214 949]]
[[218 990]] , [[218 997]]
[[194 960]] , [[194 965]]
[[218 968]] , [[218 981]]
[[206 988]] , [[206 993]]
[[ 211 1058]] , [[ 212 1057]]
[[ 748 1024]] , [[ 748 1028]]
[[ 748 1024]] , [[ 748 1028]]
[[216 982]] , [[216 987]]
[[216 982]] , [[216 987]]
[[216 982]] , [[216 993]]
[[216 982]] , [[216 995]]
[[596 862]] , [[596 863]]
[[194 958]] , [[194 965]]
[[ 514 1014]] , [[ 514 1023]]
[[192 942]] , [[192 947]]
[[218 968]] , [[218 975]]
[[216 982]] , [[216 987]]
[[388 980]] , [[388 985]]
[[299 862]] , [[298 863]]
[[622 864]] , [[622 865]]
[[321 882]] , [[322 881]]
[[528 860]] , [[527 861]]
[[323 882]] , [[324 881]]
[[518 860]] , [[518 861]]
[[749 870]] , [[750 869]]
[[302 862]] , [[301 863]]
[[658 864]] , [[658 865]]
[[644 864]] , [[644 865]]
[[534 860]] , [[533 861]]
[[228 896]] , [[228 901]]
[[750 864]] , [[750 868]]
[[746 864]] , [[746 865]]
[[ 760 1020]] , [[ 760 1021]]
[[ 376 1020]] , [[ 376 1021]]
[[754 870]] , [[755 869]]
[[232 896]] , [[232 902]]
[[262 896]] , [[262 901]]
[[258 880]] , [[258 885]]
[[472 862]] , [[472 863]]
[[754 864]] , [[754 869]]
[[238 896]] , [[238 903]]
[[654 868]] , [[654 894]]
[[386 865]] , [[385 866]]
[[450 864]] , [[450 865]]
[[660 866]] , [[660 867]]
[[188 872]] , [[188 873]]
[[658 866]] , [[658 867]]
[[739 882]] , [[740 881]]
[[311 864]] , [[310 865]]
[[238 896]] , [[238 901]]
[[304 864]] , [[303 865]]
[[254 898]] , [[254 903]]
[[274 896]] , [[274 901]]
[[206 960]] , [[206 963]]
[[186 870]] , [[186 879]]
[[206 928]] , [[206 939]]
[[ 205 1010]] , [[ 206 1009]]
[[192 938]] , [[192 945]]
[[192 938]] , [[192 943]]
[[254 894]] , [[254 899]]
[[256 894]] , [[256 899]]
[[ 213 1044]] , [[ 214 1043]]
[[ 203 1012]] , [[ 204 1011]]
[[258 894]] , [[258 899]]
[[216 932]] , [[216 937]]
[[218 938]] , [[218 945]]
[[218 926]] , [[218 937]]
[[215 982]] , [[216 981]]
[[215 968]] , [[216 967]]
[[198 934]] , [[198 941]]
[[198 934]] , [[198 941]]
[[213 998]] , [[214 997]]
[[192 924]] , [[192 929]]
[[213 998]] , [[214 997]]
[[202 904]] , [[202 907]]
[[190 912]] , [[190 917]]
[[452 870]] , [[452 874]]
[[222 926]] , [[222 943]]
[[192 924]] , [[192 929]]
[[202 904]] , [[202 911]]
[[202 904]] , [[202 911]]
[[224 928]] , [[224 935]]
[[276 880]] , [[276 887]]
[[215 970]] , [[216 969]]
[[224 930]] , [[224 935]]
[[203 986]] , [[204 985]]
[[215 968]] , [[216 967]]
[[215 968]] , [[216 967]]
[[215 968]] , [[216 967]]
[[224 904]] , [[224 913]]
[[502 864]] , [[502 865]]
[[690 872]] , [[690 874]]
[[690 872]] , [[690 874]]
[[348 864]] , [[347 865]]
[[320 864]] , [[320 865]]
[[692 870]] , [[692 871]]
[[739 882]] , [[740 881]]
[[690 870]] , [[690 873]]
[[692 870]] , [[692 871]]
[[348 864]] , [[347 865]]
[[533 864]] , [[531 866]]
[[692 872]] , [[692 873]]
[[204 918]] , [[204 927]]
[[204 918]] , [[204 927]]
[[274 884]] , [[274 887]]
[[274 884]] , [[274 887]]
[[274 884]] , [[274 887]]
[[209 980]] , [[210 979]]
[[206 922]] , [[206 927]]
[[ 209 1076]] , [[ 210 1075]]
[[ 209 1076]] , [[ 210 1075]]
[[ 207 1044]] , [[ 208 1043]]
[[215 978]] , [[216 977]]
[[ 215 1006]] , [[ 216 1005]]
[[199 996]] , [[200 995]]
[[212 932]] , [[212 957]]
[[178 926]] , [[178 933]]
[[672 868]] , [[672 869]]
[[668 866]] , [[668 867]]
[[178 938]] , [[178 943]]
[[178 938]] , [[178 943]]
[[178 930]] , [[178 939]]
[[192 912]] , [[192 929]]
[[ 279 1046]] , [[ 280 1045]]
[[ 504 1006]] , [[ 504 1007]]
[[180 944]] , [[180 971]]
[[188 898]] , [[188 907]]
[[174 896]] , [[174 915]]
[[184 902]] , [[184 907]]
[[180 894]] , [[180 899]]
[[248 862]] , [[248 863]]
[[250 874]] , [[250 879]]
[[248 874]] , [[248 879]]
[[246 874]] , [[246 877]]
[[624 856]] , [[624 857]]
[[244 856]] , [[244 861]]
[[238 874]] , [[238 879]]
[[ 259 1058]] , [[ 260 1057]]
[[ 502 1008]] , [[ 502 1009]]
[[ 227 1056]] , [[ 228 1055]]
[[ 502 1008]] , [[ 502 1009]]
[[ 738 1020]] , [[ 738 1021]]
[[ 510 1008]] , [[ 510 1009]]
[[ 205 1058]] , [[ 206 1057]]
[[200 946]] , [[200 949]]
[[176 912]] , [[176 929]]
[[244 878]] , [[244 883]]
[[244 878]] , [[244 883]]
[[734 942]] , [[734 955]]
[[758 944]] , [[758 951]]
[[758 942]] , [[758 943]]
[[ 506 1008]] , [[ 506 1009]]
[[ 366 1010]] , [[ 366 1011]]
[[ 211 1056]] , [[ 212 1055]]
[[208 930]] , [[208 941]]
[[174 894]] , [[174 913]]
[[174 896]] , [[174 911]]
[[248 882]] , [[248 885]]
[[208 930]] , [[208 941]]
[[176 924]] , [[176 928]]
[[200 920]] , [[200 927]]
[[192 934]] , [[192 941]]
[[208 932]] , [[208 941]]
[[501 964]] , [[501 965]]
[[192 932]] , [[192 941]]
[[204 944]] , [[204 945]]
[[176 922]] , [[176 927]]
[[252 864]] , [[252 871]]
[[516 854]] , [[516 855]]
[[346 854]] , [[346 855]]
[[313 880]] , [[314 879]]
[[517 869]] , [[518 868]]
[[520 870]] , [[521 869]]
[[520 870]] , [[521 869]]
[[498 856]] , [[498 857]]
[[734 850]] , [[734 851]]
[[174 900]] , [[174 915]]
[[174 900]] , [[174 915]]
[[490 858]] , [[490 859]]
[[ 209 1060]] , [[ 210 1059]]
[[208 936]] , [[208 945]]
[[200 916]] , [[200 921]]
[[208 938]] , [[208 943]]
[[208 936]] , [[208 943]]
[[400 858]] , [[400 859]]
[[214 876]] , [[214 881]]
[[190 916]] , [[190 921]]
[[200 916]] , [[200 925]]
[[174 910]] , [[174 915]]
[[175 902]] , [[174 903]]
[[190 914]] , [[190 921]]
[[526 858]] , [[524 860]]
[[318 860]] , [[317 861]]
[[175 902]] , [[174 903]]
[[175 902]] , [[174 903]]
[[318 860]] , [[318 861]]
[[178 942]] , [[178 949]]
[[178 942]] , [[178 949]]
[[208 940]] , [[208 945]]
[[175 902]] , [[174 903]]
[[175 902]] , [[175 903]]
[[175 902]] , [[174 903]]
[[516 858]] , [[516 859]]
[[175 902]] , [[174 903]]
[[200 926]] , [[200 937]]
[[200 926]] , [[200 937]]
[[480 860]] , [[479 861]]
[[176 928]] , [[176 935]]
[[322 860]] , [[322 861]]
[[174 910]] , [[174 919]]
[[178 914]] , [[178 919]]
[[176 920]] , [[176 927]]
[[518 860]] , [[517 861]]
[[180 910]] , [[180 927]]
[[752 873]] , [[751 874]]
[[234 910]] , [[234 915]]
[[236 894]] , [[236 901]]
[[198 942]] , [[198 945]]
[[663 894]] , [[664 893]]
[[236 878]] , [[236 891]]
[[222 910]] , [[222 915]]
[[245 872]] , [[245 877]]
[[201 946]] , [[202 945]]
[[684 870]] , [[684 875]]
[[207 958]] , [[208 957]]
[[200 920]] , [[200 927]]
[[198 910]] , [[198 919]]
[[262 884]] , [[262 895]]
[[264 878]] , [[264 895]]
[[215 958]] , [[216 957]]
[[220 910]] , [[220 915]]
[[220 912]] , [[220 917]]
[[207 962]] , [[208 961]]
[[199 948]] , [[200 947]]
[[342 862]] , [[342 863]]
[[368 862]] , [[367 863]]
[[548 862]] , [[548 863]]
[[199 948]] , [[200 947]]
[[211 950]] , [[212 949]]
[[376 862]] , [[375 863]]
[[340 868]] , [[340 869]]
[[746 912]] , [[746 919]]
[[748 902]] , [[748 911]]
[[266 872]] , [[266 879]]
[[190 910]] , [[190 921]]
[[190 910]] , [[190 921]]
[[590 864]] , [[590 865]]
[[592 864]] , [[592 867]]
[[238 898]] , [[238 903]]
[[196 952]] , [[196 967]]
[[ 206 1030]] , [[ 206 1031]]
[[ 221 1072]] , [[ 222 1071]]
[[198 974]] , [[198 991]]
[[200 972]] , [[200 973]]
[[196 930]] , [[196 935]]
[[198 938]] , [[198 943]]
[[198 932]] , [[198 943]]
[[222 944]] , [[222 949]]
[[198 940]] , [[198 947]]
[[392 870]] , [[392 871]]
[[222 948]] , [[222 953]]
[[258 868]] , [[258 869]]
[[218 960]] , [[218 977]]
[[220 970]] , [[220 975]]
[[538 866]] , [[537 867]]
[[368 867]] , [[367 868]]
[[366 864]] , [[365 865]]
[[ 542 1012]] , [[ 542 1013]]
[[366 862]] , [[366 863]]
[[542 862]] , [[542 863]]
[[351 864]] , [[349 866]]
[[ 259 1076]] , [[ 260 1075]]
[[ 536 1014]] , [[ 536 1015]]
[[ 538 1014]] , [[ 538 1015]]
[[ 534 1014]] , [[ 534 1015]]
[[673 869]] , [[672 870]]
[[246 898]] , [[246 903]]
[[ 756 1018]] , [[ 756 1022]]
[[ 526 1014]] , [[ 526 1015]]
[[ 524 1014]] , [[ 524 1015]]
[[ 370 1020]] , [[ 370 1033]]
[[ 280 1056]] , [[ 280 1063]]
[[ 370 1020]] , [[ 370 1027]]
[[ 266 1064]] , [[ 266 1069]]
[[ 276 1056]] , [[ 276 1061]]
[[ 768 1020]] , [[ 768 1021]]
[[ 370 1018]] , [[ 370 1022]]
[[ 538 1012]] , [[ 538 1013]]
[[672 867]] , [[671 868]]
[[654 866]] , [[654 867]]
[[654 866]] , [[654 867]]
[[444 862]] , [[444 863]]
[[266 870]] , [[266 877]]
[[ 530 1012]] , [[ 530 1013]]
[[ 536 1012]] , [[ 536 1013]]
[[ 368 1123]] , [[ 369 1122]]
[[ 530 1012]] , [[ 530 1013]]
[[248 898]] , [[248 902]]
[[ 768 1018]] , [[ 768 1019]]
[[248 898]] , [[248 902]]
[[248 898]] , [[248 903]]
[[272 896]] , [[272 901]]
[[ 756 1018]] , [[ 756 1021]]
[[312 864]] , [[312 869]]
[[ 526 1014]] , [[ 526 1015]]
[[312 866]] , [[311 867]]
[[ 765 1024]] , [[ 765 1025]]
[[ 370 1024]] , [[ 370 1029]]
[[440 868]] , [[440 869]]
[[644 866]] , [[644 879]]
[[325 878]] , [[326 877]]
[[335 880]] , [[336 879]]
[[ 260 1052]] , [[ 260 1057]]
[[314 860]] , [[314 861]]
[[325 878]] , [[326 877]]
[[304 866]] , [[304 879]]
[[316 869]] , [[315 870]]
[[331 890]] , [[332 889]]
[[634 870]] , [[634 871]]
[[534 866]] , [[534 867]]
[[306 862]] , [[306 875]]
[[410 858]] , [[410 859]]
[[ 254 1054]] , [[ 254 1059]]
[[ 188 1024]] , [[ 188 1033]]
[[ 506 1012]] , [[ 506 1013]]
[[ 184 1036]] , [[ 184 1045]]
[[568 864]] , [[568 877]]
[[728 886]] , [[728 892]]
[[294 890]] , [[294 899]]
[[ 189 1060]] , [[ 190 1059]]
[[ 202 1032]] , [[ 202 1033]]
[[182 962]] , [[182 975]]
[[501 969]] , [[501 973]]
[[178 958]] , [[178 971]]
[[192 990]] , [[192 991]]
[[ 256 1048]] , [[ 256 1053]]
[[ 206 1030]] , [[ 206 1037]]
[[ 182 1030]] , [[ 182 1043]]
[[ 183 1030]] , [[ 182 1031]]
[[ 182 1030]] , [[ 182 1043]]
[[ 183 1030]] , [[ 183 1031]]
[[ 206 1028]] , [[ 206 1029]]
[[206 984]] , [[206 989]]
[[206 984]] , [[206 989]]
[[182 958]] , [[182 967]]
[[ 522 1008]] , [[ 522 1009]]
[[190 992]] , [[190 997]]
[[ 522 1008]] , [[ 522 1009]]
[[182 958]] , [[182 967]]
[[ 518 1010]] , [[ 518 1011]]
[[ 356 1012]] , [[ 356 1016]]
[[ 516 1012]] , [[ 516 1013]]
[[520 856]] , [[519 857]]
[[520 857]] , [[519 858]]
[[ 362 1012]] , [[ 362 1013]]
[[504 856]] , [[504 857]]
[[504 856]] , [[504 857]]
[[ 362 1010]] , [[ 362 1011]]
[[ 362 1010]] , [[ 362 1011]]
[[206 958]] , [[206 977]]
[[210 964]] , [[210 967]]
[[ 366 1012]] , [[ 366 1017]]
[[ 534 1012]] , [[ 534 1013]]
[[222 968]] , [[222 969]]
[[536 868]] , [[537 867]]
[[ 536 1012]] , [[ 536 1013]]
[[558 854]] , [[558 855]]
[[760 848]] , [[759 849]]
[[ 546 1014]] , [[ 546 1017]]
[[ 556 1038]] , [[ 556 1039]]
[[ 520 1006]] , [[ 520 1007]]
[[304 864]] , [[304 873]]
[[770 910]] , [[770 945]]
[[ 198 1018]] , [[ 198 1023]]
[[ 752 1018]] , [[ 752 1019]]
[[ 516 1006]] , [[ 516 1013]]
[[ 222 1036]] , [[ 222 1037]]
[[342 858]] , [[342 861]]
[[ 760 1016]] , [[ 760 1017]]
[[ 224 1036]] , [[ 224 1043]]
[[626 862]] , [[626 863]]
[[ 522 1014]] , [[ 522 1015]]
[[408 885]] , [[409 884]]
[[327 882]] , [[328 881]]
[[ 544 1012]] , [[ 544 1013]]
[[324 860]] , [[324 863]]
[[430 856]] , [[430 857]]
[[542 853]] , [[541 854]]
[[329 876]] , [[330 875]]
[[327 880]] , [[328 879]]
[[317 870]] , [[318 869]]
[[327 882]] , [[328 881]]
[[304 862]] , [[304 873]]
[[196 898]] , [[196 902]]
[[250 890]] , [[250 899]]
[[205 982]] , [[205 983]]
[[304 862]] , [[304 863]]
[[204 976]] , [[204 991]]
[[666 862]] , [[666 863]]
[[296 870]] , [[296 877]]
[[ 204 1006]] , [[ 204 1013]]
[[670 862]] , [[670 863]]
[[402 870]] , [[402 875]]
[[344 862]] , [[344 869]]
[[334 886]] , [[334 895]]
[[404 886]] , [[404 895]]
[[402 872]] , [[402 879]]
[[404 886]] , [[404 896]]
[[404 876]] , [[404 883]]
[[324 878]] , [[324 881]]
