[[546 174]] , [[547 173]]
[[486 518]] , [[486 522]]
[[377 518]] , [[377 522]]
[[304 540]] , [[304 541]]
[[486 518]] , [[486 523]]
[[767 710]] , [[767 711]]
[[305 542]] , [[305 543]]
[[482 984]] , [[482 991]]
[[787 535]] , [[787 539]]
[[851 582]] , [[851 587]]
[[458 542]] , [[458 543]]
[[464 624]] , [[464 639]]
[[512 518]] , [[512 525]]
[[288 547]] , [[287 548]]
[[475 520]] , [[475 529]]
[[304 540]] , [[304 541]]
[[304 540]] , [[304 541]]
[[763 712]] , [[761 714]]
[[288 546]] , [[288 547]]
[[738 716]] , [[738 720]]
[[763 712]] , [[761 714]]
[[726 721]] , [[726 725]]
[[478 518]] , [[478 519]]
[[476 518]] , [[476 519]]
[[488 518]] , [[488 523]]
[[688 972]] , [[688 977]]
[[302 536]] , [[302 543]]
[[744 716]] , [[744 718]]
[[742 719]] , [[742 723]]
[[714 720]] , [[714 725]]
[[674 856]] , [[674 863]]
[[670 928]] , [[670 943]]
[[722 718]] , [[721 719]]
[[464 782]] , [[464 791]]
[[650 676]] , [[650 681]]
[[722 718]] , [[721 719]]
[[760 712]] , [[759 713]]
[[726 717]] , [[725 718]]
[[760 712]] , [[759 713]]
[[759 712]] , [[756 715]]
[[727 717]] , [[726 718]]
[[355 750]] , [[355 754]]
[[836 770]] , [[836 776]]
[[727 717]] , [[727 721]]
[[284 546]] , [[284 547]]
[[656 769]] , [[656 778]]
[[656 784]] , [[656 787]]
[[480 782]] , [[480 787]]
[[719 719]] , [[719 723]]
[[474 868]] , [[474 872]]
[[656 786]] , [[656 797]]
[[474 868]] , [[474 872]]
[[466 816]] , [[466 833]]
[[486 872]] , [[486 873]]
[[646 636]] , [[646 639]]
[[466 804]] , [[466 809]]
[[656 786]] , [[656 797]]
[[469 859]] , [[469 863]]
[[466 804]] , [[466 809]]
[[466 798]] , [[466 799]]
[[656 788]] , [[656 791]]
[[656 790]] , [[656 795]]
[[466 704]] , [[466 713]]
[[466 704]] , [[466 713]]
[[483 786]] , [[483 791]]
[[464 672]] , [[464 691]]
[[462 784]] , [[462 791]]
[[656 792]] , [[656 813]]
[[656 792]] , [[656 813]]
[[462 784]] , [[462 791]]
[[485 780]] , [[485 781]]
[[485 780]] , [[485 781]]
[[464 664]] , [[464 669]]
[[ 480 1006]] , [[ 480 1009]]
[[672 924]] , [[672 955]]
[[672 924]] , [[672 925]]
[[485 781]] , [[484 782]]
[[485 872]] , [[484 873]]
[[657 778]] , [[657 779]]
[[462 784]] , [[462 795]]
[[482 782]] , [[482 790]]
[[464 664]] , [[464 677]]
[[654 632]] , [[654 635]]
[[464 800]] , [[464 819]]
[[458 640]] , [[458 647]]
[[482 784]] , [[482 801]]
[[654 780]] , [[654 784]]
[[672 922]] , [[672 923]]
[[282 548]] , [[282 558]]
[[672 922]] , [[672 923]]
[[654 780]] , [[654 781]]
[[656 782]] , [[656 783]]
[[656 782]] , [[656 783]]
[[694 968]] , [[694 975]]
[[482 786]] , [[482 790]]
[[466 792]] , [[466 799]]
[[464 802]] , [[464 841]]
[[471 836]] , [[472 835]]
[[483 768]] , [[483 774]]
[[294 704]] , [[294 713]]
[[652 780]] , [[652 784]]
[[671 856]] , [[672 855]]
[[671 856]] , [[672 855]]
[[483 786]] , [[483 791]]
[[462 662]] , [[462 673]]
[[466 806]] , [[466 811]]
[[654 782]] , [[654 827]]
[[650 632]] , [[650 633]]
[[290 559]] , [[291 558]]
[[484 790]] , [[484 794]]
[[483 799]] , [[483 803]]
[[656 778]] , [[655 779]]
[[468 844]] , [[468 845]]
[[466 798]] , [[466 803]]
[[656 770]] , [[656 771]]
[[482 997]] , [[ 482 1005]]
[[468 804]] , [[468 805]]
[[672 922]] , [[672 923]]
[[656 770]] , [[656 775]]
[[656 796]] , [[656 797]]
[[468 866]] , [[468 871]]
[[304 542]] , [[304 543]]
[[841 570]] , [[842 569]]
[[303 546]] , [[303 550]]
[[284 548]] , [[284 549]]
[[842 766]] , [[842 781]]
[[302 546]] , [[302 551]]
[[814 886]] , [[814 893]]
[[518 520]] , [[518 525]]
[[652 654]] , [[652 659]]
[[656 720]] , [[656 725]]
[[656 798]] , [[656 811]]
[[658 798]] , [[658 837]]
[[670 922]] , [[670 931]]
[[658 812]] , [[658 825]]
[[ 496 1027]] , [[ 496 1035]]
[[686 982]] , [[686 989]]
[[664 832]] , [[664 837]]
[[786 710]] , [[786 711]]
[[282 546]] , [[282 555]]
[[686 976]] , [[686 993]]
[[ 835 1012]] , [[ 835 1017]]
[[ 735 1612]] , [[ 735 1616]]
[[702 994]] , [[700 996]]
[[ 832 1012]] , [[ 832 1019]]
[[740 716]] , [[740 718]]
[[ 683 1012]] , [[ 683 1016]]
[[ 805 1610]] , [[ 804 1611]]
[[473 540]] , [[473 545]]
[[764 710]] , [[764 711]]
[[812 702]] , [[812 703]]
[[290 714]] , [[290 719]]
[[848 550]] , [[848 555]]
[[816 700]] , [[816 701]]
[[304 535]] , [[303 536]]
[[856 582]] , [[856 587]]
[[379 516]] , [[379 520]]
[[828 834]] , [[828 839]]
[[818 698]] , [[818 699]]
[[ 468 1030]] , [[ 468 1039]]
[[836 854]] , [[836 865]]
[[838 920]] , [[838 931]]
[[838 782]] , [[838 783]]
[[ 842 1874]] , [[ 842 1879]]
[[838 921]] , [[837 922]]
[[ 850 1872]] , [[ 848 1874]]
[[ 683 1006]] , [[ 683 1007]]
[[676 958]] , [[676 971]]
[[656 798]] , [[656 809]]
[[ 485 1026]] , [[ 483 1028]]
[[674 868]] , [[674 877]]
[[835 986]] , [[836 985]]
[[837 774]] , [[837 777]]
[[470 866]] , [[470 870]]
[[486 776]] , [[486 783]]
[[470 866]] , [[470 870]]
[[654 782]] , [[654 829]]
[[674 932]] , [[674 941]]
[[468 866]] , [[468 871]]
[[674 926]] , [[674 927]]
[[672 928]] , [[672 957]]
[[686 874]] , [[686 879]]
[[468 866]] , [[468 871]]
[[672 928]] , [[672 959]]
[[470 812]] , [[470 815]]
[[ 304 1044]] , [[ 304 1045]]
[[ 496 1014]] , [[ 496 1019]]
[[468 809]] , [[468 813]]
[[840 780]] , [[840 781]]
[[832 928]] , [[832 943]]
[[832 928]] , [[832 943]]
[[674 928]] , [[674 953]]
[[816 879]] , [[816 883]]
[[ 498 1000]] , [[ 498 1009]]
[[681 848]] , [[681 852]]
[[674 926]] , [[674 953]]
[[484 768]] , [[484 772]]
[[338 886]] , [[338 893]]
[[838 778]] , [[838 781]]
[[ 482 1005]] , [[ 482 1009]]
[[838 778]] , [[838 781]]
[[ 700 1612]] , [[ 700 1616]]
[[838 778]] , [[838 783]]
[[ 738 1611]] , [[ 738 1615]]
[[ 846 1873]] , [[ 846 1879]]
[[ 496 1012]] , [[ 496 1013]]
[[ 493 1024]] , [[ 494 1023]]
[[834 928]] , [[834 935]]
[[468 768]] , [[468 783]]
[[836 764]] , [[836 769]]
[[468 848]] , [[468 863]]
[[472 866]] , [[472 871]]
[[324 744]] , [[324 747]]
[[672 926]] , [[672 930]]
[[ 486 1026]] , [[ 485 1027]]
[[360 750]] , [[360 755]]
[[304 748]] , [[304 757]]
[[838 778]] , [[838 784]]
[[464 702]] , [[464 707]]
[[304 748]] , [[304 752]]
[[839 778]] , [[839 781]]
[[836 828]] , [[836 832]]
[[650 646]] , [[650 657]]
[[836 936]] , [[836 944]]
[[838 966]] , [[838 971]]
[[837 950]] , [[837 959]]
[[304 540]] , [[304 543]]
[[848 570]] , [[848 575]]
[[304 540]] , [[304 543]]
[[834 992]] , [[834 995]]
[[ 832 1000]] , [[ 832 1003]]
[[ 740 1611]] , [[ 740 1615]]
[[ 826 1008]] , [[ 826 1009]]
[[ 763 1611]] , [[ 762 1612]]
[[684 944]] , [[684 949]]
[[686 982]] , [[686 983]]
[[674 942]] , [[674 949]]
[[688 988]] , [[688 989]]
[[470 894]] , [[470 901]]
[[660 852]] , [[660 853]]
[[678 980]] , [[678 981]]
[[466 992]] , [[ 466 1007]]
[[839 642]] , [[840 641]]
[[652 782]] , [[652 789]]
[[474 586]] , [[474 591]]
[[652 782]] , [[652 783]]
[[470 694]] , [[470 703]]
[[470 854]] , [[470 865]]
[[470 694]] , [[470 703]]
[[464 812]] , [[464 817]]
[[ 830 1612]] , [[ 830 1616]]
[[ 848 1616]] , [[ 848 1621]]
[[472 842]] , [[472 849]]
[[672 926]] , [[672 929]]
[[478 866]] , [[478 871]]
[[482 900]] , [[482 905]]
[[472 842]] , [[472 849]]
[[482 900]] , [[482 905]]
[[464 638]] , [[464 639]]
[[650 780]] , [[650 791]]
[[464 838]] , [[464 844]]
[[483 792]] , [[483 799]]
[[650 770]] , [[650 774]]
[[650 770]] , [[650 774]]
[[650 770]] , [[650 775]]
[[662 736]] , [[661 737]]
[[648 628]] , [[648 629]]
[[464 640]] , [[464 641]]
[[464 584]] , [[464 589]]
[[481 782]] , [[481 787]]
[[458 616]] , [[458 620]]
[[282 546]] , [[280 548]]
[[282 546]] , [[280 548]]
[[284 708]] , [[284 713]]
[[300 538]] , [[300 547]]
[[464 642]] , [[464 645]]
[[300 538]] , [[300 545]]
[[646 626]] , [[646 631]]
[[480 770]] , [[480 781]]
[[768 868]] , [[768 872]]
[[652 784]] , [[652 789]]
[[480 772]] , [[480 787]]
[[482 794]] , [[482 799]]
[[674 944]] , [[674 949]]
[[652 784]] , [[652 791]]
[[652 784]] , [[652 791]]
[[648 580]] , [[648 585]]
[[652 784]] , [[652 791]]
[[465 639]] , [[464 640]]
[[652 784]] , [[652 791]]
[[465 812]] , [[464 813]]
[[434 894]] , [[434 899]]
[[652 784]] , [[652 791]]
[[652 784]] , [[652 791]]
[[464 644]] , [[464 647]]
[[649 626]] , [[648 627]]
[[649 626]] , [[648 627]]
[[652 784]] , [[652 791]]
[[458 640]] , [[458 645]]
[[466 813]] , [[466 823]]
[[460 648]] , [[460 653]]
[[742 872]] , [[742 873]]
[[652 784]] , [[652 791]]
[[644 618]] , [[644 623]]
[[646 628]] , [[646 629]]
[[300 537]] , [[299 538]]
[[469 698]] , [[470 697]]
[[464 801]] , [[464 814]]
[[469 698]] , [[470 697]]
[[470 854]] , [[470 859]]
[[730 876]] , [[730 893]]
[[672 934]] , [[672 935]]
[[464 801]] , [[464 845]]
[[672 928]] , [[672 932]]
[[672 926]] , [[672 932]]
[[672 926]] , [[672 935]]
[[ 723 1611]] , [[ 723 1615]]
[[466 660]] , [[466 667]]
[[646 618]] , [[646 623]]
[[464 801]] , [[464 805]]
[[470 862]] , [[470 873]]
[[ 486 1000]] , [[ 486 1007]]
[[673 934]] , [[673 938]]
[[650 782]] , [[650 791]]
[[465 632]] , [[465 638]]
[[465 620]] , [[465 625]]
[[654 630]] , [[654 633]]
[[468 642]] , [[468 645]]
[[654 630]] , [[654 633]]
[[ 876 1876]] , [[ 876 1877]]
[[468 814]] , [[468 833]]
[[486 782]] , [[486 797]]
[[471 682]] , [[472 681]]
[[487 807]] , [[487 811]]
[[656 782]] , [[656 783]]
[[ 764 1612]] , [[ 764 1616]]
[[489 804]] , [[489 809]]
[[488 826]] , [[487 827]]
[[675 828]] , [[676 827]]
[[473 860]] , [[474 859]]
[[296 702]] , [[296 707]]
[[656 782]] , [[656 783]]
[[468 800]] , [[468 835]]
[[ 490 1002]] , [[ 490 1007]]
[[ 490 1002]] , [[ 490 1007]]
[[485 770]] , [[485 775]]
[[656 782]] , [[656 783]]
[[489 802]] , [[488 803]]
[[486 766]] , [[486 771]]
[[472 850]] , [[472 851]]
[[484 778]] , [[484 783]]
[[656 786]] , [[656 791]]
[[470 816]] , [[470 825]]
[[489 806]] , [[489 811]]
[[658 798]] , [[658 803]]
[[656 770]] , [[656 785]]
[[470 684]] , [[470 685]]
[[486 770]] , [[486 787]]
[[650 638]] , [[650 641]]
[[702 722]] , [[702 727]]
[[702 722]] , [[702 727]]
[[487 779]] , [[487 783]]
[[474 704]] , [[474 711]]
[[840 816]] , [[840 847]]
[[660 800]] , [[660 801]]
[[470 866]] , [[470 871]]
[[782 710]] , [[782 711]]
[[705 722]] , [[704 723]]
[[670 834]] , [[670 843]]
[[803 713]] , [[803 717]]
[[284 548]] , [[284 559]]
[[286 546]] , [[283 549]]
[[851 559]] , [[852 558]]
[[306 538]] , [[306 547]]
[[768 514]] , [[768 515]]
[[798 514]] , [[798 515]]
[[798 514]] , [[798 515]]
[[814 702]] , [[814 703]]
[[835 528]] , [[836 527]]
[[480 526]] , [[480 528]]
[[835 528]] , [[836 527]]
[[480 529]] , [[479 530]]
[[380 515]] , [[380 519]]
[[835 528]] , [[836 527]]
[[795 514]] , [[794 515]]
[[296 708]] , [[296 709]]
[[832 692]] , [[832 695]]
[[296 708]] , [[296 709]]
[[718 723]] , [[718 727]]
[[ 689 1004]] , [[ 689 1005]]
[[840 926]] , [[840 927]]
[[660 820]] , [[660 821]]
[[662 818]] , [[662 819]]
[[681 970]] , [[681 975]]
[[470 810]] , [[470 813]]
[[466 862]] , [[466 867]]
[[470 862]] , [[470 877]]
[[470 862]] , [[470 877]]
[[678 822]] , [[678 827]]
[[470 810]] , [[470 817]]
[[678 822]] , [[678 827]]
[[ 304 1052]] , [[ 304 1057]]
[[838 924]] , [[838 925]]
[[ 474 1001]] , [[ 474 1005]]
[[676 928]] , [[676 931]]
[[ 496 1034]] , [[ 497 1033]]
[[843 962]] , [[844 961]]
[[678 820]] , [[678 829]]
[[471 865]] , [[471 869]]
[[674 926]] , [[674 927]]
[[841 980]] , [[842 979]]
[[ 480 1001]] , [[ 480 1005]]
[[332 900]] , [[332 904]]
[[ 721 1611]] , [[ 720 1612]]
[[ 485 1016]] , [[ 484 1017]]
[[ 502 1018]] , [[ 502 1023]]
[[836 922]] , [[834 924]]
[[ 795 1873]] , [[ 794 1874]]
[[837 922]] , [[836 923]]
[[ 873 1615]] , [[ 872 1616]]
[[ 864 1616]] , [[ 864 1620]]
[[ 475 1019]] , [[ 475 1021]]
[[ 475 1024]] , [[ 476 1023]]
[[ 475 1024]] , [[ 476 1023]]
[[836 924]] , [[836 927]]
[[ 470 1021]] , [[ 470 1023]]
[[836 926]] , [[836 927]]
[[ 472 1000]] , [[ 472 1007]]
[[675 924]] , [[675 927]]
[[ 868 1617]] , [[ 868 1623]]
[[468 810]] , [[468 813]]
[[470 832]] , [[470 833]]
[[470 832]] , [[470 833]]
[[469 810]] , [[469 811]]
[[484 770]] , [[484 775]]
[[468 822]] , [[468 829]]
[[468 810]] , [[468 817]]
[[468 810]] , [[468 817]]
[[468 810]] , [[468 817]]
[[334 902]] , [[334 907]]
[[470 784]] , [[470 788]]
[[488 970]] , [[488 975]]
[[674 928]] , [[674 951]]
[[310 903]] , [[309 904]]
[[676 870]] , [[676 875]]
[[328 904]] , [[328 905]]
[[676 932]] , [[676 943]]
[[483 996]] , [[483 997]]
[[300 899]] , [[300 903]]
[[292 898]] , [[292 903]]
[[ 499 1020]] , [[ 500 1019]]
[[686 998]] , [[686 999]]
[[837 834]] , [[838 833]]
[[836 798]] , [[836 803]]
[[ 490 1018]] , [[ 490 1021]]
[[319 905]] , [[319 909]]
[[662 814]] , [[662 819]]
[[ 699 1024]] , [[ 700 1023]]
[[661 822]] , [[661 831]]
[[ 490 1019]] , [[ 490 1021]]
[[ 689 1018]] , [[ 690 1017]]
[[ 299 1044]] , [[ 300 1043]]
[[ 690 1007]] , [[ 690 1009]]
[[ 688 1005]] , [[ 688 1011]]
[[320 906]] , [[320 910]]
[[318 904]] , [[318 912]]
[[812 880]] , [[812 881]]
[[ 502 1006]] , [[ 502 1023]]
[[812 878]] , [[812 879]]
[[796 886]] , [[796 890]]
[[318 904]] , [[318 905]]
[[290 888]] , [[290 895]]
[[838 924]] , [[838 925]]
[[ 700 1018]] , [[ 700 1023]]
[[838 922]] , [[838 925]]
[[312 904]] , [[312 909]]
[[312 904]] , [[312 909]]
[[ 489 1019]] , [[ 488 1020]]
[[ 489 1019]] , [[ 488 1020]]
[[ 689 1012]] , [[ 690 1011]]
[[814 866]] , [[814 867]]
[[ 688 1004]] , [[ 688 1005]]
[[838 990]] , [[838 991]]
[[ 707 1020]] , [[ 708 1019]]
[[ 683 1020]] , [[ 684 1019]]
[[ 699 1022]] , [[ 700 1021]]
[[ 705 1024]] , [[ 706 1023]]
[[ 482 1004]] , [[ 482 1005]]
[[837 992]] , [[838 991]]
[[686 986]] , [[686 989]]
[[692 876]] , [[692 877]]
[[ 494 1003]] , [[ 494 1007]]
[[692 876]] , [[692 887]]
[[818 866]] , [[818 867]]
[[823 878]] , [[824 877]]
[[686 986]] , [[686 987]]
[[322 740]] , [[322 741]]
[[838 836]] , [[838 847]]
[[836 766]] , [[836 767]]
[[838 802]] , [[838 807]]
[[646 736]] , [[646 745]]
[[832 830]] , [[832 839]]
[[832 816]] , [[832 825]]
[[514 742]] , [[514 747]]
[[835 758]] , [[835 762]]
[[844 812]] , [[844 813]]
[[656 752]] , [[656 757]]
[[662 846]] , [[662 855]]
[[834 776]] , [[834 781]]
[[834 778]] , [[834 783]]
[[822 862]] , [[822 867]]
[[840 910]] , [[840 911]]
[[844 876]] , [[844 881]]
[[830 926]] , [[830 945]]
[[688 876]] , [[688 881]]
[[832 910]] , [[832 917]]
[[458 888]] , [[458 893]]
[[720 878]] , [[720 883]]
[[674 865]] , [[673 866]]
[[338 888]] , [[338 893]]
[[722 876]] , [[722 877]]
[[338 889]] , [[338 893]]
[[822 884]] , [[822 889]]
[[680 976]] , [[680 991]]
[[ 760 1873]] , [[ 760 1875]]
[[ 496 1018]] , [[ 496 1023]]
[[720 878]] , [[720 883]]
[[840 752]] , [[840 761]]
[[648 712]] , [[648 713]]
[[657 755]] , [[657 760]]
[[803 864]] , [[803 865]]
[[801 864]] , [[801 865]]
[[662 862]] , [[662 873]]
[[797 871]] , [[796 872]]
[[646 656]] , [[646 665]]
[[341 744]] , [[340 745]]
[[654 716]] , [[654 717]]
[[682 992]] , [[682 997]]
[[662 864]] , [[662 871]]
[[628 730]] , [[628 735]]
[[662 816]] , [[662 829]]
[[648 732]] , [[648 737]]
[[658 814]] , [[658 831]]
[[648 638]] , [[648 639]]
[[679 851]] , [[679 855]]
[[658 798]] , [[658 799]]
[[ 482 1004]] , [[ 482 1013]]
[[468 846]] , [[468 861]]
[[656 782]] , [[656 793]]
[[654 782]] , [[654 787]]
[[672 924]] , [[672 947]]
[[672 924]] , [[672 947]]
[[466 789]] , [[466 794]]
[[672 924]] , [[672 949]]
[[656 782]] , [[656 793]]
[[ 487 1014]] , [[ 488 1013]]
[[486 518]] , [[486 522]]
[[377 518]] , [[377 522]]
[[304 540]] , [[304 541]]
[[486 518]] , [[486 523]]
[[767 710]] , [[767 711]]
[[305 542]] , [[305 543]]
[[482 984]] , [[482 991]]
[[787 535]] , [[787 539]]
[[851 582]] , [[851 587]]
[[458 542]] , [[458 543]]
[[464 624]] , [[464 639]]
[[512 518]] , [[512 525]]
[[288 547]] , [[287 548]]
[[475 520]] , [[475 529]]
[[304 540]] , [[304 541]]
[[304 540]] , [[304 541]]
[[763 712]] , [[761 714]]
[[288 546]] , [[288 547]]
[[738 716]] , [[738 720]]
[[763 712]] , [[761 714]]
[[726 721]] , [[726 725]]
[[478 518]] , [[478 519]]
[[476 518]] , [[476 519]]
[[488 518]] , [[488 523]]
[[688 972]] , [[688 977]]
[[302 536]] , [[302 543]]
[[744 716]] , [[744 718]]
[[742 719]] , [[742 723]]
[[714 720]] , [[714 725]]
[[674 856]] , [[674 863]]
[[670 928]] , [[670 943]]
[[722 718]] , [[721 719]]
[[464 782]] , [[464 791]]
[[650 676]] , [[650 681]]
[[722 718]] , [[721 719]]
[[760 712]] , [[759 713]]
[[726 717]] , [[725 718]]
[[760 712]] , [[759 713]]
[[759 712]] , [[756 715]]
[[727 717]] , [[726 718]]
[[355 750]] , [[355 754]]
[[836 770]] , [[836 776]]
[[727 717]] , [[727 721]]
[[284 546]] , [[284 547]]
[[656 769]] , [[656 778]]
[[656 784]] , [[656 787]]
[[480 782]] , [[480 787]]
[[719 719]] , [[719 723]]
[[474 868]] , [[474 872]]
[[656 786]] , [[656 797]]
[[474 868]] , [[474 872]]
[[466 816]] , [[466 833]]
[[486 872]] , [[486 873]]
[[646 636]] , [[646 639]]
[[466 804]] , [[466 809]]
[[656 786]] , [[656 797]]
[[469 859]] , [[469 863]]
[[466 804]] , [[466 809]]
[[466 798]] , [[466 799]]
[[656 788]] , [[656 791]]
[[656 790]] , [[656 795]]
[[466 704]] , [[466 713]]
[[466 704]] , [[466 713]]
[[483 786]] , [[483 791]]
[[464 672]] , [[464 691]]
[[462 784]] , [[462 791]]
[[656 792]] , [[656 813]]
[[656 792]] , [[656 813]]
[[462 784]] , [[462 791]]
[[485 780]] , [[485 781]]
[[485 780]] , [[485 781]]
[[464 664]] , [[464 669]]
[[ 480 1006]] , [[ 480 1009]]
[[672 924]] , [[672 955]]
[[672 924]] , [[672 925]]
[[485 781]] , [[484 782]]
[[485 872]] , [[484 873]]
[[657 778]] , [[657 779]]
[[462 784]] , [[462 795]]
[[482 782]] , [[482 790]]
[[464 664]] , [[464 677]]
[[654 632]] , [[654 635]]
[[464 800]] , [[464 819]]
[[458 640]] , [[458 647]]
[[482 784]] , [[482 801]]
[[654 780]] , [[654 784]]
[[672 922]] , [[672 923]]
[[282 548]] , [[282 558]]
[[672 922]] , [[672 923]]
[[654 780]] , [[654 781]]
[[656 782]] , [[656 783]]
[[656 782]] , [[656 783]]
[[694 968]] , [[694 975]]
[[482 786]] , [[482 790]]
[[466 792]] , [[466 799]]
[[464 802]] , [[464 841]]
[[471 836]] , [[472 835]]
[[483 768]] , [[483 774]]
[[294 704]] , [[294 713]]
[[652 780]] , [[652 784]]
[[671 856]] , [[672 855]]
[[671 856]] , [[672 855]]
[[483 786]] , [[483 791]]
[[462 662]] , [[462 673]]
[[466 806]] , [[466 811]]
[[654 782]] , [[654 827]]
[[650 632]] , [[650 633]]
[[290 559]] , [[291 558]]
[[484 790]] , [[484 794]]
[[483 799]] , [[483 803]]
[[656 778]] , [[655 779]]
[[468 844]] , [[468 845]]
[[466 798]] , [[466 803]]
[[656 770]] , [[656 771]]
[[482 997]] , [[ 482 1005]]
[[468 804]] , [[468 805]]
[[672 922]] , [[672 923]]
[[656 770]] , [[656 775]]
[[656 796]] , [[656 797]]
[[468 866]] , [[468 871]]
[[304 542]] , [[304 543]]
[[841 570]] , [[842 569]]
[[303 546]] , [[303 550]]
[[284 548]] , [[284 549]]
[[842 766]] , [[842 781]]
[[302 546]] , [[302 551]]
[[814 886]] , [[814 893]]
[[518 520]] , [[518 525]]
[[652 654]] , [[652 659]]
[[656 720]] , [[656 725]]
[[656 798]] , [[656 811]]
[[658 798]] , [[658 837]]
[[670 922]] , [[670 931]]
[[658 812]] , [[658 825]]
[[ 496 1027]] , [[ 496 1035]]
[[686 982]] , [[686 989]]
[[664 832]] , [[664 837]]
[[786 710]] , [[786 711]]
[[282 546]] , [[282 555]]
[[686 976]] , [[686 993]]
[[ 835 1012]] , [[ 835 1017]]
[[ 735 1612]] , [[ 735 1616]]
[[702 994]] , [[700 996]]
[[ 832 1012]] , [[ 832 1019]]
[[740 716]] , [[740 718]]
[[ 683 1012]] , [[ 683 1016]]
[[ 805 1610]] , [[ 804 1611]]
[[473 540]] , [[473 545]]
[[764 710]] , [[764 711]]
[[812 702]] , [[812 703]]
[[290 714]] , [[290 719]]
[[848 550]] , [[848 555]]
[[816 700]] , [[816 701]]
[[304 535]] , [[303 536]]
[[856 582]] , [[856 587]]
[[379 516]] , [[379 520]]
[[828 834]] , [[828 839]]
[[818 698]] , [[818 699]]
[[ 468 1030]] , [[ 468 1039]]
[[836 854]] , [[836 865]]
[[838 920]] , [[838 931]]
[[838 782]] , [[838 783]]
[[ 842 1874]] , [[ 842 1879]]
[[838 921]] , [[837 922]]
[[ 850 1872]] , [[ 848 1874]]
[[ 683 1006]] , [[ 683 1007]]
[[676 958]] , [[676 971]]
[[656 798]] , [[656 809]]
[[ 485 1026]] , [[ 483 1028]]
[[674 868]] , [[674 877]]
[[835 986]] , [[836 985]]
[[837 774]] , [[837 777]]
[[470 866]] , [[470 870]]
[[486 776]] , [[486 783]]
[[470 866]] , [[470 870]]
[[654 782]] , [[654 829]]
[[674 932]] , [[674 941]]
[[468 866]] , [[468 871]]
[[674 926]] , [[674 927]]
[[672 928]] , [[672 957]]
[[686 874]] , [[686 879]]
[[468 866]] , [[468 871]]
[[672 928]] , [[672 959]]
[[470 812]] , [[470 815]]
[[ 304 1044]] , [[ 304 1045]]
[[ 496 1014]] , [[ 496 1019]]
[[468 809]] , [[468 813]]
[[840 780]] , [[840 781]]
[[832 928]] , [[832 943]]
[[832 928]] , [[832 943]]
[[674 928]] , [[674 953]]
[[816 879]] , [[816 883]]
[[ 498 1000]] , [[ 498 1009]]
[[681 848]] , [[681 852]]
[[674 926]] , [[674 953]]
[[484 768]] , [[484 772]]
[[338 886]] , [[338 893]]
[[838 778]] , [[838 781]]
[[ 482 1005]] , [[ 482 1009]]
[[838 778]] , [[838 781]]
[[ 700 1612]] , [[ 700 1616]]
[[838 778]] , [[838 783]]
[[ 738 1611]] , [[ 738 1615]]
[[ 846 1873]] , [[ 846 1879]]
[[ 496 1012]] , [[ 496 1013]]
[[ 493 1024]] , [[ 494 1023]]
[[834 928]] , [[834 935]]
[[468 768]] , [[468 783]]
[[836 764]] , [[836 769]]
[[468 848]] , [[468 863]]
[[472 866]] , [[472 871]]
[[324 744]] , [[324 747]]
[[672 926]] , [[672 930]]
[[ 486 1026]] , [[ 485 1027]]
[[360 750]] , [[360 755]]
[[304 748]] , [[304 757]]
[[838 778]] , [[838 784]]
[[464 702]] , [[464 707]]
[[304 748]] , [[304 752]]
[[839 778]] , [[839 781]]
[[836 828]] , [[836 832]]
[[650 646]] , [[650 657]]
[[836 936]] , [[836 944]]
[[838 966]] , [[838 971]]
[[837 950]] , [[837 959]]
[[304 540]] , [[304 543]]
[[848 570]] , [[848 575]]
[[304 540]] , [[304 543]]
[[834 992]] , [[834 995]]
[[ 832 1000]] , [[ 832 1003]]
[[ 740 1611]] , [[ 740 1615]]
[[ 826 1008]] , [[ 826 1009]]
[[ 763 1611]] , [[ 762 1612]]
[[684 944]] , [[684 949]]
[[686 982]] , [[686 983]]
[[674 942]] , [[674 949]]
[[688 988]] , [[688 989]]
[[470 894]] , [[470 901]]
[[660 852]] , [[660 853]]
[[678 980]] , [[678 981]]
[[466 992]] , [[ 466 1007]]
[[839 642]] , [[840 641]]
[[652 782]] , [[652 789]]
[[474 586]] , [[474 591]]
[[652 782]] , [[652 783]]
[[470 694]] , [[470 703]]
[[470 854]] , [[470 865]]
[[470 694]] , [[470 703]]
[[464 812]] , [[464 817]]
[[ 830 1612]] , [[ 830 1616]]
[[ 848 1616]] , [[ 848 1621]]
[[472 842]] , [[472 849]]
[[672 926]] , [[672 929]]
[[478 866]] , [[478 871]]
[[482 900]] , [[482 905]]
[[472 842]] , [[472 849]]
[[482 900]] , [[482 905]]
[[464 638]] , [[464 639]]
[[650 780]] , [[650 791]]
[[464 838]] , [[464 844]]
[[483 792]] , [[483 799]]
[[650 770]] , [[650 774]]
[[650 770]] , [[650 774]]
[[650 770]] , [[650 775]]
[[662 736]] , [[661 737]]
[[648 628]] , [[648 629]]
[[464 640]] , [[464 641]]
[[464 584]] , [[464 589]]
[[481 782]] , [[481 787]]
[[458 616]] , [[458 620]]
[[282 546]] , [[280 548]]
[[282 546]] , [[280 548]]
[[284 708]] , [[284 713]]
[[300 538]] , [[300 547]]
[[464 642]] , [[464 645]]
[[300 538]] , [[300 545]]
[[646 626]] , [[646 631]]
[[480 770]] , [[480 781]]
[[768 868]] , [[768 872]]
[[652 784]] , [[652 789]]
[[480 772]] , [[480 787]]
[[482 794]] , [[482 799]]
[[674 944]] , [[674 949]]
[[652 784]] , [[652 791]]
[[652 784]] , [[652 791]]
[[648 580]] , [[648 585]]
[[652 784]] , [[652 791]]
[[465 639]] , [[464 640]]
[[652 784]] , [[652 791]]
[[465 812]] , [[464 813]]
[[434 894]] , [[434 899]]
[[652 784]] , [[652 791]]
[[652 784]] , [[652 791]]
[[464 644]] , [[464 647]]
[[649 626]] , [[648 627]]
[[649 626]] , [[648 627]]
[[652 784]] , [[652 791]]
[[458 640]] , [[458 645]]
[[466 813]] , [[466 823]]
[[460 648]] , [[460 653]]
[[742 872]] , [[742 873]]
[[652 784]] , [[652 791]]
[[644 618]] , [[644 623]]
[[646 628]] , [[646 629]]
[[300 537]] , [[299 538]]
[[469 698]] , [[470 697]]
[[464 801]] , [[464 814]]
[[469 698]] , [[470 697]]
[[470 854]] , [[470 859]]
[[730 876]] , [[730 893]]
[[672 934]] , [[672 935]]
[[464 801]] , [[464 845]]
[[672 928]] , [[672 932]]
[[672 926]] , [[672 932]]
[[672 926]] , [[672 935]]
[[ 723 1611]] , [[ 723 1615]]
[[466 660]] , [[466 667]]
[[646 618]] , [[646 623]]
[[464 801]] , [[464 805]]
[[470 862]] , [[470 873]]
[[ 486 1000]] , [[ 486 1007]]
[[673 934]] , [[673 938]]
[[650 782]] , [[650 791]]
[[465 632]] , [[465 638]]
[[465 620]] , [[465 625]]
[[654 630]] , [[654 633]]
[[468 642]] , [[468 645]]
[[654 630]] , [[654 633]]
[[ 876 1876]] , [[ 876 1877]]
[[468 814]] , [[468 833]]
[[486 782]] , [[486 797]]
[[471 682]] , [[472 681]]
[[487 807]] , [[487 811]]
[[656 782]] , [[656 783]]
[[ 764 1612]] , [[ 764 1616]]
[[489 804]] , [[489 809]]
[[488 826]] , [[487 827]]
[[675 828]] , [[676 827]]
[[473 860]] , [[474 859]]
[[296 702]] , [[296 707]]
[[656 782]] , [[656 783]]
[[468 800]] , [[468 835]]
[[ 490 1002]] , [[ 490 1007]]
[[ 490 1002]] , [[ 490 1007]]
[[485 770]] , [[485 775]]
[[656 782]] , [[656 783]]
[[489 802]] , [[488 803]]
[[486 766]] , [[486 771]]
[[472 850]] , [[472 851]]
[[484 778]] , [[484 783]]
[[656 786]] , [[656 791]]
[[470 816]] , [[470 825]]
[[489 806]] , [[489 811]]
[[658 798]] , [[658 803]]
[[656 770]] , [[656 785]]
[[470 684]] , [[470 685]]
[[486 770]] , [[486 787]]
[[650 638]] , [[650 641]]
[[702 722]] , [[702 727]]
[[702 722]] , [[702 727]]
[[487 779]] , [[487 783]]
[[474 704]] , [[474 711]]
[[840 816]] , [[840 847]]
[[660 800]] , [[660 801]]
[[470 866]] , [[470 871]]
[[782 710]] , [[782 711]]
[[705 722]] , [[704 723]]
[[670 834]] , [[670 843]]
[[803 713]] , [[803 717]]
[[284 548]] , [[284 559]]
[[286 546]] , [[283 549]]
[[851 559]] , [[852 558]]
[[306 538]] , [[306 547]]
[[768 514]] , [[768 515]]
[[798 514]] , [[798 515]]
[[798 514]] , [[798 515]]
[[814 702]] , [[814 703]]
[[835 528]] , [[836 527]]
[[480 526]] , [[480 528]]
[[835 528]] , [[836 527]]
[[480 529]] , [[479 530]]
[[380 515]] , [[380 519]]
[[835 528]] , [[836 527]]
[[795 514]] , [[794 515]]
[[296 708]] , [[296 709]]
[[832 692]] , [[832 695]]
[[296 708]] , [[296 709]]
[[718 723]] , [[718 727]]
[[ 689 1004]] , [[ 689 1005]]
[[840 926]] , [[840 927]]
[[660 820]] , [[660 821]]
[[662 818]] , [[662 819]]
[[681 970]] , [[681 975]]
[[470 810]] , [[470 813]]
[[466 862]] , [[466 867]]
[[470 862]] , [[470 877]]
[[470 862]] , [[470 877]]
[[678 822]] , [[678 827]]
[[470 810]] , [[470 817]]
[[678 822]] , [[678 827]]
[[ 304 1052]] , [[ 304 1057]]
[[838 924]] , [[838 925]]
[[ 474 1001]] , [[ 474 1005]]
[[676 928]] , [[676 931]]
[[ 496 1034]] , [[ 497 1033]]
[[843 962]] , [[844 961]]
[[678 820]] , [[678 829]]
[[471 865]] , [[471 869]]
[[674 926]] , [[674 927]]
[[841 980]] , [[842 979]]
[[ 480 1001]] , [[ 480 1005]]
[[332 900]] , [[332 904]]
[[ 721 1611]] , [[ 720 1612]]
[[ 485 1016]] , [[ 484 1017]]
[[ 502 1018]] , [[ 502 1023]]
[[836 922]] , [[834 924]]
[[ 795 1873]] , [[ 794 1874]]
[[837 922]] , [[836 923]]
[[ 873 1615]] , [[ 872 1616]]
[[ 864 1616]] , [[ 864 1620]]
[[ 475 1019]] , [[ 475 1021]]
[[ 475 1024]] , [[ 476 1023]]
[[ 475 1024]] , [[ 476 1023]]
[[836 924]] , [[836 927]]
[[ 470 1021]] , [[ 470 1023]]
[[836 926]] , [[836 927]]
[[ 472 1000]] , [[ 472 1007]]
[[675 924]] , [[675 927]]
[[ 868 1617]] , [[ 868 1623]]
[[468 810]] , [[468 813]]
[[470 832]] , [[470 833]]
[[470 832]] , [[470 833]]
[[469 810]] , [[469 811]]
[[484 770]] , [[484 775]]
[[468 822]] , [[468 829]]
[[468 810]] , [[468 817]]
[[468 810]] , [[468 817]]
[[468 810]] , [[468 817]]
[[334 902]] , [[334 907]]
[[470 784]] , [[470 788]]
[[488 970]] , [[488 975]]
[[674 928]] , [[674 951]]
[[310 903]] , [[309 904]]
[[676 870]] , [[676 875]]
[[328 904]] , [[328 905]]
[[676 932]] , [[676 943]]
[[483 996]] , [[483 997]]
[[300 899]] , [[300 903]]
[[292 898]] , [[292 903]]
[[ 499 1020]] , [[ 500 1019]]
[[686 998]] , [[686 999]]
[[837 834]] , [[838 833]]
[[836 798]] , [[836 803]]
[[ 490 1018]] , [[ 490 1021]]
[[319 905]] , [[319 909]]
[[662 814]] , [[662 819]]
[[ 699 1024]] , [[ 700 1023]]
[[661 822]] , [[661 831]]
[[ 490 1019]] , [[ 490 1021]]
[[ 689 1018]] , [[ 690 1017]]
[[ 299 1044]] , [[ 300 1043]]
[[ 690 1007]] , [[ 690 1009]]
[[ 688 1005]] , [[ 688 1011]]
[[320 906]] , [[320 910]]
[[318 904]] , [[318 912]]
[[812 880]] , [[812 881]]
[[ 502 1006]] , [[ 502 1023]]
[[812 878]] , [[812 879]]
[[796 886]] , [[796 890]]
[[318 904]] , [[318 905]]
[[290 888]] , [[290 895]]
[[838 924]] , [[838 925]]
[[ 700 1018]] , [[ 700 1023]]
[[838 922]] , [[838 925]]
[[312 904]] , [[312 909]]
[[312 904]] , [[312 909]]
[[ 489 1019]] , [[ 488 1020]]
[[ 489 1019]] , [[ 488 1020]]
[[ 689 1012]] , [[ 690 1011]]
[[814 866]] , [[814 867]]
[[ 688 1004]] , [[ 688 1005]]
[[838 990]] , [[838 991]]
[[ 707 1020]] , [[ 708 1019]]
[[ 683 1020]] , [[ 684 1019]]
[[ 699 1022]] , [[ 700 1021]]
[[ 705 1024]] , [[ 706 1023]]
[[ 482 1004]] , [[ 482 1005]]
[[837 992]] , [[838 991]]
[[686 986]] , [[686 989]]
[[692 876]] , [[692 877]]
[[ 494 1003]] , [[ 494 1007]]
[[692 876]] , [[692 887]]
[[818 866]] , [[818 867]]
[[823 878]] , [[824 877]]
[[686 986]] , [[686 987]]
[[322 740]] , [[322 741]]
[[838 836]] , [[838 847]]
[[836 766]] , [[836 767]]
[[838 802]] , [[838 807]]
[[646 736]] , [[646 745]]
[[832 830]] , [[832 839]]
[[832 816]] , [[832 825]]
[[514 742]] , [[514 747]]
[[835 758]] , [[835 762]]
[[844 812]] , [[844 813]]
[[656 752]] , [[656 757]]
[[662 846]] , [[662 855]]
[[834 776]] , [[834 781]]
[[834 778]] , [[834 783]]
[[822 862]] , [[822 867]]
[[840 910]] , [[840 911]]
[[844 876]] , [[844 881]]
[[830 926]] , [[830 945]]
[[688 876]] , [[688 881]]
[[832 910]] , [[832 917]]
[[458 888]] , [[458 893]]
[[720 878]] , [[720 883]]
[[674 865]] , [[673 866]]
[[338 888]] , [[338 893]]
[[722 876]] , [[722 877]]
[[338 889]] , [[338 893]]
[[822 884]] , [[822 889]]
[[680 976]] , [[680 991]]
[[ 760 1873]] , [[ 760 1875]]
[[ 496 1018]] , [[ 496 1023]]
[[720 878]] , [[720 883]]
[[840 752]] , [[840 761]]
[[648 712]] , [[648 713]]
[[657 755]] , [[657 760]]
[[803 864]] , [[803 865]]
[[801 864]] , [[801 865]]
[[662 862]] , [[662 873]]
[[797 871]] , [[796 872]]
[[646 656]] , [[646 665]]
[[341 744]] , [[340 745]]
[[654 716]] , [[654 717]]
[[682 992]] , [[682 997]]
[[662 864]] , [[662 871]]
[[628 730]] , [[628 735]]
[[662 816]] , [[662 829]]
[[648 732]] , [[648 737]]
[[658 814]] , [[658 831]]
[[648 638]] , [[648 639]]
[[679 851]] , [[679 855]]
[[658 798]] , [[658 799]]
[[ 482 1004]] , [[ 482 1013]]
[[468 846]] , [[468 861]]
[[656 782]] , [[656 793]]
[[654 782]] , [[654 787]]
[[672 924]] , [[672 947]]
[[672 924]] , [[672 947]]
[[466 789]] , [[466 794]]
[[672 924]] , [[672 949]]
[[656 782]] , [[656 793]]
[[ 487 1014]] , [[ 488 1013]]
[[312 864]] , [[312 879]]
[[312 866]] , [[312 879]]
[[ 518 1012]] , [[ 518 1013]]
[[ 518 1012]] , [[ 518 1013]]
[[ 514 1012]] , [[ 514 1019]]
[[ 520 1010]] , [[ 520 1011]]
[[ 219 1078]] , [[ 220 1077]]
[[646 860]] , [[646 861]]
[[646 860]] , [[645 861]]
[[406 856]] , [[406 857]]
[[336 858]] , [[336 859]]
[[329 870]] , [[330 869]]
[[336 859]] , [[335 860]]
[[321 876]] , [[322 875]]
[[646 864]] , [[646 865]]
[[644 862]] , [[644 863]]
[[299 860]] , [[299 861]]
[[ 750 1016]] , [[ 750 1023]]
[[ 542 1010]] , [[ 542 1011]]
[[218 910]] , [[218 915]]
[[ 516 1012]] , [[ 516 1013]]
[[ 516 1012]] , [[ 516 1013]]
[[ 752 1016]] , [[ 752 1017]]
[[ 216 1166]] , [[ 216 1171]]
[[ 751 1016]] , [[ 751 1020]]
[[ 233 1284]] , [[ 234 1283]]
[[ 370 1018]] , [[ 370 1020]]
[[ 372 1018]] , [[ 372 1019]]
[[ 372 1018]] , [[ 372 1019]]
[[ 230 1104]] , [[ 230 1123]]
[[ 232 1141]] , [[ 232 1145]]
[[ 374 1188]] , [[ 374 1189]]
[[ 372 1016]] , [[ 372 1017]]
[[642 862]] , [[642 863]]
[[ 374 1020]] , [[ 374 1021]]
[[ 232 1104]] , [[ 232 1105]]
[[ 230 1106]] , [[ 230 1123]]
[[ 374 1016]] , [[ 374 1017]]
[[ 516 1010]] , [[ 516 1011]]
[[ 370 1016]] , [[ 370 1033]]
[[ 756 1016]] , [[ 756 1017]]
[[ 230 1106]] , [[ 230 1123]]
[[ 542 1012]] , [[ 542 1013]]
[[ 376 1018]] , [[ 376 1019]]
[[ 374 1018]] , [[ 374 1021]]
[[ 223 1280]] , [[ 224 1279]]
[[ 374 1018]] , [[ 374 1021]]
[[ 223 1280]] , [[ 224 1279]]
[[ 752 1016]] , [[ 752 1021]]
[[ 374 1018]] , [[ 374 1023]]
[[ 373 1018]] , [[ 373 1019]]
[[ 373 1018]] , [[ 373 1019]]
[[300 862]] , [[300 863]]
[[640 864]] , [[640 865]]
[[640 864]] , [[640 865]]
[[224 898]] , [[224 902]]
[[434 860]] , [[433 861]]
[[314 860]] , [[314 865]]
[[216 930]] , [[216 935]]
[[222 898]] , [[222 899]]
[[638 862]] , [[638 863]]
[[220 900]] , [[220 907]]
[[318 861]] , [[317 862]]
[[218 902]] , [[218 909]]
[[218 902]] , [[218 909]]
[[240 892]] , [[240 897]]
[[428 860]] , [[427 861]]
[[426 860]] , [[425 861]]
[[ 374 1016]] , [[ 374 1017]]
[[ 214 1034]] , [[ 214 1039]]
[[210 900]] , [[210 903]]
[[212 900]] , [[212 901]]
[[212 900]] , [[212 901]]
[[212 900]] , [[212 901]]
[[212 904]] , [[212 909]]
[[204 930]] , [[204 937]]
[[214 926]] , [[214 931]]
[[214 902]] , [[214 903]]
[[622 862]] , [[622 863]]
[[214 904]] , [[214 909]]
[[214 926]] , [[214 931]]
[[ 209 1054]] , [[ 210 1053]]
[[214 924]] , [[214 925]]
[[386 938]] , [[386 943]]
[[ 369 1020]] , [[ 369 1023]]
[[ 510 1012]] , [[ 510 1013]]
[[ 219 1064]] , [[ 220 1063]]
[[ 522 1012]] , [[ 522 1013]]
[[ 516 1012]] , [[ 516 1013]]
[[ 746 1022]] , [[ 746 1023]]
[[ 526 1012]] , [[ 526 1013]]
[[ 502 1014]] , [[ 502 1023]]
[[ 746 1024]] , [[ 746 1025]]
[[192 992]] , [[192 997]]
[[378 992]] , [[378 999]]
[[ 203 1050]] , [[ 204 1049]]
[[ 390 1160]] , [[ 390 1165]]
[[ 388 1170]] , [[ 388 1179]]
[[ 520 1200]] , [[ 520 1201]]
[[ 364 1166]] , [[ 364 1171]]
[[ 518 1198]] , [[ 518 1199]]
[[ 208 1034]] , [[ 208 1037]]
[[ 207 1060]] , [[ 208 1059]]
[[ 217 1158]] , [[ 218 1157]]
[[ 205 1066]] , [[ 206 1065]]
[[ 506 1014]] , [[ 506 1017]]
[[186 986]] , [[186 991]]
[[204 960]] , [[204 965]]
[[190 984]] , [[190 985]]
[[ 518 1012]] , [[ 518 1013]]
[[194 934]] , [[194 947]]
[[ 506 1014]] , [[ 506 1019]]
[[192 934]] , [[192 943]]
[[192 934]] , [[192 943]]
[[208 922]] , [[208 927]]
[[208 920]] , [[208 927]]
[[762 974]] , [[762 979]]
[[195 952]] , [[196 951]]
[[760 964]] , [[760 971]]
[[758 950]] , [[758 971]]
[[206 990]] , [[206 994]]
[[178 926]] , [[178 931]]
[[206 958]] , [[206 959]]
[[186 988]] , [[186 989]]
[[206 958]] , [[206 969]]
[[206 958]] , [[206 969]]
[[206 958]] , [[206 969]]
[[210 900]] , [[210 903]]
[[ 209 1060]] , [[ 210 1059]]
[[ 188 1032]] , [[ 188 1035]]
[[ 508 1014]] , [[ 508 1015]]
[[ 204 1028]] , [[ 204 1035]]
[[ 219 1064]] , [[ 220 1063]]
[[ 213 1060]] , [[ 214 1059]]
[[ 206 1030]] , [[ 206 1035]]
[[ 206 1030]] , [[ 206 1035]]
[[206 964]] , [[206 975]]
[[ 506 1014]] , [[ 506 1017]]
[[214 900]] , [[214 905]]
[[180 938]] , [[180 945]]
[[206 994]] , [[206 999]]
[[210 946]] , [[210 951]]
[[210 946]] , [[210 951]]
[[182 938]] , [[182 947]]
[[208 964]] , [[208 973]]
[[206 996]] , [[ 206 1003]]
[[768 982]] , [[768 987]]
[[770 978]] , [[770 987]]
[[212 996]] , [[ 212 1001]]
[[194 986]] , [[194 999]]
[[220 944]] , [[220 947]]
[[192 956]] , [[192 963]]
[[192 944]] , [[192 949]]
[[774 998]] , [[ 774 1007]]
[[ 772 1024]] , [[ 772 1055]]
[[ 518 1014]] , [[ 518 1015]]
[[ 748 1026]] , [[ 748 1041]]
[[ 263 1064]] , [[ 264 1063]]
[[ 211 1058]] , [[ 212 1057]]
[[ 241 1062]] , [[ 242 1061]]
[[ 748 1026]] , [[ 748 1036]]
[[ 239 1062]] , [[ 240 1061]]
[[ 748 1024]] , [[ 748 1028]]
[[ 209 1056]] , [[ 210 1055]]
[[ 221 1060]] , [[ 222 1059]]
[[ 207 1074]] , [[ 208 1073]]
[[ 207 1074]] , [[ 208 1073]]
[[ 207 1074]] , [[ 208 1073]]
[[ 213 1058]] , [[ 214 1057]]
[[ 215 1058]] , [[ 216 1057]]
[[ 749 1024]] , [[ 749 1029]]
[[ 749 1024]] , [[ 749 1028]]
[[194 958]] , [[194 965]]
[[ 213 1054]] , [[ 214 1053]]
[[ 216 1030]] , [[ 216 1031]]
[[ 514 1014]] , [[ 514 1023]]
[[ 213 1058]] , [[ 214 1057]]
[[ 216 1030]] , [[ 216 1031]]
[[ 514 1014]] , [[ 514 1023]]
[[216 982]] , [[216 987]]
[[216 992]] , [[216 997]]
[[218 950]] , [[218 953]]
[[248 870]] , [[248 877]]
[[248 870]] , [[248 877]]
[[302 862]] , [[301 863]]
[[510 860]] , [[510 861]]
[[323 872]] , [[324 871]]
[[302 862]] , [[302 869]]
[[636 864]] , [[636 865]]
[[294 862]] , [[294 863]]
[[ 374 1018]] , [[ 374 1019]]
[[ 241 1064]] , [[ 242 1063]]
[[ 372 1018]] , [[ 372 1021]]
[[ 372 1018]] , [[ 372 1021]]
[[238 896]] , [[238 901]]
[[ 754 1018]] , [[ 754 1019]]
[[ 243 1066]] , [[ 244 1065]]
[[ 243 1066]] , [[ 244 1065]]
[[ 751 1292]] , [[ 752 1291]]
[[ 530 1194]] , [[ 530 1195]]
[[ 376 1020]] , [[ 376 1021]]
[[ 238 1139]] , [[ 238 1149]]
[[ 374 1020]] , [[ 374 1021]]
[[ 755 1018]] , [[ 755 1021]]
[[236 896]] , [[236 903]]
[[472 862]] , [[472 863]]
[[330 865]] , [[329 866]]
[[190 910]] , [[190 935]]
[[194 976]] , [[194 990]]
[[192 936]] , [[192 940]]
[[192 912]] , [[192 927]]
[[238 896]] , [[238 901]]
[[196 912]] , [[196 923]]
[[ 544 1014]] , [[ 544 1015]]
[[194 910]] , [[194 915]]
[[194 896]] , [[194 905]]
[[238 896]] , [[238 901]]
[[192 942]] , [[192 959]]
[[272 896]] , [[272 901]]
[[ 542 1014]] , [[ 542 1015]]
[[204 966]] , [[204 967]]
[[ 372 1188]] , [[ 372 1197]]
[[208 960]] , [[208 963]]
[[ 762 1018]] , [[ 762 1019]]
[[ 372 1020]] , [[ 372 1021]]
[[ 207 1028]] , [[ 208 1027]]
[[ 544 1014]] , [[ 544 1015]]
[[ 211 1030]] , [[ 212 1029]]
[[212 960]] , [[212 967]]
[[ 374 1020]] , [[ 374 1021]]
[[204 958]] , [[204 963]]
[[211 998]] , [[212 997]]
[[202 964]] , [[202 965]]
[[ 203 1012]] , [[ 204 1011]]
[[ 217 1044]] , [[ 218 1043]]
[[192 924]] , [[192 933]]
[[ 217 1044]] , [[ 218 1043]]
[[ 205 1012]] , [[ 206 1011]]
[[ 203 1034]] , [[ 204 1033]]
[[220 924]] , [[220 943]]
[[ 217 1042]] , [[ 218 1041]]
[[ 520 1016]] , [[ 520 1019]]
[[213 998]] , [[214 997]]
[[222 924]] , [[222 945]]
[[ 205 1012]] , [[ 206 1011]]
[[ 219 1076]] , [[ 220 1075]]
[[ 205 1012]] , [[ 206 1011]]
[[198 934]] , [[198 941]]
[[198 934]] , [[198 941]]
[[206 942]] , [[206 957]]
[[215 970]] , [[216 969]]
[[ 522 1016]] , [[ 522 1017]]
[[206 940]] , [[206 957]]
[[ 524 1016]] , [[ 524 1017]]
[[ 233 1074]] , [[ 234 1073]]
[[ 522 1016]] , [[ 522 1017]]
[[222 930]] , [[222 935]]
[[191 906]] , [[190 907]]
[[224 906]] , [[224 911]]
[[191 906]] , [[190 907]]
[[215 968]] , [[216 967]]
[[202 916]] , [[202 925]]
[[214 928]] , [[214 935]]
[[214 928]] , [[214 935]]
[[215 968]] , [[216 967]]
[[202 916]] , [[202 925]]
[[215 976]] , [[216 975]]
[[191 909]] , [[190 910]]
[[191 909]] , [[190 910]]
[[203 994]] , [[204 993]]
[[ 207 1042]] , [[ 208 1041]]
[[ 207 1042]] , [[ 208 1041]]
[[ 217 1004]] , [[ 218 1003]]
[[ 217 1006]] , [[ 218 1005]]
[[ 217 1006]] , [[ 218 1005]]
[[ 207 1042]] , [[ 208 1041]]
[[206 942]] , [[206 943]]
[[ 394 1026]] , [[ 394 1027]]
[[ 516 1024]] , [[ 516 1025]]
[[ 516 1024]] , [[ 516 1025]]
[[ 207 1080]] , [[ 208 1079]]
[[218 926]] , [[218 943]]
[[204 970]] , [[204 975]]
[[ 201 1046]] , [[ 202 1045]]
[[206 942]] , [[206 965]]
[[ 193 1012]] , [[ 194 1011]]
[[182 942]] , [[182 943]]
[[ 744 1022]] , [[ 744 1023]]
[[ 277 1058]] , [[ 278 1057]]
[[ 358 1016]] , [[ 358 1017]]
[[ 502 1008]] , [[ 502 1009]]
[[ 251 1290]] , [[ 252 1289]]
[[ 362 1010]] , [[ 362 1011]]
[[ 253 1052]] , [[ 254 1051]]
[[ 502 1008]] , [[ 502 1009]]
[[ 251 1054]] , [[ 252 1053]]
[[ 747 1012]] , [[ 747 1013]]
[[ 504 1010]] , [[ 504 1011]]
[[ 247 1056]] , [[ 248 1055]]
[[ 735 1012]] , [[ 735 1017]]
[[ 241 1060]] , [[ 242 1059]]
[[ 360 1014]] , [[ 360 1015]]
[[ 263 1058]] , [[ 264 1057]]
[[ 261 1058]] , [[ 262 1057]]
[[ 239 1066]] , [[ 240 1065]]
[[ 390 1112]] , [[ 390 1119]]
[[ 356 1016]] , [[ 356 1021]]
[[ 736 1018]] , [[ 736 1023]]
[[ 241 1064]] , [[ 242 1063]]
[[ 197 1030]] , [[ 197 1031]]
[[ 243 1062]] , [[ 244 1061]]
[[ 198 1022]] , [[ 198 1023]]
[[ 265 1060]] , [[ 266 1059]]
[[ 211 1074]] , [[ 212 1073]]
[[200 964]] , [[200 965]]
[[190 928]] , [[190 945]]
[[ 502 1010]] , [[ 502 1011]]
[[ 376 1010]] , [[ 376 1011]]
[[ 372 1010]] , [[ 372 1011]]
[[ 213 1076]] , [[ 214 1075]]
[[ 271 1058]] , [[ 272 1057]]
[[ 546 1038]] , [[ 545 1039]]
[[ 374 1010]] , [[ 374 1011]]
[[200 964]] , [[200 965]]
[[206 964]] , [[206 967]]
[[192 932]] , [[192 937]]
[[ 358 1012]] , [[ 358 1013]]
[[ 378 1010]] , [[ 378 1011]]
[[204 946]] , [[204 957]]
[[ 500 1014]] , [[ 500 1019]]
[[500 970]] , [[500 979]]
[[ 271 1056]] , [[ 272 1055]]
[[ 528 1014]] , [[ 528 1015]]
[[ 231 1056]] , [[ 232 1055]]
[[204 970]] , [[204 973]]
[[208 932]] , [[208 941]]
[[208 932]] , [[208 941]]
[[204 970]] , [[204 973]]
[[200 918]] , [[200 925]]
[[199 930]] , [[200 929]]
[[199 930]] , [[200 929]]
[[175 898]] , [[174 899]]
[[176 922]] , [[176 927]]
[[200 916]] , [[200 931]]
[[ 356 1014]] , [[ 356 1031]]
[[ 358 1014]] , [[ 358 1015]]
[[208 936]] , [[208 941]]
[[ 216 1168]] , [[ 216 1173]]
[[ 215 1062]] , [[ 216 1061]]
[[ 215 1062]] , [[ 216 1061]]
[[ 209 1060]] , [[ 210 1059]]
[[ 510 1014]] , [[ 510 1015]]
[[208 938]] , [[208 941]]
[[202 976]] , [[202 977]]
[[204 958]] , [[204 965]]
[[ 356 1012]] , [[ 356 1013]]
[[204 960]] , [[204 965]]
[[196 952]] , [[196 953]]
[[196 952]] , [[196 953]]
[[178 942]] , [[178 949]]
[[196 952]] , [[196 953]]
[[179 960]] , [[179 967]]
[[179 960]] , [[179 967]]
[[194 950]] , [[194 951]]
[[ 504 1014]] , [[ 504 1015]]
[[ 504 1014]] , [[ 504 1015]]
[[ 356 1014]] , [[ 356 1015]]
[[198 984]] , [[198 985]]
[[198 984]] , [[198 985]]
[[198 984]] , [[198 985]]
[[200 938]] , [[200 939]]
[[204 992]] , [[204 997]]
[[ 356 1014]] , [[ 356 1015]]
[[ 356 1014]] , [[ 356 1015]]
[[178 942]] , [[178 951]]
[[ 356 1014]] , [[ 356 1015]]
[[200 928]] , [[200 939]]
[[198 954]] , [[198 957]]
[[198 954]] , [[198 957]]
[[204 988]] , [[204 989]]
[[192 932]] , [[192 937]]
[[193 982]] , [[194 981]]
[[502 868]] , [[502 869]]
[[216 914]] , [[216 917]]
[[216 922]] , [[216 923]]
[[218 920]] , [[218 923]]
[[ 199 1006]] , [[ 200 1005]]
[[ 214 1038]] , [[ 214 1041]]
[[234 908]] , [[234 913]]
[[207 968]] , [[208 967]]
[[398 870]] , [[398 871]]
[[ 374 1022]] , [[ 374 1023]]
[[202 936]] , [[202 941]]
[[201 982]] , [[202 981]]
[[220 980]] , [[220 991]]
[[218 996]] , [[218 997]]
[[218 998]] , [[218 999]]
[[218 998]] , [[218 999]]
[[220 910]] , [[220 915]]
[[207 962]] , [[208 961]]
[[190 930]] , [[190 935]]
[[217 980]] , [[218 979]]
[[190 930]] , [[190 935]]
[[218 988]] , [[218 993]]
[[200 920]] , [[200 929]]
[[211 950]] , [[212 949]]
[[211 950]] , [[212 949]]
[[211 950]] , [[212 949]]
[[214 926]] , [[214 927]]
[[550 960]] , [[550 971]]
[[724 868]] , [[724 873]]
[[727 880]] , [[727 884]]
[[568 864]] , [[568 865]]
[[213 970]] , [[214 969]]
[[224 940]] , [[224 941]]
[[750 944]] , [[750 947]]
[[193 936]] , [[193 941]]
[[192 936]] , [[192 940]]
[[194 942]] , [[194 959]]
[[194 946]] , [[194 959]]
[[194 948]] , [[194 955]]
[[ 522 1016]] , [[ 522 1017]]
[[ 752 1026]] , [[ 752 1029]]
[[ 228 1200]] , [[ 228 1201]]
[[ 530 1198]] , [[ 530 1199]]
[[ 377 1124]] , [[ 377 1131]]
[[ 366 1028]] , [[ 366 1029]]
[[ 243 1076]] , [[ 244 1075]]
[[ 528 1016]] , [[ 528 1017]]
[[ 528 1016]] , [[ 528 1017]]
[[ 524 1016]] , [[ 524 1017]]
[[370 968]] , [[370 973]]
[[ 752 1022]] , [[ 752 1027]]
[[ 754 1022]] , [[ 754 1027]]
[[ 518 1016]] , [[ 518 1017]]
[[ 372 1022]] , [[ 372 1023]]
[[ 756 1024]] , [[ 756 1025]]
[[636 870]] , [[636 871]]
[[ 532 1016]] , [[ 532 1017]]
[[642 870]] , [[642 871]]
[[ 259 1076]] , [[ 260 1075]]
[[ 281 1070]] , [[ 282 1069]]
[[ 370 1020]] , [[ 370 1025]]
[[ 257 1076]] , [[ 258 1075]]
[[ 370 1020]] , [[ 370 1025]]
[[ 374 1020]] , [[ 374 1021]]
[[ 228 1078]] , [[ 228 1083]]
[[ 766 1022]] , [[ 766 1023]]
[[ 768 1022]] , [[ 768 1023]]
[[ 372 1020]] , [[ 372 1021]]
[[ 240 1080]] , [[ 240 1085]]
[[ 370 1020]] , [[ 370 1041]]
[[ 236 1102]] , [[ 236 1107]]
[[ 254 1070]] , [[ 254 1071]]
[[ 256 1070]] , [[ 256 1071]]
[[ 254 1070]] , [[ 254 1071]]
[[ 238 1132]] , [[ 238 1141]]
[[ 254 1072]] , [[ 254 1077]]
[[ 230 1086]] , [[ 230 1091]]
[[ 238 1078]] , [[ 238 1085]]
[[ 282 1072]] , [[ 282 1077]]
[[ 236 1062]] , [[ 236 1067]]
[[ 236 1062]] , [[ 236 1067]]
[[ 236 1062]] , [[ 236 1067]]
[[ 278 1054]] , [[ 278 1059]]
[[ 279 1054]] , [[ 278 1055]]
[[ 758 1020]] , [[ 758 1021]]
[[ 280 1054]] , [[ 280 1059]]
[[ 236 1062]] , [[ 236 1067]]
[[ 236 1062]] , [[ 236 1067]]
[[ 236 1062]] , [[ 236 1067]]
[[ 236 1062]] , [[ 236 1067]]
[[ 278 1054]] , [[ 278 1059]]
[[ 228 1110]] , [[ 228 1117]]
[[ 278 1054]] , [[ 278 1059]]
[[ 278 1054]] , [[ 278 1059]]
[[ 756 1018]] , [[ 756 1021]]
[[ 240 1148]] , [[ 240 1151]]
[[ 382 1020]] , [[ 382 1021]]
[[ 240 1152]] , [[ 240 1153]]
[[ 384 1022]] , [[ 384 1023]]
[[ 382 1192]] , [[ 382 1193]]
[[ 236 1114]] , [[ 236 1120]]
[[ 370 1024]] , [[ 370 1029]]
[[ 524 1018]] , [[ 524 1019]]
[[ 238 1104]] , [[ 238 1105]]
[[ 398 1016]] , [[ 398 1017]]
[[ 764 1014]] , [[ 764 1015]]
[[ 224 1111]] , [[ 224 1115]]
[[ 750 1018]] , [[ 750 1019]]
[[ 382 1018]] , [[ 382 1019]]
[[ 752 1026]] , [[ 752 1027]]
[[ 750 1030]] , [[ 750 1031]]
[[ 518 1020]] , [[ 518 1021]]
[[ 746 1032]] , [[ 746 1033]]
[[ 365 1026]] , [[ 365 1027]]
[[200 950]] , [[200 959]]
[[622 864]] , [[622 865]]
[[ 356 1018]] , [[ 356 1024]]
[[200 958]] , [[200 977]]
[[ 194 1102]] , [[ 194 1115]]
[[ 254 1054]] , [[ 254 1059]]
[[ 244 1056]] , [[ 244 1061]]
[[ 244 1057]] , [[ 244 1061]]
[[ 508 1014]] , [[ 508 1015]]
[[182 990]] , [[182 997]]
[[ 206 1032]] , [[ 206 1035]]
[[ 560 1049]] , [[ 559 1050]]
[[ 258 1058]] , [[ 258 1063]]
[[ 199 1066]] , [[ 200 1065]]
[[ 199 1064]] , [[ 200 1063]]
[[ 204 1032]] , [[ 204 1033]]
[[ 183 1030]] , [[ 183 1031]]
[[ 226 1066]] , [[ 226 1069]]
[[ 226 1066]] , [[ 226 1069]]
[[ 226 1066]] , [[ 226 1069]]
[[ 271 1070]] , [[ 271 1071]]
[[ 268 1070]] , [[ 268 1079]]
[[ 268 1072]] , [[ 268 1077]]
[[ 269 1070]] , [[ 269 1075]]
[[ 204 1024]] , [[ 204 1029]]
[[ 204 1024]] , [[ 204 1029]]
[[ 208 1028]] , [[ 208 1037]]
[[ 230 1064]] , [[ 230 1065]]
[[ 256 1048]] , [[ 255 1049]]
[[ 224 1050]] , [[ 224 1055]]
[[ 256 1048]] , [[ 255 1049]]
[[ 254 1050]] , [[ 254 1061]]
[[ 232 1052]] , [[ 232 1053]]
[[ 232 1052]] , [[ 232 1053]]
[[ 184 1034]] , [[ 184 1067]]
[[ 254 1050]] , [[ 254 1055]]
[[ 232 1054]] , [[ 232 1059]]
[[ 228 1050]] , [[ 228 1055]]
[[ 526 1012]] , [[ 526 1013]]
[[ 186 1034]] , [[ 186 1067]]
[[ 212 1034]] , [[ 212 1041]]
[[ 186 1034]] , [[ 186 1067]]
[[ 214 1038]] , [[ 214 1041]]
[[ 216 1024]] , [[ 216 1033]]
[[ 278 1048]] , [[ 278 1053]]
[[ 222 1020]] , [[ 222 1021]]
[[ 544 1010]] , [[ 544 1011]]
[[ 280 1048]] , [[ 280 1049]]
[[ 542 1010]] , [[ 542 1011]]
[[ 375 1010]] , [[ 375 1011]]
[[ 242 1049]] , [[ 242 1053]]
[[ 200 1062]] , [[ 200 1071]]
[[ 316 1042]] , [[ 316 1043]]
[[ 318 1042]] , [[ 318 1043]]
[[ 582 1040]] , [[ 581 1041]]
[[ 200 1044]] , [[ 200 1057]]
[[ 200 1024]] , [[ 200 1037]]
[[ 778 1040]] , [[ 778 1053]]
[[ 278 1074]] , [[ 278 1075]]
[[ 362 1036]] , [[ 361 1037]]
[[ 256 1052]] , [[ 256 1057]]
[[ 248 1080]] , [[ 248 1087]]
[[ 753 1020]] , [[ 753 1021]]
[[ 242 1056]] , [[ 242 1061]]
[[644 866]] , [[644 867]]
[[ 518 1016]] , [[ 518 1017]]
[[642 866]] , [[642 867]]
[[ 227 1102]] , [[ 226 1103]]
[[ 372 1018]] , [[ 372 1027]]
[[652 858]] , [[652 859]]
[[652 856]] , [[652 857]]
[[196 944]] , [[196 977]]
[[198 944]] , [[198 957]]
[[192 904]] , [[192 911]]
[[202 938]] , [[202 943]]
[[196 946]] , [[196 953]]
[[196 958]] , [[196 963]]
[[204 978]] , [[204 979]]
[[204 982]] , [[204 983]]
[[ 262 1072]] , [[ 262 1077]]
[[205 980]] , [[205 983]]
[[ 206 1048]] , [[ 206 1055]]
[[300 870]] , [[300 871]]
[[ 384 1012]] , [[ 384 1013]]
[[ 380 1014]] , [[ 380 1015]]
[[ 206 1038]] , [[ 206 1073]]
[[ 752 1014]] , [[ 752 1017]]
[[ 206 1038]] , [[ 206 1057]]
[[ 542 1008]] , [[ 542 1011]]
[[ 206 1038]] , [[ 206 1057]]
[[ 752 1016]] , [[ 752 1017]]
[[ 521 1012]] , [[ 521 1013]]
[[ 752 1016]] , [[ 752 1017]]
[[ 754 1012]] , [[ 754 1015]]
[[ 766 1014]] , [[ 766 1015]]
