[[417 302]] , [[418 301]]
[[ 689 1611]] , [[ 689 1615]]
[[ 698 1000]] , [[ 698 1006]]
[[ 493 1032]] , [[ 492 1033]]
[[ 829 1010]] , [[ 828 1011]]
[[ 993 1888]] , [[ 993 1892]]
[[ 838 1015]] , [[ 837 1016]]
[[ 724 1879]] , [[ 723 1880]]
[[ 768 1875]] , [[ 768 1887]]
[[ 720 1878]] , [[ 719 1879]]
[[ 780 1874]] , [[ 779 1875]]
[[ 768 1876]] , [[ 768 1880]]
[[ 727 1878]] , [[ 726 1879]]
[[ 727 1878]] , [[ 725 1880]]
[[ 673 1611]] , [[ 673 1615]]
[[ 643 1878]] , [[ 642 1879]]
[[ 483 1027]] , [[ 482 1028]]
[[ 932 1876]] , [[ 932 1880]]
[[ 559 1880]] , [[ 558 1881]]
[[ 984 1880]] , [[ 984 1887]]
[[ 480 1883]] , [[ 480 1887]]
[[ 454 1881]] , [[ 450 1885]]
[[ 838 1014]] , [[ 838 1015]]
[[ 835 1014]] , [[ 835 1021]]
[[ 866 1617]] , [[ 866 1621]]
[[ 866 1617]] , [[ 866 1621]]
[[ 496 1024]] , [[ 496 1029]]
[[ 482 1024]] , [[ 482 1029]]
[[ 838 1015]] , [[ 838 1021]]
[[ 758 1616]] , [[ 758 1620]]
[[ 791 1611]] , [[ 791 1615]]
[[ 504 1618]] , [[ 504 1623]]
[[ 489 1018]] , [[ 489 1022]]
[[ 482 1024]] , [[ 481 1025]]
[[482 992]] , [[481 993]]
[[ 838 1016]] , [[ 838 1025]]
[[ 480 1024]] , [[ 480 1039]]
[[ 480 1024]] , [[ 480 1041]]
[[ 480 1024]] , [[ 480 1041]]
[[ 480 1024]] , [[ 480 1026]]
[[ 480 1024]] , [[ 480 1041]]
[[ 466 1030]] , [[ 466 1035]]
[[ 468 1031]] , [[ 468 1043]]
[[840 925]] , [[840 943]]
[[674 920]] , [[674 927]]
[[ 858 1882]] , [[ 858 1886]]
[[ 990 1884]] , [[ 990 1888]]
[[ 854 1880]] , [[ 854 1887]]
[[ 488 1018]] , [[ 488 1019]]
[[ 730 1882]] , [[ 730 1887]]
[[ 927 1876]] , [[ 927 1880]]
[[ 926 1876]] , [[ 926 1880]]
[[ 944 1875]] , [[ 943 1876]]
[[ 836 1888]] , [[ 836 1895]]
[[ 488 1018]] , [[ 488 1019]]
[[ 822 1612]] , [[ 822 1617]]
[[ 759 1874]] , [[ 758 1875]]
[[ 778 1611]] , [[ 778 1615]]
[[ 778 1611]] , [[ 778 1615]]
[[ 821 1611]] , [[ 821 1615]]
[[ 823 1611]] , [[ 823 1615]]
[[ 878 1877]] , [[ 878 1881]]
[[ 480 1008]] , [[ 480 1015]]
[[ 480 1006]] , [[ 480 1017]]
[[ 688 1612]] , [[ 687 1613]]
[[672 922]] , [[672 927]]
[[ 874 1624]] , [[ 874 1629]]
[[ 873 1878]] , [[ 873 1882]]
[[ 960 1879]] , [[ 960 1883]]
[[ 960 1879]] , [[ 960 1883]]
[[ 964 1881]] , [[ 964 1885]]
[[ 990 1882]] , [[ 990 1887]]
[[ 990 1882]] , [[ 990 1887]]
[[ 990 1884]] , [[ 990 1889]]
[[ 598 1881]] , [[ 598 1885]]
[[ 580 1882]] , [[ 579 1883]]
[[ 682 1616]] , [[ 682 1621]]
[[ 971 1879]] , [[ 970 1880]]
[[ 770 1876]] , [[ 770 1881]]
[[ 592 1888]] , [[ 592 1895]]
[[ 551 1882]] , [[ 550 1883]]
[[ 960 1877]] , [[ 960 1881]]
[[ 622 1879]] , [[ 621 1880]]
[[ 593 1882]] , [[ 593 1886]]
[[ 661 1880]] , [[ 660 1881]]
[[ 681 1880]] , [[ 680 1881]]
[[ 632 1878]] , [[ 632 1879]]
[[ 713 1879]] , [[ 713 1883]]
[[ 766 1611]] , [[ 766 1615]]
[[ 590 1883]] , [[ 590 1887]]
[[ 778 1874]] , [[ 778 1879]]
[[ 778 1874]] , [[ 778 1879]]
[[ 730 1613]] , [[ 730 1617]]
[[ 890 1876]] , [[ 890 1880]]
[[ 730 1612]] , [[ 730 1616]]
[[ 834 1616]] , [[ 834 1621]]
[[ 704 1879]] , [[ 704 1883]]
[[ 619 1879]] , [[ 619 1883]]
[[ 834 1616]] , [[ 834 1621]]
[[ 834 1616]] , [[ 834 1621]]
[[ 929 1875]] , [[ 929 1879]]
[[ 482 1004]] , [[ 482 1007]]
[[ 482 1004]] , [[ 482 1007]]
[[ 817 1611]] , [[ 816 1612]]
[[ 512 1032]] , [[ 512 1039]]
[[ 697 1875]] , [[ 697 1879]]
[[ 734 1876]] , [[ 734 1889]]
[[ 482 1004]] , [[ 482 1007]]
[[693 984]] , [[694 983]]
[[ 551 1883]] , [[ 551 1887]]
[[ 680 1881]] , [[ 680 1886]]
[[ 554 1884]] , [[ 554 1889]]
[[ 952 1877]] , [[ 952 1881]]
[[ 678 1880]] , [[ 678 1884]]
[[ 942 1876]] , [[ 942 1884]]
[[ 976 1882]] , [[ 976 1886]]
[[ 772 1874]] , [[ 772 1879]]
[[ 980 1880]] , [[ 980 1885]]
[[ 722 1611]] , [[ 722 1615]]
[[ 980 1882]] , [[ 980 1887]]
[[ 982 1880]] , [[ 982 1887]]
[[ 480 1019]] , [[ 480 1022]]
[[680 967]] , [[680 969]]
[[ 736 1875]] , [[ 736 1879]]
[[ 486 1020]] , [[ 486 1021]]
[[ 854 1876]] , [[ 854 1881]]
[[670 922]] , [[670 925]]
[[ 539 1883]] , [[ 539 1887]]
[[ 496 1027]] , [[ 496 1035]]
[[ 918 1875]] , [[ 918 1879]]
[[ 496 1027]] , [[ 496 1035]]
[[ 601 1881]] , [[ 600 1882]]
[[ 634 1877]] , [[ 634 1878]]
[[ 728 1877]] , [[ 728 1881]]
[[ 914 1873]] , [[ 914 1877]]
[[ 574 1883]] , [[ 574 1887]]
[[ 936 1876]] , [[ 936 1881]]
[[ 128 1897]] , [[ 128 1903]]
[[ 917 1874]] , [[ 917 1878]]
[[ 774 1874]] , [[ 774 1879]]
[[ 574 1881]] , [[ 574 1885]]
[[ 581 1883]] , [[ 581 1887]]
[[ 590 1881]] , [[ 590 1886]]
[[ 901 1874]] , [[ 900 1875]]
[[ 611 1879]] , [[ 610 1880]]
[[ 927 1876]] , [[ 927 1877]]
[[ 700 1877]] , [[ 700 1881]]
[[ 601 1879]] , [[ 600 1880]]
[[ 759 1875]] , [[ 758 1876]]
[[1006 1894]] , [[1006 1901]]
[[ 512 1883]] , [[ 512 1887]]
[[ 323 1888]] , [[ 323 1893]]
[[ 800 1611]] , [[ 800 1615]]
[[ 875 1878]] , [[ 875 1882]]
[[ 795 1611]] , [[ 795 1615]]
[[ 472 1033]] , [[ 472 1039]]
[[ 688 1010]] , [[ 688 1011]]
[[ 666 1888]] , [[ 666 1894]]
[[ 745 1875]] , [[ 745 1879]]
[[ 800 1878]] , [[ 800 1885]]
[[ 684 1880]] , [[ 684 1884]]
[[ 697 1878]] , [[ 696 1879]]
[[ 692 1879]] , [[ 691 1880]]
[[ 982 1880]] , [[ 982 1884]]
[[ 958 1878]] , [[ 958 1881]]
[[ 974 1898]] , [[ 974 1899]]
[[ 666 1879]] , [[ 665 1880]]
[[1003 1894]] , [[1003 1898]]
[[ 896 1874]] , [[ 896 1879]]
[[ 729 1877]] , [[ 729 1881]]
[[ 612 1876]] , [[ 612 1877]]
[[ 792 1875]] , [[ 792 1881]]
[[ 488 1026]] , [[ 487 1027]]
[[ 656 1878]] , [[ 656 1883]]
[[ 718 1612]] , [[ 717 1613]]
[[ 906 1872]] , [[ 905 1873]]
[[ 297 1044]] , [[ 297 1048]]
[[ 892 1875]] , [[ 891 1876]]
[[ 821 1611]] , [[ 821 1615]]
[[ 728 1612]] , [[ 728 1617]]
[[ 680 1878]] , [[ 680 1880]]
[[ 984 1882]] , [[ 983 1883]]
[[ 394 1882]] , [[ 394 1887]]
[[ 778 1878]] , [[ 778 1883]]
[[ 632 1878]] , [[ 631 1879]]
[[ 744 1896]] , [[ 744 1901]]
[[1002 1892]] , [[1002 1896]]
[[ 815 1611]] , [[ 815 1615]]
[[ 801 1611]] , [[ 801 1615]]
[[ 616 1878]] , [[ 616 1887]]
[[ 727 1876]] , [[ 726 1877]]
[[ 618 1878]] , [[ 617 1879]]
[[ 752 1872]] , [[ 752 1877]]
[[ 882 1876]] , [[ 881 1877]]
[[ 779 1611]] , [[ 779 1615]]
[[ 878 1876]] , [[ 878 1881]]
[[ 795 1610]] , [[ 794 1611]]
[[ 618 1879]] , [[ 617 1880]]
[[ 606 1881]] , [[ 606 1885]]
[[ 969 1883]] , [[ 969 1887]]
[[ 321 1888]] , [[ 320 1889]]
[[ 339 1894]] , [[ 339 1898]]
[[ 946 1874]] , [[ 946 1879]]
[[ 974 1882]] , [[ 974 1887]]
[[ 326 1888]] , [[ 326 1893]]
[[ 992 1888]] , [[ 992 1893]]
[[ 556 1883]] , [[ 556 1887]]
[[ 662 1878]] , [[ 662 1879]]
[[ 834 1875]] , [[ 834 1879]]
[[ 960 1878]] , [[ 960 1882]]
[[ 601 1879]] , [[ 600 1880]]
[[ 611 1879]] , [[ 610 1880]]
[[ 958 1877]] , [[ 958 1885]]
[[ 611 1879]] , [[ 610 1880]]
[[ 612 1881]] , [[ 612 1886]]
[[ 617 1613]] , [[ 617 1617]]
[[ 474 1032]] , [[ 474 1043]]
[[ 961 1877]] , [[ 960 1878]]
[[ 474 1032]] , [[ 474 1043]]
[[ 474 1031]] , [[ 473 1032]]
[[ 976 1881]] , [[ 976 1886]]
[[ 800 1880]] , [[ 800 1885]]
[[ 472 1618]] , [[ 472 1622]]
[[ 998 1890]] , [[ 998 1897]]
[[ 932 1880]] , [[ 932 1885]]
[[ 562 1879]] , [[ 562 1883]]
[[ 718 1878]] , [[ 718 1885]]
[[ 778 1611]] , [[ 778 1615]]
[[ 427 1618]] , [[ 426 1619]]
[[ 598 1881]] , [[ 598 1885]]
[[ 456 1883]] , [[ 456 1887]]
[[ 998 1891]] , [[ 998 1895]]
[[ 698 1877]] , [[ 698 1883]]
[[ 578 1881]] , [[ 578 1886]]
[[ 866 1888]] , [[ 866 1893]]
[[ 681 1879]] , [[ 681 1883]]
[[ 988 1883]] , [[ 988 1887]]
[[ 615 1881]] , [[ 615 1885]]
[[ 549 1880]] , [[ 549 1885]]
[[ 784 1873]] , [[ 784 1877]]
[[ 698 1880]] , [[ 698 1889]]
[[ 578 1883]] , [[ 578 1889]]
[[ 481 1022]] , [[ 479 1024]]
[[ 720 1877]] , [[ 719 1878]]
[[ 196 1888]] , [[ 196 1895]]
[[ 864 1875]] , [[ 864 1887]]
[[ 912 1873]] , [[ 912 1880]]
[[ 171 1890]] , [[ 169 1892]]
[[ 841 1873]] , [[ 840 1874]]
[[ 786 1878]] , [[ 786 1879]]
[[ 482 1881]] , [[ 482 1887]]
[[ 544 1884]] , [[ 544 1887]]
[[ 488 1884]] , [[ 488 1889]]
[[ 824 1878]] , [[ 824 1885]]
[[ 824 1878]] , [[ 824 1885]]
[[ 824 1878]] , [[ 824 1885]]
[[ 848 1616]] , [[ 848 1621]]
[[ 882 1890]] , [[ 882 1894]]
[[ 726 1876]] , [[ 725 1877]]
[[ 713 1877]] , [[ 712 1878]]
[[ 784 1876]] , [[ 784 1881]]
[[ 920 1878]] , [[ 920 1883]]
[[ 866 1616]] , [[ 866 1620]]
[[ 919 1874]] , [[ 918 1875]]
[[ 650 1879]] , [[ 650 1883]]
[[ 801 1611]] , [[ 801 1615]]
[[670 928]] , [[670 961]]
[[484 998]] , [[ 484 1003]]
[[672 924]] , [[672 927]]
[[ 592 1882]] , [[ 592 1887]]
[[ 486 1006]] , [[ 486 1015]]
[[ 486 1004]] , [[ 486 1015]]
[[ 486 1009]] , [[ 486 1015]]
[[ 486 1009]] , [[ 486 1015]]
[[ 486 1009]] , [[ 486 1015]]
[[ 968 1882]] , [[ 968 1887]]
[[480 866]] , [[480 871]]
[[671 932]] , [[671 936]]
[[ 763 1875]] , [[ 762 1876]]
[[ 328 1883]] , [[ 328 1889]]
[[ 742 1878]] , [[ 742 1883]]
[[ 948 1874]] , [[ 948 1879]]
[[ 849 1614]] , [[ 849 1618]]
[[ 980 1896]] , [[ 980 1901]]
[[ 699 1878]] , [[ 696 1881]]
[[ 710 1878]] , [[ 710 1881]]
[[ 486 1000]] , [[ 486 1008]]
[[ 704 1880]] , [[ 704 1887]]
[[1064 1864]] , [[1064 1869]]
[[ 688 1878]] , [[ 688 1882]]
[[ 707 1876]] , [[ 706 1877]]
[[ 672 1613]] , [[ 671 1614]]
[[ 720 1878]] , [[ 720 1885]]
[[ 694 1612]] , [[ 694 1616]]
[[ 478 1020]] , [[ 478 1022]]
[[ 478 1020]] , [[ 478 1023]]
[[ 478 1020]] , [[ 478 1021]]
[[ 549 1882]] , [[ 548 1883]]
[[ 280 1892]] , [[ 280 1897]]
[[ 274 1888]] , [[ 274 1897]]
[[ 750 1875]] , [[ 750 1879]]
[[ 930 1875]] , [[ 929 1876]]
[[ 938 1874]] , [[ 938 1875]]
[[ 926 1875]] , [[ 926 1881]]
[[ 852 1612]] , [[ 852 1616]]
[[ 883 1876]] , [[ 883 1877]]
[[ 930 1876]] , [[ 930 1880]]
[[ 885 1877]] , [[ 885 1881]]
[[ 853 1613]] , [[ 853 1617]]
[[ 754 1876]] , [[ 754 1880]]
[[ 535 1881]] , [[ 535 1882]]
[[ 733 1876]] , [[ 732 1877]]
[[ 795 1611]] , [[ 795 1615]]
[[ 862 1615]] , [[ 862 1617]]
[[ 369 1883]] , [[ 369 1887]]
[[ 369 1881]] , [[ 369 1882]]
[[ 424 1886]] , [[ 424 1890]]
[[ 870 1876]] , [[ 869 1877]]
[[ 868 1876]] , [[ 868 1881]]
[[ 352 1621]] , [[ 352 1625]]
[[ 920 1873]] , [[ 920 1877]]
[[ 434 1885]] , [[ 434 1890]]
[[ 500 1882]] , [[ 500 1887]]
[[ 862 1878]] , [[ 862 1879]]
[[ 328 1624]] , [[ 328 1628]]
[[ 333 1622]] , [[ 333 1623]]
[[ 920 1873]] , [[ 920 1879]]
[[ 690 1880]] , [[ 690 1885]]
[[ 484 1006]] , [[ 484 1008]]
[[ 419 1896]] , [[ 419 1900]]
[[ 900 1882]] , [[ 900 1887]]
[[ 356 1622]] , [[ 356 1625]]
[[ 491 1011]] , [[ 491 1012]]
[[ 676 1884]] , [[ 676 1887]]
[[ 544 1890]] , [[ 544 1896]]
[[ 669 1879]] , [[ 669 1883]]
[[ 968 1880]] , [[ 968 1887]]
[[ 916 1878]] , [[ 916 1883]]
[[ 712 1613]] , [[ 712 1617]]
[[ 817 1874]] , [[ 816 1875]]
[[ 820 1612]] , [[ 820 1617]]
[[ 628 1878]] , [[ 627 1879]]
[[ 854 1624]] , [[ 854 1629]]
[[ 904 1873]] , [[ 904 1879]]
[[ 730 1877]] , [[ 730 1881]]
[[ 776 1873]] , [[ 775 1874]]
[[ 822 1613]] , [[ 822 1617]]
[[ 757 1875]] , [[ 756 1876]]
[[ 770 1612]] , [[ 770 1617]]
[[ 748 1878]] , [[ 748 1883]]
[[ 800 1611]] , [[ 799 1612]]
[[ 854 1873]] , [[ 854 1879]]
[[ 733 1878]] , [[ 732 1879]]
[[ 974 1888]] , [[ 974 1899]]
[[ 929 1876]] , [[ 929 1880]]
[[ 930 1874]] , [[ 930 1878]]
[[ 826 1611]] , [[ 826 1613]]
[[ 822 1612]] , [[ 822 1618]]
[[ 491 1020]] , [[ 492 1019]]
[[ 491 1020]] , [[ 492 1019]]
[[ 495 1010]] , [[ 494 1011]]
[[ 494 1010]] , [[ 494 1017]]
[[ 470 1022]] , [[ 470 1023]]
[[ 768 1612]] , [[ 768 1617]]
[[ 663 1878]] , [[ 662 1879]]
[[ 656 1879]] , [[ 656 1883]]
[[ 850 1612]] , [[ 850 1613]]
[[ 578 1618]] , [[ 578 1623]]
[[ 578 1618]] , [[ 578 1623]]
[[ 854 1613]] , [[ 854 1617]]
[[ 755 1616]] , [[ 755 1621]]
[[ 854 1613]] , [[ 854 1617]]
[[ 494 1006]] , [[ 494 1019]]
[[ 774 1613]] , [[ 774 1617]]
[[808 868]] , [[808 877]]
[[ 708 1012]] , [[ 708 1025]]
[[ 710 1012]] , [[ 710 1016]]
[[ 756 1613]] , [[ 756 1617]]
[[808 868]] , [[808 877]]
[[ 762 1612]] , [[ 761 1613]]
[[ 690 1022]] , [[ 690 1023]]
[[ 470 1032]] , [[ 470 1039]]
[[844 972]] , [[844 973]]
[[846 956]] , [[846 957]]
[[ 688 1022]] , [[ 688 1027]]
[[ 660 1879]] , [[ 660 1885]]
[[ 470 1024]] , [[ 470 1039]]
[[1002 1894]] , [[1002 1898]]
[[ 950 1876]] , [[ 950 1883]]
[[ 654 1880]] , [[ 654 1888]]
[[ 665 1880]] , [[ 665 1884]]
[[ 725 1875]] , [[ 724 1876]]
[[ 803 1611]] , [[ 803 1615]]
[[ 861 1874]] , [[ 860 1875]]
[[ 849 1611]] , [[ 849 1615]]
[[ 870 1876]] , [[ 870 1881]]
[[ 793 1612]] , [[ 793 1616]]
[[ 710 1879]] , [[ 710 1883]]
[[ 921 1875]] , [[ 921 1879]]
[[ 846 1874]] , [[ 846 1881]]
[[ 578 1880]] , [[ 578 1887]]
[[ 992 1885]] , [[ 992 1887]]
[[ 610 1879]] , [[ 609 1880]]
[[ 708 1877]] , [[ 708 1881]]
[[ 704 1877]] , [[ 704 1881]]
[[ 536 1881]] , [[ 535 1882]]
[[ 327 1889]] , [[ 326 1890]]
[[ 840 1612]] , [[ 840 1616]]
[[ 776 1611]] , [[ 775 1612]]
[[ 614 1880]] , [[ 613 1881]]
[[ 836 1612]] , [[ 836 1616]]
[[ 840 1612]] , [[ 840 1616]]
[[ 710 1612]] , [[ 710 1616]]
[[ 584 1881]] , [[ 584 1885]]
[[ 612 1879]] , [[ 612 1880]]
[[ 344 1887]] , [[ 343 1888]]
[[ 623 1879]] , [[ 623 1883]]
[[ 318 1889]] , [[ 318 1894]]
[[ 995 1888]] , [[ 995 1893]]
[[ 995 1888]] , [[ 995 1893]]
[[ 316 1889]] , [[ 315 1890]]
[[ 502 1882]] , [[ 502 1888]]
[[ 994 1886]] , [[ 994 1887]]
[[ 636 1877]] , [[ 635 1878]]
[[ 868 1617]] , [[ 868 1621]]
[[ 992 1886]] , [[ 992 1891]]
[[ 956 1876]] , [[ 956 1881]]
[[ 946 1876]] , [[ 946 1881]]
[[ 956 1877]] , [[ 956 1881]]
[[1004 1894]] , [[1004 1899]]
[[ 660 1875]] , [[ 660 1879]]
[[ 662 1876]] , [[ 661 1877]]
[[ 634 1877]] , [[ 634 1881]]
[[ 638 1878]] , [[ 638 1883]]
[[498 992]] , [[498 997]]
[[ 723 1876]] , [[ 722 1877]]
[[ 842 1874]] , [[ 842 1878]]
[[ 758 1613]] , [[ 758 1617]]
[[ 752 1876]] , [[ 752 1881]]
[[ 416 1883]] , [[ 416 1887]]
[[ 312 1042]] , [[ 312 1051]]
[[ 438 1890]] , [[ 438 1895]]
[[ 858 1875]] , [[ 858 1879]]
[[ 858 1875]] , [[ 858 1879]]
[[ 806 1616]] , [[ 806 1621]]
[[ 858 1875]] , [[ 858 1879]]
[[ 952 1880]] , [[ 952 1884]]
[[ 858 1875]] , [[ 858 1879]]
[[ 307 1028]] , [[ 307 1029]]
[[ 779 1611]] , [[ 779 1615]]
[[ 672 1879]] , [[ 672 1887]]
[[ 954 1880]] , [[ 954 1885]]
[[ 521 1884]] , [[ 520 1885]]
[[ 709 1611]] , [[ 709 1615]]
[[ 946 1880]] , [[ 946 1884]]
[[ 680 1881]] , [[ 680 1885]]
[[ 806 1610]] , [[ 805 1611]]
[[ 784 1874]] , [[ 784 1878]]
[[ 888 1875]] , [[ 888 1879]]
[[ 946 1880]] , [[ 946 1884]]
[[ 968 1882]] , [[ 968 1887]]
[[ 996 1887]] , [[ 996 1891]]
[[ 579 1616]] , [[ 578 1617]]
[[ 721 1878]] , [[ 720 1879]]
[[ 578 1616]] , [[ 578 1621]]
[[ 797 1611]] , [[ 797 1615]]
[[ 974 1880]] , [[ 974 1885]]
[[ 970 1879]] , [[ 970 1887]]
[[ 570 1616]] , [[ 570 1620]]
[[ 640 1612]] , [[ 640 1617]]
[[ 698 1876]] , [[ 698 1880]]
[[ 742 1876]] , [[ 742 1881]]
[[ 731 1877]] , [[ 730 1878]]
[[ 685 1878]] , [[ 684 1879]]
[[ 746 1877]] , [[ 746 1881]]
[[ 742 1876]] , [[ 742 1880]]
[[ 831 1874]] , [[ 831 1878]]
[[1003 1895]] , [[1004 1894]]
[[ 982 1882]] , [[ 982 1887]]
[[ 682 1881]] , [[ 681 1882]]
[[ 656 1877]] , [[ 656 1881]]
[[ 998 1888]] , [[ 998 1893]]
[[ 656 1879]] , [[ 656 1883]]
[[ 588 1882]] , [[ 588 1887]]
[[ 715 1878]] , [[ 714 1879]]
[[ 760 1618]] , [[ 760 1623]]
[[ 552 1880]] , [[ 551 1881]]
[[ 728 1878]] , [[ 728 1895]]
[[ 760 1618]] , [[ 760 1623]]
[[ 880 1878]] , [[ 880 1883]]
[[ 880 1878]] , [[ 880 1883]]
[[ 918 1880]] , [[ 918 1885]]
[[ 809 1876]] , [[ 809 1877]]
[[ 744 1880]] , [[ 744 1881]]
[[ 752 1613]] , [[ 752 1617]]
[[ 966 1881]] , [[ 966 1887]]
[[ 472 1024]] , [[ 472 1027]]
[[ 472 1026]] , [[ 472 1027]]
[[ 306 1030]] , [[ 306 1037]]
[[ 752 1613]] , [[ 752 1617]]
[[ 496 1022]] , [[ 496 1039]]
[[ 958 1877]] , [[ 958 1885]]
[[ 870 1875]] , [[ 870 1879]]
[[676 954]] , [[676 959]]
[[ 727 1876]] , [[ 726 1877]]
[[ 500 1006]] , [[ 500 1013]]
[[676 954]] , [[676 959]]
[[676 952]] , [[676 953]]
[[ 486 1006]] , [[ 486 1039]]
[[678 950]] , [[678 951]]
[[ 948 1874]] , [[ 948 1878]]
[[ 721 1879]] , [[ 721 1883]]
[[ 760 1875]] , [[ 760 1883]]
[[ 964 1880]] , [[ 964 1884]]
[[ 762 1878]] , [[ 762 1887]]
[[ 762 1880]] , [[ 762 1885]]
[[ 600 1880]] , [[ 600 1884]]
[[ 772 1878]] , [[ 772 1883]]
[[ 682 1878]] , [[ 682 1883]]
[[ 692 1878]] , [[ 692 1885]]
[[ 496 1018]] , [[ 496 1023]]
[[ 490 1882]] , [[ 490 1886]]
[[ 452 1883]] , [[ 452 1887]]
[[ 991 1881]] , [[ 990 1882]]
[[ 458 1883]] , [[ 458 1887]]
[[ 694 1880]] , [[ 694 1881]]
[[ 729 1875]] , [[ 728 1876]]
[[ 480 1015]] , [[ 480 1025]]
[[ 306 1050]] , [[ 306 1057]]
[[ 755 1874]] , [[ 754 1875]]
[[ 816 1611]] , [[ 816 1615]]
[[ 598 1614]] , [[ 598 1618]]
[[ 600 1615]] , [[ 600 1619]]
[[ 875 1619]] , [[ 875 1623]]
[[ 480 1009]] , [[ 480 1021]]
[[ 698 1877]] , [[ 698 1883]]
[[ 580 1880]] , [[ 580 1881]]
[[ 696 1888]] , [[ 696 1895]]
[[ 786 1880]] , [[ 786 1887]]
[[ 622 1880]] , [[ 622 1884]]
[[ 521 1882]] , [[ 521 1883]]
[[ 870 1875]] , [[ 870 1879]]
[[ 482 1018]] , [[ 482 1019]]
[[ 496 1016]] , [[ 496 1021]]
[[ 580 1880]] , [[ 580 1887]]
[[ 872 1876]] , [[ 872 1880]]
[[ 768 1880]] , [[ 768 1887]]
[[ 828 1875]] , [[ 827 1876]]
[[ 838 1875]] , [[ 838 1879]]
[[ 666 1877]] , [[ 666 1881]]
[[ 994 1890]] , [[ 994 1894]]
[[ 962 1878]] , [[ 962 1883]]
[[ 888 1874]] , [[ 888 1883]]
[[ 892 1873]] , [[ 891 1874]]
[[ 842 1875]] , [[ 842 1879]]
[[ 225 1890]] , [[ 224 1891]]
[[ 689 1611]] , [[ 689 1615]]
[[ 698 1000]] , [[ 698 1006]]
[[ 493 1032]] , [[ 492 1033]]
[[ 829 1010]] , [[ 828 1011]]
[[ 993 1888]] , [[ 993 1892]]
[[ 838 1015]] , [[ 837 1016]]
[[ 724 1879]] , [[ 723 1880]]
[[ 768 1875]] , [[ 768 1887]]
[[ 720 1878]] , [[ 719 1879]]
[[ 780 1874]] , [[ 779 1875]]
[[ 768 1876]] , [[ 768 1880]]
[[ 727 1878]] , [[ 726 1879]]
[[ 727 1878]] , [[ 725 1880]]
[[ 673 1611]] , [[ 673 1615]]
[[ 643 1878]] , [[ 642 1879]]
[[ 483 1027]] , [[ 482 1028]]
[[ 932 1876]] , [[ 932 1880]]
[[ 559 1880]] , [[ 558 1881]]
[[ 984 1880]] , [[ 984 1887]]
[[ 480 1883]] , [[ 480 1887]]
[[ 454 1881]] , [[ 450 1885]]
[[ 838 1014]] , [[ 838 1015]]
[[ 835 1014]] , [[ 835 1021]]
[[ 866 1617]] , [[ 866 1621]]
[[ 866 1617]] , [[ 866 1621]]
[[ 496 1024]] , [[ 496 1029]]
[[ 482 1024]] , [[ 482 1029]]
[[ 838 1015]] , [[ 838 1021]]
[[ 758 1616]] , [[ 758 1620]]
[[ 791 1611]] , [[ 791 1615]]
[[ 504 1618]] , [[ 504 1623]]
[[ 489 1018]] , [[ 489 1022]]
[[ 482 1024]] , [[ 481 1025]]
[[482 992]] , [[481 993]]
[[ 838 1016]] , [[ 838 1025]]
[[ 480 1024]] , [[ 480 1039]]
[[ 480 1024]] , [[ 480 1041]]
[[ 480 1024]] , [[ 480 1041]]
[[ 480 1024]] , [[ 480 1026]]
[[ 480 1024]] , [[ 480 1041]]
[[ 466 1030]] , [[ 466 1035]]
[[ 468 1031]] , [[ 468 1043]]
[[840 925]] , [[840 943]]
[[674 920]] , [[674 927]]
[[ 858 1882]] , [[ 858 1886]]
[[ 990 1884]] , [[ 990 1888]]
[[ 854 1880]] , [[ 854 1887]]
[[ 488 1018]] , [[ 488 1019]]
[[ 730 1882]] , [[ 730 1887]]
[[ 927 1876]] , [[ 927 1880]]
[[ 926 1876]] , [[ 926 1880]]
[[ 944 1875]] , [[ 943 1876]]
[[ 836 1888]] , [[ 836 1895]]
[[ 488 1018]] , [[ 488 1019]]
[[ 822 1612]] , [[ 822 1617]]
[[ 759 1874]] , [[ 758 1875]]
[[ 778 1611]] , [[ 778 1615]]
[[ 778 1611]] , [[ 778 1615]]
[[ 821 1611]] , [[ 821 1615]]
[[ 823 1611]] , [[ 823 1615]]
[[ 878 1877]] , [[ 878 1881]]
[[ 480 1008]] , [[ 480 1015]]
[[ 480 1006]] , [[ 480 1017]]
[[ 688 1612]] , [[ 687 1613]]
[[672 922]] , [[672 927]]
[[ 874 1624]] , [[ 874 1629]]
[[ 873 1878]] , [[ 873 1882]]
[[ 960 1879]] , [[ 960 1883]]
[[ 960 1879]] , [[ 960 1883]]
[[ 964 1881]] , [[ 964 1885]]
[[ 990 1882]] , [[ 990 1887]]
[[ 990 1882]] , [[ 990 1887]]
[[ 990 1884]] , [[ 990 1889]]
[[ 598 1881]] , [[ 598 1885]]
[[ 580 1882]] , [[ 579 1883]]
[[ 682 1616]] , [[ 682 1621]]
[[ 971 1879]] , [[ 970 1880]]
[[ 770 1876]] , [[ 770 1881]]
[[ 592 1888]] , [[ 592 1895]]
[[ 551 1882]] , [[ 550 1883]]
[[ 960 1877]] , [[ 960 1881]]
[[ 622 1879]] , [[ 621 1880]]
[[ 593 1882]] , [[ 593 1886]]
[[ 661 1880]] , [[ 660 1881]]
[[ 681 1880]] , [[ 680 1881]]
[[ 632 1878]] , [[ 632 1879]]
[[ 713 1879]] , [[ 713 1883]]
[[ 766 1611]] , [[ 766 1615]]
[[ 590 1883]] , [[ 590 1887]]
[[ 778 1874]] , [[ 778 1879]]
[[ 778 1874]] , [[ 778 1879]]
[[ 730 1613]] , [[ 730 1617]]
[[ 890 1876]] , [[ 890 1880]]
[[ 730 1612]] , [[ 730 1616]]
[[ 834 1616]] , [[ 834 1621]]
[[ 704 1879]] , [[ 704 1883]]
[[ 619 1879]] , [[ 619 1883]]
[[ 834 1616]] , [[ 834 1621]]
[[ 834 1616]] , [[ 834 1621]]
[[ 929 1875]] , [[ 929 1879]]
[[ 482 1004]] , [[ 482 1007]]
[[ 482 1004]] , [[ 482 1007]]
[[ 817 1611]] , [[ 816 1612]]
[[ 512 1032]] , [[ 512 1039]]
[[ 697 1875]] , [[ 697 1879]]
[[ 734 1876]] , [[ 734 1889]]
[[ 482 1004]] , [[ 482 1007]]
[[693 984]] , [[694 983]]
[[ 551 1883]] , [[ 551 1887]]
[[ 680 1881]] , [[ 680 1886]]
[[ 554 1884]] , [[ 554 1889]]
[[ 952 1877]] , [[ 952 1881]]
[[ 678 1880]] , [[ 678 1884]]
[[ 942 1876]] , [[ 942 1884]]
[[ 976 1882]] , [[ 976 1886]]
[[ 772 1874]] , [[ 772 1879]]
[[ 980 1880]] , [[ 980 1885]]
[[ 722 1611]] , [[ 722 1615]]
[[ 980 1882]] , [[ 980 1887]]
[[ 982 1880]] , [[ 982 1887]]
[[ 480 1019]] , [[ 480 1022]]
[[680 967]] , [[680 969]]
[[ 736 1875]] , [[ 736 1879]]
[[ 486 1020]] , [[ 486 1021]]
[[ 854 1876]] , [[ 854 1881]]
[[670 922]] , [[670 925]]
[[ 539 1883]] , [[ 539 1887]]
[[ 496 1027]] , [[ 496 1035]]
[[ 918 1875]] , [[ 918 1879]]
[[ 496 1027]] , [[ 496 1035]]
[[ 601 1881]] , [[ 600 1882]]
[[ 634 1877]] , [[ 634 1878]]
[[ 728 1877]] , [[ 728 1881]]
[[ 914 1873]] , [[ 914 1877]]
[[ 574 1883]] , [[ 574 1887]]
[[ 936 1876]] , [[ 936 1881]]
[[ 128 1897]] , [[ 128 1903]]
[[ 917 1874]] , [[ 917 1878]]
[[ 774 1874]] , [[ 774 1879]]
[[ 574 1881]] , [[ 574 1885]]
[[ 581 1883]] , [[ 581 1887]]
[[ 590 1881]] , [[ 590 1886]]
[[ 901 1874]] , [[ 900 1875]]
[[ 611 1879]] , [[ 610 1880]]
[[ 927 1876]] , [[ 927 1877]]
[[ 700 1877]] , [[ 700 1881]]
[[ 601 1879]] , [[ 600 1880]]
[[ 759 1875]] , [[ 758 1876]]
[[1006 1894]] , [[1006 1901]]
[[ 512 1883]] , [[ 512 1887]]
[[ 323 1888]] , [[ 323 1893]]
[[ 800 1611]] , [[ 800 1615]]
[[ 875 1878]] , [[ 875 1882]]
[[ 795 1611]] , [[ 795 1615]]
[[ 472 1033]] , [[ 472 1039]]
[[ 688 1010]] , [[ 688 1011]]
[[ 666 1888]] , [[ 666 1894]]
[[ 745 1875]] , [[ 745 1879]]
[[ 800 1878]] , [[ 800 1885]]
[[ 684 1880]] , [[ 684 1884]]
[[ 697 1878]] , [[ 696 1879]]
[[ 692 1879]] , [[ 691 1880]]
[[ 982 1880]] , [[ 982 1884]]
[[ 958 1878]] , [[ 958 1881]]
[[ 974 1898]] , [[ 974 1899]]
[[ 666 1879]] , [[ 665 1880]]
[[1003 1894]] , [[1003 1898]]
[[ 896 1874]] , [[ 896 1879]]
[[ 729 1877]] , [[ 729 1881]]
[[ 612 1876]] , [[ 612 1877]]
[[ 792 1875]] , [[ 792 1881]]
[[ 488 1026]] , [[ 487 1027]]
[[ 656 1878]] , [[ 656 1883]]
[[ 718 1612]] , [[ 717 1613]]
[[ 906 1872]] , [[ 905 1873]]
[[ 297 1044]] , [[ 297 1048]]
[[ 892 1875]] , [[ 891 1876]]
[[ 821 1611]] , [[ 821 1615]]
[[ 728 1612]] , [[ 728 1617]]
[[ 680 1878]] , [[ 680 1880]]
[[ 984 1882]] , [[ 983 1883]]
[[ 394 1882]] , [[ 394 1887]]
[[ 778 1878]] , [[ 778 1883]]
[[ 632 1878]] , [[ 631 1879]]
[[ 744 1896]] , [[ 744 1901]]
[[1002 1892]] , [[1002 1896]]
[[ 815 1611]] , [[ 815 1615]]
[[ 801 1611]] , [[ 801 1615]]
[[ 616 1878]] , [[ 616 1887]]
[[ 727 1876]] , [[ 726 1877]]
[[ 618 1878]] , [[ 617 1879]]
[[ 752 1872]] , [[ 752 1877]]
[[ 882 1876]] , [[ 881 1877]]
[[ 779 1611]] , [[ 779 1615]]
[[ 878 1876]] , [[ 878 1881]]
[[ 795 1610]] , [[ 794 1611]]
[[ 618 1879]] , [[ 617 1880]]
[[ 606 1881]] , [[ 606 1885]]
[[ 969 1883]] , [[ 969 1887]]
[[ 321 1888]] , [[ 320 1889]]
[[ 339 1894]] , [[ 339 1898]]
[[ 946 1874]] , [[ 946 1879]]
[[ 974 1882]] , [[ 974 1887]]
[[ 326 1888]] , [[ 326 1893]]
[[ 992 1888]] , [[ 992 1893]]
[[ 556 1883]] , [[ 556 1887]]
[[ 662 1878]] , [[ 662 1879]]
[[ 834 1875]] , [[ 834 1879]]
[[ 960 1878]] , [[ 960 1882]]
[[ 601 1879]] , [[ 600 1880]]
[[ 611 1879]] , [[ 610 1880]]
[[ 958 1877]] , [[ 958 1885]]
[[ 611 1879]] , [[ 610 1880]]
[[ 612 1881]] , [[ 612 1886]]
[[ 617 1613]] , [[ 617 1617]]
[[ 474 1032]] , [[ 474 1043]]
[[ 961 1877]] , [[ 960 1878]]
[[ 474 1032]] , [[ 474 1043]]
[[ 474 1031]] , [[ 473 1032]]
[[ 976 1881]] , [[ 976 1886]]
[[ 800 1880]] , [[ 800 1885]]
[[ 472 1618]] , [[ 472 1622]]
[[ 998 1890]] , [[ 998 1897]]
[[ 932 1880]] , [[ 932 1885]]
[[ 562 1879]] , [[ 562 1883]]
[[ 718 1878]] , [[ 718 1885]]
[[ 778 1611]] , [[ 778 1615]]
[[ 427 1618]] , [[ 426 1619]]
[[ 598 1881]] , [[ 598 1885]]
[[ 456 1883]] , [[ 456 1887]]
[[ 998 1891]] , [[ 998 1895]]
[[ 698 1877]] , [[ 698 1883]]
[[ 578 1881]] , [[ 578 1886]]
[[ 866 1888]] , [[ 866 1893]]
[[ 681 1879]] , [[ 681 1883]]
[[ 988 1883]] , [[ 988 1887]]
[[ 615 1881]] , [[ 615 1885]]
[[ 549 1880]] , [[ 549 1885]]
[[ 784 1873]] , [[ 784 1877]]
[[ 698 1880]] , [[ 698 1889]]
[[ 578 1883]] , [[ 578 1889]]
[[ 481 1022]] , [[ 479 1024]]
[[ 720 1877]] , [[ 719 1878]]
[[ 196 1888]] , [[ 196 1895]]
[[ 864 1875]] , [[ 864 1887]]
[[ 912 1873]] , [[ 912 1880]]
[[ 171 1890]] , [[ 169 1892]]
[[ 841 1873]] , [[ 840 1874]]
[[ 786 1878]] , [[ 786 1879]]
[[ 482 1881]] , [[ 482 1887]]
[[ 544 1884]] , [[ 544 1887]]
[[ 488 1884]] , [[ 488 1889]]
[[ 824 1878]] , [[ 824 1885]]
[[ 824 1878]] , [[ 824 1885]]
[[ 824 1878]] , [[ 824 1885]]
[[ 848 1616]] , [[ 848 1621]]
[[ 882 1890]] , [[ 882 1894]]
[[ 726 1876]] , [[ 725 1877]]
[[ 713 1877]] , [[ 712 1878]]
[[ 784 1876]] , [[ 784 1881]]
[[ 920 1878]] , [[ 920 1883]]
[[ 866 1616]] , [[ 866 1620]]
[[ 919 1874]] , [[ 918 1875]]
[[ 650 1879]] , [[ 650 1883]]
[[ 801 1611]] , [[ 801 1615]]
[[670 928]] , [[670 961]]
[[484 998]] , [[ 484 1003]]
[[672 924]] , [[672 927]]
[[ 592 1882]] , [[ 592 1887]]
[[ 486 1006]] , [[ 486 1015]]
[[ 486 1004]] , [[ 486 1015]]
[[ 486 1009]] , [[ 486 1015]]
[[ 486 1009]] , [[ 486 1015]]
[[ 486 1009]] , [[ 486 1015]]
[[ 968 1882]] , [[ 968 1887]]
[[480 866]] , [[480 871]]
[[671 932]] , [[671 936]]
[[ 763 1875]] , [[ 762 1876]]
[[ 328 1883]] , [[ 328 1889]]
[[ 742 1878]] , [[ 742 1883]]
[[ 948 1874]] , [[ 948 1879]]
[[ 849 1614]] , [[ 849 1618]]
[[ 980 1896]] , [[ 980 1901]]
[[ 699 1878]] , [[ 696 1881]]
[[ 710 1878]] , [[ 710 1881]]
[[ 486 1000]] , [[ 486 1008]]
[[ 704 1880]] , [[ 704 1887]]
[[1064 1864]] , [[1064 1869]]
[[ 688 1878]] , [[ 688 1882]]
[[ 707 1876]] , [[ 706 1877]]
[[ 672 1613]] , [[ 671 1614]]
[[ 720 1878]] , [[ 720 1885]]
[[ 694 1612]] , [[ 694 1616]]
[[ 478 1020]] , [[ 478 1022]]
[[ 478 1020]] , [[ 478 1023]]
[[ 478 1020]] , [[ 478 1021]]
[[ 549 1882]] , [[ 548 1883]]
[[ 280 1892]] , [[ 280 1897]]
[[ 274 1888]] , [[ 274 1897]]
[[ 750 1875]] , [[ 750 1879]]
[[ 930 1875]] , [[ 929 1876]]
[[ 938 1874]] , [[ 938 1875]]
[[ 926 1875]] , [[ 926 1881]]
[[ 852 1612]] , [[ 852 1616]]
[[ 883 1876]] , [[ 883 1877]]
[[ 930 1876]] , [[ 930 1880]]
[[ 885 1877]] , [[ 885 1881]]
[[ 853 1613]] , [[ 853 1617]]
[[ 754 1876]] , [[ 754 1880]]
[[ 535 1881]] , [[ 535 1882]]
[[ 733 1876]] , [[ 732 1877]]
[[ 795 1611]] , [[ 795 1615]]
[[ 862 1615]] , [[ 862 1617]]
[[ 369 1883]] , [[ 369 1887]]
[[ 369 1881]] , [[ 369 1882]]
[[ 424 1886]] , [[ 424 1890]]
[[ 870 1876]] , [[ 869 1877]]
[[ 868 1876]] , [[ 868 1881]]
[[ 352 1621]] , [[ 352 1625]]
[[ 920 1873]] , [[ 920 1877]]
[[ 434 1885]] , [[ 434 1890]]
[[ 500 1882]] , [[ 500 1887]]
[[ 862 1878]] , [[ 862 1879]]
[[ 328 1624]] , [[ 328 1628]]
[[ 333 1622]] , [[ 333 1623]]
[[ 920 1873]] , [[ 920 1879]]
[[ 690 1880]] , [[ 690 1885]]
[[ 484 1006]] , [[ 484 1008]]
[[ 419 1896]] , [[ 419 1900]]
[[ 900 1882]] , [[ 900 1887]]
[[ 356 1622]] , [[ 356 1625]]
[[ 491 1011]] , [[ 491 1012]]
[[ 676 1884]] , [[ 676 1887]]
[[ 544 1890]] , [[ 544 1896]]
[[ 669 1879]] , [[ 669 1883]]
[[ 968 1880]] , [[ 968 1887]]
[[ 916 1878]] , [[ 916 1883]]
[[ 712 1613]] , [[ 712 1617]]
[[ 817 1874]] , [[ 816 1875]]
[[ 820 1612]] , [[ 820 1617]]
[[ 628 1878]] , [[ 627 1879]]
[[ 854 1624]] , [[ 854 1629]]
[[ 904 1873]] , [[ 904 1879]]
[[ 730 1877]] , [[ 730 1881]]
[[ 776 1873]] , [[ 775 1874]]
[[ 822 1613]] , [[ 822 1617]]
[[ 757 1875]] , [[ 756 1876]]
[[ 770 1612]] , [[ 770 1617]]
[[ 748 1878]] , [[ 748 1883]]
[[ 800 1611]] , [[ 799 1612]]
[[ 854 1873]] , [[ 854 1879]]
[[ 733 1878]] , [[ 732 1879]]
[[ 974 1888]] , [[ 974 1899]]
[[ 929 1876]] , [[ 929 1880]]
[[ 930 1874]] , [[ 930 1878]]
[[ 826 1611]] , [[ 826 1613]]
[[ 822 1612]] , [[ 822 1618]]
[[ 491 1020]] , [[ 492 1019]]
[[ 491 1020]] , [[ 492 1019]]
[[ 495 1010]] , [[ 494 1011]]
[[ 494 1010]] , [[ 494 1017]]
[[ 470 1022]] , [[ 470 1023]]
[[ 768 1612]] , [[ 768 1617]]
[[ 663 1878]] , [[ 662 1879]]
[[ 656 1879]] , [[ 656 1883]]
[[ 850 1612]] , [[ 850 1613]]
[[ 578 1618]] , [[ 578 1623]]
[[ 578 1618]] , [[ 578 1623]]
[[ 854 1613]] , [[ 854 1617]]
[[ 755 1616]] , [[ 755 1621]]
[[ 854 1613]] , [[ 854 1617]]
[[ 494 1006]] , [[ 494 1019]]
[[ 774 1613]] , [[ 774 1617]]
[[808 868]] , [[808 877]]
[[ 708 1012]] , [[ 708 1025]]
[[ 710 1012]] , [[ 710 1016]]
[[ 756 1613]] , [[ 756 1617]]
[[808 868]] , [[808 877]]
[[ 762 1612]] , [[ 761 1613]]
[[ 690 1022]] , [[ 690 1023]]
[[ 470 1032]] , [[ 470 1039]]
[[844 972]] , [[844 973]]
[[846 956]] , [[846 957]]
[[ 688 1022]] , [[ 688 1027]]
[[ 660 1879]] , [[ 660 1885]]
[[ 470 1024]] , [[ 470 1039]]
[[1002 1894]] , [[1002 1898]]
[[ 950 1876]] , [[ 950 1883]]
[[ 654 1880]] , [[ 654 1888]]
[[ 665 1880]] , [[ 665 1884]]
[[ 725 1875]] , [[ 724 1876]]
[[ 803 1611]] , [[ 803 1615]]
[[ 861 1874]] , [[ 860 1875]]
[[ 849 1611]] , [[ 849 1615]]
[[ 870 1876]] , [[ 870 1881]]
[[ 793 1612]] , [[ 793 1616]]
[[ 710 1879]] , [[ 710 1883]]
[[ 921 1875]] , [[ 921 1879]]
[[ 846 1874]] , [[ 846 1881]]
[[ 578 1880]] , [[ 578 1887]]
[[ 992 1885]] , [[ 992 1887]]
[[ 610 1879]] , [[ 609 1880]]
[[ 708 1877]] , [[ 708 1881]]
[[ 704 1877]] , [[ 704 1881]]
[[ 536 1881]] , [[ 535 1882]]
[[ 327 1889]] , [[ 326 1890]]
[[ 840 1612]] , [[ 840 1616]]
[[ 776 1611]] , [[ 775 1612]]
[[ 614 1880]] , [[ 613 1881]]
[[ 836 1612]] , [[ 836 1616]]
[[ 840 1612]] , [[ 840 1616]]
[[ 710 1612]] , [[ 710 1616]]
[[ 584 1881]] , [[ 584 1885]]
[[ 612 1879]] , [[ 612 1880]]
[[ 344 1887]] , [[ 343 1888]]
[[ 623 1879]] , [[ 623 1883]]
[[ 318 1889]] , [[ 318 1894]]
[[ 995 1888]] , [[ 995 1893]]
[[ 995 1888]] , [[ 995 1893]]
[[ 316 1889]] , [[ 315 1890]]
[[ 502 1882]] , [[ 502 1888]]
[[ 994 1886]] , [[ 994 1887]]
[[ 636 1877]] , [[ 635 1878]]
[[ 868 1617]] , [[ 868 1621]]
[[ 992 1886]] , [[ 992 1891]]
[[ 956 1876]] , [[ 956 1881]]
[[ 946 1876]] , [[ 946 1881]]
[[ 956 1877]] , [[ 956 1881]]
[[1004 1894]] , [[1004 1899]]
[[ 660 1875]] , [[ 660 1879]]
[[ 662 1876]] , [[ 661 1877]]
[[ 634 1877]] , [[ 634 1881]]
[[ 638 1878]] , [[ 638 1883]]
[[498 992]] , [[498 997]]
[[ 723 1876]] , [[ 722 1877]]
[[ 842 1874]] , [[ 842 1878]]
[[ 758 1613]] , [[ 758 1617]]
[[ 752 1876]] , [[ 752 1881]]
[[ 416 1883]] , [[ 416 1887]]
[[ 312 1042]] , [[ 312 1051]]
[[ 438 1890]] , [[ 438 1895]]
[[ 858 1875]] , [[ 858 1879]]
[[ 858 1875]] , [[ 858 1879]]
[[ 806 1616]] , [[ 806 1621]]
[[ 858 1875]] , [[ 858 1879]]
[[ 952 1880]] , [[ 952 1884]]
[[ 858 1875]] , [[ 858 1879]]
[[ 307 1028]] , [[ 307 1029]]
[[ 779 1611]] , [[ 779 1615]]
[[ 672 1879]] , [[ 672 1887]]
[[ 954 1880]] , [[ 954 1885]]
[[ 521 1884]] , [[ 520 1885]]
[[ 709 1611]] , [[ 709 1615]]
[[ 946 1880]] , [[ 946 1884]]
[[ 680 1881]] , [[ 680 1885]]
[[ 806 1610]] , [[ 805 1611]]
[[ 784 1874]] , [[ 784 1878]]
[[ 888 1875]] , [[ 888 1879]]
[[ 946 1880]] , [[ 946 1884]]
[[ 968 1882]] , [[ 968 1887]]
[[ 996 1887]] , [[ 996 1891]]
[[ 579 1616]] , [[ 578 1617]]
[[ 721 1878]] , [[ 720 1879]]
[[ 578 1616]] , [[ 578 1621]]
[[ 797 1611]] , [[ 797 1615]]
[[ 974 1880]] , [[ 974 1885]]
[[ 970 1879]] , [[ 970 1887]]
[[ 570 1616]] , [[ 570 1620]]
[[ 640 1612]] , [[ 640 1617]]
[[ 698 1876]] , [[ 698 1880]]
[[ 742 1876]] , [[ 742 1881]]
[[ 731 1877]] , [[ 730 1878]]
[[ 685 1878]] , [[ 684 1879]]
[[ 746 1877]] , [[ 746 1881]]
[[ 742 1876]] , [[ 742 1880]]
[[ 831 1874]] , [[ 831 1878]]
[[1003 1895]] , [[1004 1894]]
[[ 982 1882]] , [[ 982 1887]]
[[ 682 1881]] , [[ 681 1882]]
[[ 656 1877]] , [[ 656 1881]]
[[ 998 1888]] , [[ 998 1893]]
[[ 656 1879]] , [[ 656 1883]]
[[ 588 1882]] , [[ 588 1887]]
[[ 715 1878]] , [[ 714 1879]]
[[ 760 1618]] , [[ 760 1623]]
[[ 552 1880]] , [[ 551 1881]]
[[ 728 1878]] , [[ 728 1895]]
[[ 760 1618]] , [[ 760 1623]]
[[ 880 1878]] , [[ 880 1883]]
[[ 880 1878]] , [[ 880 1883]]
[[ 918 1880]] , [[ 918 1885]]
[[ 809 1876]] , [[ 809 1877]]
[[ 744 1880]] , [[ 744 1881]]
[[ 752 1613]] , [[ 752 1617]]
[[ 966 1881]] , [[ 966 1887]]
[[ 472 1024]] , [[ 472 1027]]
[[ 472 1026]] , [[ 472 1027]]
[[ 306 1030]] , [[ 306 1037]]
[[ 752 1613]] , [[ 752 1617]]
[[ 496 1022]] , [[ 496 1039]]
[[ 958 1877]] , [[ 958 1885]]
[[ 870 1875]] , [[ 870 1879]]
[[676 954]] , [[676 959]]
[[ 727 1876]] , [[ 726 1877]]
[[ 500 1006]] , [[ 500 1013]]
[[676 954]] , [[676 959]]
[[676 952]] , [[676 953]]
[[ 486 1006]] , [[ 486 1039]]
[[678 950]] , [[678 951]]
[[ 948 1874]] , [[ 948 1878]]
[[ 721 1879]] , [[ 721 1883]]
[[ 760 1875]] , [[ 760 1883]]
[[ 964 1880]] , [[ 964 1884]]
[[ 762 1878]] , [[ 762 1887]]
[[ 762 1880]] , [[ 762 1885]]
[[ 600 1880]] , [[ 600 1884]]
[[ 772 1878]] , [[ 772 1883]]
[[ 682 1878]] , [[ 682 1883]]
[[ 692 1878]] , [[ 692 1885]]
[[ 496 1018]] , [[ 496 1023]]
[[ 490 1882]] , [[ 490 1886]]
[[ 452 1883]] , [[ 452 1887]]
[[ 991 1881]] , [[ 990 1882]]
[[ 458 1883]] , [[ 458 1887]]
[[ 694 1880]] , [[ 694 1881]]
[[ 729 1875]] , [[ 728 1876]]
[[ 480 1015]] , [[ 480 1025]]
[[ 306 1050]] , [[ 306 1057]]
[[ 755 1874]] , [[ 754 1875]]
[[ 816 1611]] , [[ 816 1615]]
[[ 598 1614]] , [[ 598 1618]]
[[ 600 1615]] , [[ 600 1619]]
[[ 875 1619]] , [[ 875 1623]]
[[ 480 1009]] , [[ 480 1021]]
[[ 698 1877]] , [[ 698 1883]]
[[ 580 1880]] , [[ 580 1881]]
[[ 696 1888]] , [[ 696 1895]]
[[ 786 1880]] , [[ 786 1887]]
[[ 622 1880]] , [[ 622 1884]]
[[ 521 1882]] , [[ 521 1883]]
[[ 870 1875]] , [[ 870 1879]]
[[ 482 1018]] , [[ 482 1019]]
[[ 496 1016]] , [[ 496 1021]]
[[ 580 1880]] , [[ 580 1887]]
[[ 872 1876]] , [[ 872 1880]]
[[ 768 1880]] , [[ 768 1887]]
[[ 828 1875]] , [[ 827 1876]]
[[ 838 1875]] , [[ 838 1879]]
[[ 666 1877]] , [[ 666 1881]]
[[ 994 1890]] , [[ 994 1894]]
[[ 962 1878]] , [[ 962 1883]]
[[ 888 1874]] , [[ 888 1883]]
[[ 892 1873]] , [[ 891 1874]]
[[ 842 1875]] , [[ 842 1879]]
[[ 225 1890]] , [[ 224 1891]]
[[ 550 1352]] , [[ 550 1353]]
[[ 235 1668]] , [[ 235 1672]]
[[1026 1836]] , [[1026 1840]]
[[ 232 1668]] , [[ 232 1672]]
[[1044 1864]] , [[1044 1869]]
[[1044 1864]] , [[1044 1869]]
[[1028 1832]] , [[1028 1833]]
[[1066 1813]] , [[1066 1817]]
[[ 548 1350]] , [[ 548 1351]]
[[ 540 1352]] , [[ 540 1357]]
[[ 957 1600]] , [[ 956 1601]]
[[ 544 1352]] , [[ 544 1353]]
[[ 540 1354]] , [[ 540 1355]]
[[ 750 1208]] , [[ 750 1209]]
[[ 750 1208]] , [[ 750 1209]]
[[ 534 1194]] , [[ 534 1195]]
[[ 757 1206]] , [[ 757 1207]]
[[ 238 1204]] , [[ 238 1217]]
[[ 540 1354]] , [[ 540 1355]]
[[ 238 1214]] , [[ 238 1227]]
[[ 751 1206]] , [[ 751 1207]]
[[ 751 1206]] , [[ 751 1209]]
[[ 751 1206]] , [[ 751 1209]]
[[ 540 1354]] , [[ 540 1355]]
[[1064 1814]] , [[1064 1819]]
[[ 760 1785]] , [[ 760 1789]]
[[ 760 1785]] , [[ 760 1789]]
[[ 760 1785]] , [[ 760 1789]]
[[ 760 1785]] , [[ 760 1789]]
[[ 542 1354]] , [[ 542 1355]]
[[1030 1826]] , [[1030 1831]]
[[1031 1826]] , [[1030 1827]]
[[1034 1843]] , [[1034 1847]]
[[ 230 1304]] , [[ 230 1309]]
[[ 544 1354]] , [[ 544 1355]]
[[ 542 1356]] , [[ 542 1357]]
[[1028 1828]] , [[1028 1829]]
[[ 230 1302]] , [[ 230 1309]]
[[ 738 1786]] , [[ 738 1790]]
[[ 542 1352]] , [[ 542 1353]]
[[1030 1834]] , [[1030 1839]]
[[ 230 1304]] , [[ 230 1309]]
[[ 546 1352]] , [[ 546 1353]]
[[ 546 1354]] , [[ 546 1355]]
[[ 211 1428]] , [[ 211 1434]]
[[ 544 1354]] , [[ 544 1355]]
[[1029 1835]] , [[1029 1839]]
[[ 542 1354]] , [[ 542 1355]]
[[ 540 1354]] , [[ 540 1355]]
[[ 238 1232]] , [[ 238 1237]]
[[ 238 1232]] , [[ 238 1237]]
[[ 226 1332]] , [[ 226 1339]]
[[ 226 1332]] , [[ 226 1339]]
[[ 752 1206]] , [[ 752 1209]]
[[ 215 1417]] , [[ 216 1416]]
[[ 240 1216]] , [[ 240 1229]]
[[ 752 1206]] , [[ 752 1209]]
[[ 752 1206]] , [[ 752 1209]]
[[ 528 1194]] , [[ 528 1195]]
[[ 221 1302]] , [[ 221 1310]]
[[ 225 1330]] , [[ 225 1341]]
[[ 755 1208]] , [[ 755 1209]]
[[ 755 1208]] , [[ 755 1209]]
[[ 755 1208]] , [[ 755 1209]]
[[ 755 1208]] , [[ 755 1209]]
[[ 225 1330]] , [[ 225 1333]]
[[ 225 1330]] , [[ 225 1333]]
[[ 753 1210]] , [[ 753 1211]]
[[ 757 1208]] , [[ 757 1209]]
[[ 238 1336]] , [[ 238 1341]]
[[ 542 1354]] , [[ 542 1355]]
[[ 227 1334]] , [[ 226 1335]]
[[ 222 1332]] , [[ 222 1333]]
[[ 232 1336]] , [[ 232 1341]]
[[ 749 1210]] , [[ 749 1213]]
[[ 751 1210]] , [[ 751 1211]]
[[ 210 1343]] , [[ 210 1347]]
[[ 232 1336]] , [[ 232 1341]]
[[ 749 1210]] , [[ 749 1213]]
[[ 211 1328]] , [[ 211 1331]]
[[ 536 1354]] , [[ 536 1355]]
[[ 536 1354]] , [[ 536 1355]]
[[ 778 1756]] , [[ 778 1760]]
[[ 750 1212]] , [[ 750 1213]]
[[ 735 1296]] , [[ 734 1297]]
[[ 734 1344]] , [[ 734 1349]]
[[ 392 1330]] , [[ 392 1341]]
[[ 737 1342]] , [[ 737 1343]]
[[ 219 1343]] , [[ 219 1347]]
[[ 740 1296]] , [[ 740 1297]]
[[ 743 1295]] , [[ 743 1297]]
[[ 742 1298]] , [[ 742 1299]]
[[ 202 1312]] , [[ 202 1321]]
[[ 202 1314]] , [[ 202 1321]]
[[ 202 1314]] , [[ 202 1322]]
[[ 202 1316]] , [[ 202 1323]]
[[ 762 1306]] , [[ 762 1309]]
[[ 209 1334]] , [[ 209 1339]]
[[ 209 1334]] , [[ 209 1339]]
[[ 216 1338]] , [[ 216 1343]]
[[ 729 1340]] , [[ 729 1343]]
[[ 748 1318]] , [[ 748 1325]]
[[ 760 1272]] , [[ 760 1277]]
[[ 574 1254]] , [[ 574 1257]]
[[ 572 1254]] , [[ 572 1257]]
[[ 730 1260]] , [[ 730 1265]]
[[ 572 1254]] , [[ 572 1255]]
[[ 214 1200]] , [[ 214 1204]]
[[ 217 1198]] , [[ 217 1199]]
[[ 372 1196]] , [[ 372 1197]]
[[ 217 1198]] , [[ 217 1199]]
[[ 215 1200]] , [[ 215 1205]]
[[ 560 1254]] , [[ 560 1255]]
[[ 368 1196]] , [[ 368 1197]]
[[ 222 1196]] , [[ 222 1199]]
[[ 210 1200]] , [[ 210 1205]]
[[ 366 1196]] , [[ 366 1197]]
[[ 222 1198]] , [[ 222 1199]]
[[ 364 1196]] , [[ 364 1197]]
[[ 218 1198]] , [[ 218 1199]]
[[ 218 1198]] , [[ 218 1199]]
[[ 362 1198]] , [[ 362 1203]]
[[ 222 1196]] , [[ 222 1197]]
[[ 222 1196]] , [[ 222 1197]]
[[ 212 1196]] , [[ 212 1199]]
[[ 542 1206]] , [[ 542 1207]]
[[ 542 1206]] , [[ 542 1207]]
[[ 360 1198]] , [[ 360 1202]]
[[1033 1832]] , [[1032 1833]]
[[1033 1832]] , [[1032 1833]]
[[1030 1830]] , [[1030 1837]]
[[ 776 1757]] , [[ 776 1761]]
[[ 776 1757]] , [[ 776 1761]]
[[ 776 1757]] , [[ 776 1761]]
[[ 540 1208]] , [[ 540 1211]]
[[ 776 1757]] , [[ 776 1761]]
[[1057 1826]] , [[1057 1830]]
[[ 542 1208]] , [[ 542 1209]]
[[ 205 1343]] , [[ 205 1347]]
[[ 214 1196]] , [[ 214 1199]]
[[ 544 1210]] , [[ 544 1215]]
[[ 204 1320]] , [[ 204 1325]]
[[ 546 1224]] , [[ 546 1235]]
[[ 554 1254]] , [[ 554 1259]]
[[ 556 1254]] , [[ 556 1259]]
[[ 224 1200]] , [[ 223 1201]]
[[ 744 1658]] , [[ 744 1665]]
[[ 562 1254]] , [[ 562 1255]]
[[ 564 1254]] , [[ 564 1257]]
[[ 374 1200]] , [[ 374 1201]]
[[ 378 1198]] , [[ 378 1199]]
[[ 378 1198]] , [[ 378 1199]]
[[ 378 1198]] , [[ 378 1199]]
[[ 238 1200]] , [[ 238 1201]]
[[ 238 1334]] , [[ 238 1339]]
[[ 226 1330]] , [[ 226 1347]]
[[ 226 1330]] , [[ 226 1341]]
[[ 580 1254]] , [[ 580 1255]]
[[ 226 1330]] , [[ 226 1337]]
[[ 388 1198]] , [[ 388 1201]]
[[ 772 1200]] , [[ 772 1203]]
[[ 772 1204]] , [[ 772 1205]]
[[ 582 1254]] , [[ 582 1265]]
[[ 772 1204]] , [[ 772 1205]]
[[ 741 1252]] , [[ 741 1253]]
[[ 739 1254]] , [[ 739 1255]]
[[ 739 1259]] , [[ 739 1263]]
[[ 739 1259]] , [[ 739 1263]]
[[ 739 1259]] , [[ 739 1263]]
[[ 580 1254]] , [[ 580 1255]]
[[ 580 1254]] , [[ 580 1255]]
[[ 772 1196]] , [[ 772 1201]]
[[ 580 1254]] , [[ 580 1265]]
[[ 622 1254]] , [[ 622 1255]]
[[ 369 1234]] , [[ 369 1241]]
[[ 590 1256]] , [[ 590 1257]]
[[ 744 1224]] , [[ 744 1231]]
[[ 215 1318]] , [[ 215 1323]]
[[ 224 1342]] , [[ 224 1347]]
[[ 750 1298]] , [[ 750 1301]]
[[ 215 1318]] , [[ 215 1323]]
[[ 215 1318]] , [[ 215 1323]]
[[ 215 1318]] , [[ 215 1323]]
[[ 752 1216]] , [[ 752 1217]]
[[ 528 1194]] , [[ 528 1195]]
[[ 753 1214]] , [[ 753 1215]]
[[ 528 1194]] , [[ 528 1195]]
[[ 226 1310]] , [[ 225 1311]]
[[ 226 1310]] , [[ 225 1311]]
[[ 226 1310]] , [[ 225 1311]]
[[ 754 1212]] , [[ 754 1213]]
[[ 758 1210]] , [[ 758 1211]]
[[ 753 1208]] , [[ 753 1211]]
[[ 223 1285]] , [[ 223 1289]]
[[ 221 1281]] , [[ 221 1283]]
[[ 242 1247]] , [[ 242 1255]]
[[ 227 1320]] , [[ 227 1324]]
[[ 228 1320]] , [[ 228 1324]]
[[ 229 1278]] , [[ 227 1280]]
[[1035 1848]] , [[1035 1852]]
[[1035 1848]] , [[1035 1852]]
[[1030 1840]] , [[1030 1844]]
[[1030 1840]] , [[1030 1844]]
[[ 548 1354]] , [[ 548 1355]]
[[ 548 1354]] , [[ 548 1355]]
[[ 230 1296]] , [[ 230 1301]]
[[ 530 1196]] , [[ 530 1197]]
[[ 750 1210]] , [[ 750 1211]]
[[ 750 1210]] , [[ 750 1211]]
[[ 750 1210]] , [[ 750 1211]]
[[ 752 1208]] , [[ 752 1209]]
[[ 752 1208]] , [[ 752 1209]]
[[ 215 1296]] , [[ 215 1311]]
[[ 243 1310]] , [[ 243 1315]]
[[ 216 1342]] , [[ 216 1346]]
[[ 217 1292]] , [[ 217 1293]]
[[ 232 1282]] , [[ 232 1289]]
[[ 759 1204]] , [[ 759 1205]]
[[ 216 1336]] , [[ 216 1343]]
[[ 754 1204]] , [[ 754 1205]]
[[1058 1825]] , [[1058 1827]]
[[1058 1825]] , [[1058 1827]]
[[1038 1832]] , [[1038 1837]]
[[ 219 1287]] , [[ 218 1288]]
[[ 225 1282]] , [[ 225 1283]]
[[ 252 1286]] , [[ 252 1291]]
[[ 227 1279]] , [[ 226 1280]]
[[ 229 1280]] , [[ 229 1281]]
[[ 958 1598]] , [[ 958 1599]]
[[ 217 1237]] , [[ 217 1239]]
[[ 217 1236]] , [[ 217 1238]]
[[ 218 1222]] , [[ 218 1230]]
[[ 221 1280]] , [[ 222 1279]]
[[ 227 1212]] , [[ 227 1217]]
[[ 749 1202]] , [[ 749 1207]]
[[ 270 1300]] , [[ 270 1305]]
[[ 272 1307]] , [[ 272 1311]]
[[ 272 1300]] , [[ 272 1307]]
[[ 260 1288]] , [[ 260 1289]]
[[ 260 1288]] , [[ 260 1289]]
[[ 274 1300]] , [[ 274 1305]]
[[ 274 1300]] , [[ 274 1305]]
[[ 958 1600]] , [[ 958 1605]]
[[ 266 1289]] , [[ 265 1290]]
[[ 268 1310]] , [[ 268 1317]]
[[ 386 1188]] , [[ 386 1189]]
[[ 530 1196]] , [[ 530 1197]]
[[ 384 1188]] , [[ 384 1189]]
[[ 384 1188]] , [[ 384 1189]]
[[ 384 1188]] , [[ 384 1189]]
[[1041 1831]] , [[1041 1835]]
[[ 782 1761]] , [[ 782 1765]]
[[1057 1827]] , [[1057 1831]]
[[1053 1829]] , [[1053 1833]]
[[1052 1828]] , [[1052 1833]]
[[ 782 1761]] , [[ 782 1765]]
[[1056 1826]] , [[1056 1827]]
[[ 274 1294]] , [[ 274 1295]]
[[ 958 1600]] , [[ 957 1601]]
[[ 768 1204]] , [[ 768 1205]]
[[ 780 1762]] , [[ 780 1766]]
[[ 748 1206]] , [[ 748 1209]]
[[ 528 1198]] , [[ 528 1199]]
[[ 756 1204]] , [[ 756 1205]]
[[ 766 1202]] , [[ 766 1203]]
[[ 770 1202]] , [[ 770 1205]]
[[ 394 1188]] , [[ 394 1189]]
[[ 378 1022]] , [[ 378 1023]]
[[ 380 1022]] , [[ 380 1023]]
[[ 382 1022]] , [[ 382 1023]]
[[ 376 1190]] , [[ 376 1191]]
[[1057 1828]] , [[1057 1832]]
[[1046 1873]] , [[1045 1874]]
[[ 768 1208]] , [[ 768 1211]]
[[1056 1828]] , [[1056 1829]]
[[ 748 1212]] , [[ 748 1213]]
[[ 782 1765]] , [[ 782 1769]]
[[1056 1830]] , [[1056 1834]]
[[1038 1857]] , [[1038 1861]]
[[1030 1840]] , [[1030 1841]]
[[1030 1840]] , [[1030 1841]]
[[1030 1840]] , [[1030 1841]]
[[1039 1858]] , [[1039 1862]]
[[1030 1840]] , [[1030 1847]]
[[ 214 1220]] , [[ 214 1229]]
[[1030 1840]] , [[1030 1847]]
[[1030 1838]] , [[1030 1845]]
[[ 209 1234]] , [[ 209 1238]]
[[1047 1870]] , [[1047 1877]]
[[ 207 1246]] , [[ 207 1250]]
[[1056 1816]] , [[1056 1820]]
[[1039 1841]] , [[1039 1848]]
[[1039 1840]] , [[1039 1844]]
[[ 207 1238]] , [[ 207 1243]]
[[1038 1836]] , [[1038 1840]]
[[ 208 1340]] , [[ 209 1339]]
[[ 209 1326]] , [[ 209 1327]]
[[ 209 1350]] , [[ 209 1357]]
[[ 199 1348]] , [[ 199 1359]]
[[ 222 1326]] , [[ 222 1331]]
[[ 526 1352]] , [[ 526 1355]]
[[ 526 1352]] , [[ 526 1353]]
[[ 203 1366]] , [[ 204 1365]]
[[ 737 1210]] , [[ 737 1211]]
[[ 214 1332]] , [[ 214 1337]]
[[ 217 1326]] , [[ 217 1327]]
[[ 524 1352]] , [[ 524 1363]]
[[1031 1828]] , [[1031 1833]]
[[1031 1828]] , [[1031 1833]]
[[ 731 1291]] , [[ 730 1292]]
[[ 726 1304]] , [[ 726 1311]]
[[ 214 1328]] , [[ 214 1333]]
[[ 217 1326]] , [[ 217 1327]]
[[ 217 1326]] , [[ 217 1327]]
[[ 550 1308]] , [[ 550 1309]]
[[ 562 1246]] , [[ 562 1247]]
[[ 362 1192]] , [[ 362 1193]]
[[ 217 1318]] , [[ 217 1319]]
[[ 226 1320]] , [[ 226 1324]]
[[ 542 1204]] , [[ 542 1205]]
[[1068 1808]] , [[1068 1812]]
[[1038 1844]] , [[1038 1848]]
[[1038 1844]] , [[1038 1848]]
[[ 212 1320]] , [[ 212 1331]]
[[ 366 1192]] , [[ 366 1193]]
[[ 536 1196]] , [[ 536 1197]]
[[ 530 1196]] , [[ 530 1197]]
[[ 364 1194]] , [[ 364 1195]]
[[ 526 1196]] , [[ 526 1197]]
[[ 524 1196]] , [[ 524 1197]]
[[ 211 1317]] , [[ 211 1319]]
[[ 522 1196]] , [[ 522 1197]]
[[ 520 1196]] , [[ 520 1197]]
[[ 518 1198]] , [[ 518 1199]]
[[ 205 1324]] , [[ 205 1326]]
[[ 205 1325]] , [[ 205 1326]]
[[ 205 1325]] , [[ 205 1326]]
[[ 205 1325]] , [[ 205 1326]]
[[ 205 1325]] , [[ 204 1326]]
[[ 368 1192]] , [[ 368 1193]]
[[ 368 1192]] , [[ 368 1193]]
[[ 205 1326]] , [[ 204 1327]]
[[ 205 1326]] , [[ 204 1327]]
[[ 278 1300]] , [[ 278 1306]]
[[ 518 1196]] , [[ 518 1197]]
[[ 787 1776]] , [[ 787 1781]]
[[ 212 1330]] , [[ 212 1335]]
[[ 205 1329]] , [[ 205 1333]]
[[ 213 1787]] , [[ 213 1791]]
[[ 222 1787]] , [[ 222 1791]]
[[ 222 1787]] , [[ 222 1791]]
[[ 225 1328]] , [[ 225 1333]]
[[1077 1811]] , [[1076 1812]]
[[ 516 1198]] , [[ 516 1199]]
[[ 224 1328]] , [[ 224 1333]]
[[ 222 1326]] , [[ 222 1327]]
[[ 766 1754]] , [[ 766 1758]]
[[ 514 1198]] , [[ 514 1251]]
[[ 514 1198]] , [[ 514 1251]]
[[ 522 1196]] , [[ 522 1197]]
[[ 360 1194]] , [[ 360 1195]]
[[ 372 1194]] , [[ 372 1195]]
[[ 518 1196]] , [[ 518 1197]]
[[ 518 1196]] , [[ 518 1197]]
[[ 518 1196]] , [[ 518 1197]]
[[ 936 1599]] , [[ 936 1603]]
[[ 936 1599]] , [[ 936 1603]]
[[ 222 1320]] , [[ 222 1327]]
[[ 222 1320]] , [[ 222 1327]]
[[ 224 1322]] , [[ 224 1325]]
[[ 224 1322]] , [[ 224 1325]]
[[ 264 1284]] , [[ 264 1293]]
[[ 934 1591]] , [[ 934 1595]]
[[1072 1810]] , [[1072 1811]]
[[1072 1810]] , [[1072 1811]]
[[ 268 1302]] , [[ 268 1309]]
[[1072 1810]] , [[1072 1814]]
[[ 268 1292]] , [[ 268 1293]]
[[ 266 1286]] , [[ 266 1291]]
[[ 224 1326]] , [[ 224 1331]]
[[ 936 1599]] , [[ 936 1603]]
[[ 208 1190]] , [[ 208 1191]]
[[ 522 1200]] , [[ 522 1201]]
[[ 368 1202]] , [[ 368 1203]]
[[ 522 1210]] , [[ 522 1211]]
[[ 522 1214]] , [[ 522 1215]]
[[ 370 1212]] , [[ 370 1213]]
[[1050 1840]] , [[1050 1844]]
[[1042 1842]] , [[1041 1843]]
[[ 374 1208]] , [[ 374 1209]]
[[ 220 1204]] , [[ 220 1205]]
[[ 374 1206]] , [[ 374 1207]]
[[ 374 1204]] , [[ 374 1205]]
[[ 374 1202]] , [[ 374 1203]]
[[ 532 1202]] , [[ 532 1203]]
[[ 240 1196]] , [[ 240 1197]]
[[ 530 1202]] , [[ 530 1203]]
[[ 534 1202]] , [[ 534 1203]]
[[1044 1828]] , [[1044 1832]]
[[ 532 1202]] , [[ 532 1203]]
[[ 530 1202]] , [[ 530 1203]]
[[1042 1828]] , [[1042 1832]]
[[1056 1822]] , [[1056 1823]]
[[ 229 1334]] , [[ 229 1339]]
[[ 226 1662]] , [[ 226 1663]]
[[ 228 1334]] , [[ 228 1339]]
[[ 376 1200]] , [[ 376 1201]]
[[ 238 1196]] , [[ 238 1197]]
[[ 238 1196]] , [[ 238 1197]]
[[ 236 1198]] , [[ 236 1199]]
[[ 225 1198]] , [[ 225 1199]]
[[ 234 1198]] , [[ 234 1199]]
[[ 374 1200]] , [[ 374 1201]]
[[ 376 1200]] , [[ 376 1201]]
[[ 558 1246]] , [[ 558 1251]]
[[ 606 1256]] , [[ 606 1257]]
[[ 566 1326]] , [[ 566 1343]]
[[ 530 1200]] , [[ 530 1201]]
[[ 586 1256]] , [[ 586 1257]]
[[ 222 1334]] , [[ 222 1339]]
[[ 580 1256]] , [[ 580 1267]]
[[ 772 1214]] , [[ 772 1215]]
[[ 747 1244]] , [[ 745 1246]]
[[ 221 1332]] , [[ 221 1337]]
[[ 542 1358]] , [[ 542 1359]]
[[ 221 1331]] , [[ 221 1332]]
[[ 540 1358]] , [[ 540 1359]]
[[ 540 1358]] , [[ 540 1359]]
[[ 540 1358]] , [[ 540 1359]]
[[ 230 1334]] , [[ 230 1341]]
[[ 540 1358]] , [[ 540 1359]]
[[ 230 1332]] , [[ 230 1337]]
[[ 750 1218]] , [[ 750 1221]]
[[ 750 1218]] , [[ 750 1223]]
[[ 219 1291]] , [[ 219 1295]]
[[ 769 1289]] , [[ 769 1293]]
[[ 228 1302]] , [[ 228 1311]]
[[ 232 1332]] , [[ 232 1337]]
[[ 540 1358]] , [[ 540 1359]]
[[ 229 1291]] , [[ 229 1295]]
[[ 749 1216]] , [[ 749 1217]]
[[ 234 1256]] , [[ 234 1264]]
[[ 599 1262]] , [[ 598 1263]]
[[ 240 1242]] , [[ 240 1253]]
[[ 240 1262]] , [[ 240 1267]]
[[ 240 1262]] , [[ 240 1271]]
[[ 542 1354]] , [[ 542 1355]]
[[ 236 1336]] , [[ 236 1341]]
[[ 231 1318]] , [[ 231 1325]]
[[ 231 1322]] , [[ 231 1327]]
[[ 238 1326]] , [[ 238 1331]]
[[ 540 1356]] , [[ 540 1357]]
[[ 560 1354]] , [[ 560 1355]]
[[ 558 1354]] , [[ 558 1355]]
[[ 554 1354]] , [[ 554 1355]]
[[ 240 1258]] , [[ 240 1277]]
[[ 542 1354]] , [[ 542 1355]]
[[ 240 1256]] , [[ 240 1277]]
[[ 542 1354]] , [[ 542 1355]]
[[ 240 1232]] , [[ 240 1247]]
[[ 749 1210]] , [[ 749 1211]]
[[ 749 1210]] , [[ 749 1211]]
[[ 755 1294]] , [[ 756 1293]]
[[ 755 1290]] , [[ 756 1289]]
[[ 747 1292]] , [[ 748 1291]]
[[ 240 1208]] , [[ 240 1209]]
[[ 240 1208]] , [[ 240 1209]]
[[ 240 1208]] , [[ 240 1209]]
[[ 750 1208]] , [[ 750 1209]]
[[ 746 1208]] , [[ 746 1211]]
[[ 746 1208]] , [[ 746 1209]]
[[ 746 1208]] , [[ 746 1209]]
[[ 548 1352]] , [[ 548 1353]]
[[ 746 1208]] , [[ 746 1209]]
[[ 954 1610]] , [[ 954 1615]]
[[ 954 1610]] , [[ 954 1615]]
[[ 958 1602]] , [[ 958 1607]]
[[1056 1824]] , [[1056 1829]]
[[1057 1887]] , [[1057 1891]]
[[ 240 1210]] , [[ 240 1211]]
[[1050 1828]] , [[1050 1833]]
[[ 560 1356]] , [[ 560 1357]]
[[1031 1838]] , [[1031 1847]]
[[ 544 1360]] , [[ 544 1361]]
[[ 542 1360]] , [[ 542 1361]]
[[ 233 1230]] , [[ 233 1234]]
[[ 953 1600]] , [[ 953 1605]]
[[ 238 1200]] , [[ 238 1207]]
[[ 746 1204]] , [[ 746 1205]]
[[ 790 1778]] , [[ 790 1783]]
[[ 544 1350]] , [[ 544 1351]]
[[ 542 1194]] , [[ 542 1195]]
[[ 742 1218]] , [[ 742 1219]]
[[ 540 1360]] , [[ 540 1361]]
[[ 546 1202]] , [[ 546 1203]]
[[ 524 1204]] , [[ 524 1205]]
[[ 522 1202]] , [[ 522 1203]]
[[ 518 1200]] , [[ 518 1201]]
[[ 516 1198]] , [[ 516 1199]]
[[ 741 1312]] , [[ 742 1311]]
[[ 733 1218]] , [[ 733 1219]]
[[ 765 1376]] , [[ 766 1375]]
[[ 756 1238]] , [[ 756 1261]]
[[ 380 1194]] , [[ 380 1195]]
[[ 560 1254]] , [[ 560 1259]]
[[ 368 1196]] , [[ 368 1197]]
[[ 538 1232]] , [[ 538 1281]]
[[ 540 1212]] , [[ 540 1213]]
[[1035 1846]] , [[1035 1850]]
[[ 790 1778]] , [[ 790 1787]]
[[ 214 1196]] , [[ 214 1197]]
[[ 215 1192]] , [[ 215 1193]]
[[ 370 1196]] , [[ 370 1197]]
[[ 366 1194]] , [[ 366 1195]]
[[1063 1812]] , [[1062 1813]]
[[ 782 1752]] , [[ 782 1757]]
[[ 709 1777]] , [[ 709 1781]]
[[ 528 1192]] , [[ 528 1193]]
[[ 518 1194]] , [[ 518 1195]]
[[ 526 1192]] , [[ 526 1193]]
[[ 524 1192]] , [[ 524 1193]]
[[ 526 1190]] , [[ 526 1191]]
[[ 526 1190]] , [[ 526 1191]]
[[ 528 1190]] , [[ 528 1191]]
[[ 524 1192]] , [[ 524 1193]]
[[ 362 1190]] , [[ 362 1191]]
[[ 524 1192]] , [[ 524 1193]]
[[ 364 1190]] , [[ 364 1191]]
[[ 363 1192]] , [[ 363 1195]]
[[ 516 1196]] , [[ 516 1197]]
[[1065 1812]] , [[1064 1813]]
[[ 364 1194]] , [[ 364 1197]]
[[ 744 1650]] , [[ 744 1655]]
[[ 364 1194]] , [[ 364 1197]]
[[ 526 1196]] , [[ 526 1197]]
[[ 370 1192]] , [[ 370 1195]]
[[ 216 1184]] , [[ 216 1185]]
[[ 368 1192]] , [[ 368 1195]]
[[1062 1810]] , [[1062 1815]]
[[ 526 1196]] , [[ 526 1197]]
[[ 532 1196]] , [[ 532 1197]]
[[ 376 1192]] , [[ 376 1195]]
[[ 530 1196]] , [[ 530 1197]]
[[ 380 1192]] , [[ 380 1195]]
[[ 768 1751]] , [[ 768 1755]]
[[ 230 1188]] , [[ 230 1189]]
[[ 236 1186]] , [[ 236 1187]]
[[ 380 1190]] , [[ 380 1193]]
[[ 224 1328]] , [[ 224 1333]]
[[ 382 1190]] , [[ 382 1191]]
[[ 376 1188]] , [[ 376 1191]]
[[ 230 1188]] , [[ 230 1189]]
[[ 382 1190]] , [[ 382 1191]]
[[ 238 1188]] , [[ 238 1189]]
[[ 655 1247]] , [[ 654 1248]]
[[ 744 1296]] , [[ 744 1311]]
[[ 752 1294]] , [[ 752 1295]]
[[ 758 1298]] , [[ 758 1309]]
[[ 544 1350]] , [[ 544 1351]]
[[ 752 1210]] , [[ 752 1211]]
[[ 542 1354]] , [[ 542 1355]]
[[ 530 1196]] , [[ 530 1197]]
[[ 749 1208]] , [[ 749 1211]]
[[ 746 1212]] , [[ 746 1215]]
[[ 782 1764]] , [[ 782 1768]]
[[ 240 1234]] , [[ 240 1249]]
[[ 240 1210]] , [[ 240 1215]]
[[ 750 1196]] , [[ 750 1197]]
[[ 752 1194]] , [[ 752 1195]]
[[ 739 1290]] , [[ 740 1289]]
[[ 750 1198]] , [[ 750 1199]]
[[ 752 1200]] , [[ 752 1201]]
[[ 743 1292]] , [[ 744 1291]]
[[ 747 1294]] , [[ 748 1293]]
[[ 219 1343]] , [[ 217 1345]]
[[ 217 1344]] , [[ 216 1345]]
[[1036 1848]] , [[1036 1852]]
[[ 215 1344]] , [[ 215 1349]]
[[ 217 1339]] , [[ 217 1340]]
[[ 747 1202]] , [[ 747 1203]]
[[ 257 1458]] , [[ 258 1457]]
[[ 275 1456]] , [[ 276 1455]]
[[ 275 1456]] , [[ 276 1455]]
[[ 257 1458]] , [[ 258 1457]]
[[ 233 1458]] , [[ 234 1457]]
[[ 231 1458]] , [[ 232 1457]]
[[ 256 1448]] , [[ 256 1457]]
[[ 214 1298]] , [[ 214 1323]]
[[ 313 1464]] , [[ 314 1463]]
[[ 214 1298]] , [[ 214 1321]]
[[ 214 1298]] , [[ 214 1318]]
[[ 758 1200]] , [[ 758 1201]]
