[[33 47]] , [[34 46]]
[[665 530]] , [[666 529]]
[[720 160]] , [[720 161]]
[[376 514]] , [[376 522]]
[[768 130]] , [[768 134]]
[[376 514]] , [[376 515]]
[[376 514]] , [[376 522]]
[[488 518]] , [[488 523]]
[[478 516]] , [[478 517]]
[[667 532]] , [[668 531]]
[[376 514]] , [[376 521]]
[[375 514]] , [[375 519]]
[[769 512]] , [[767 514]]
[[302 540]] , [[302 549]]
[[802 514]] , [[802 515]]
[[802 514]] , [[802 515]]
[[374 514]] , [[374 523]]
[[375 514]] , [[375 515]]
[[841 596]] , [[842 595]]
[[755 514]] , [[754 515]]
[[665 530]] , [[666 529]]
[[755 514]] , [[754 515]]
[[804 514]] , [[804 517]]
[[452 512]] , [[452 521]]
[[750 514]] , [[750 515]]
[[376 514]] , [[374 516]]
[[480 514]] , [[480 517]]
[[480 514]] , [[480 517]]
[[648 274]] , [[648 278]]
[[452 512]] , [[452 521]]
[[648 274]] , [[648 278]]
[[814 514]] , [[813 515]]
[[480 514]] , [[480 517]]
[[843 544]] , [[844 543]]
[[376 514]] , [[374 516]]
[[752 514]] , [[752 515]]
[[375 514]] , [[375 515]]
[[494 514]] , [[494 517]]
[[752 514]] , [[752 515]]
[[452 514]] , [[452 521]]
[[841 566]] , [[842 565]]
[[641 532]] , [[642 531]]
[[811 514]] , [[810 515]]
[[744 514]] , [[744 515]]
[[472 520]] , [[472 527]]
[[811 520]] , [[812 519]]
[[841 566]] , [[842 565]]
[[843 576]] , [[844 575]]
[[478 522]] , [[478 525]]
[[832 516]] , [[832 523]]
[[472 520]] , [[472 527]]
[[475 534]] , [[473 536]]
[[522 528]] , [[522 533]]
[[754 514]] , [[754 515]]
[[504 516]] , [[504 524]]
[[522 528]] , [[522 533]]
[[849 572]] , [[850 571]]
[[504 516]] , [[504 524]]
[[377 515]] , [[376 516]]
[[754 514]] , [[754 515]]
[[813 514]] , [[812 515]]
[[504 516]] , [[504 524]]
[[754 162]] , [[754 166]]
[[835 772]] , [[836 771]]
[[841 576]] , [[842 575]]
[[504 516]] , [[504 524]]
[[376 514]] , [[376 523]]
[[376 514]] , [[376 523]]
[[836 520]] , [[836 525]]
[[752 514]] , [[752 515]]
[[841 570]] , [[842 569]]
[[648 258]] , [[648 262]]
[[486 514]] , [[486 515]]
[[475 533]] , [[473 535]]
[[720 273]] , [[720 278]]
[[486 514]] , [[486 515]]
[[456 510]] , [[456 525]]
[[758 514]] , [[758 515]]
[[724 273]] , [[724 277]]
[[803 530]] , [[804 529]]
[[796 514]] , [[796 515]]
[[751 159]] , [[751 163]]
[[786 513]] , [[785 514]]
[[647 258]] , [[646 259]]
[[472 518]] , [[472 527]]
[[486 514]] , [[486 519]]
[[704 256]] , [[704 260]]
[[800 514]] , [[800 515]]
[[838 782]] , [[838 783]]
[[475 546]] , [[476 545]]
[[294 705]] , [[294 707]]
[[475 546]] , [[476 545]]
[[838 624]] , [[838 637]]
[[817 532]] , [[818 531]]
[[470 640]] , [[470 643]]
[[475 546]] , [[476 545]]
[[656 616]] , [[656 617]]
[[502 518]] , [[502 523]]
[[836 624]] , [[836 625]]
[[800 514]] , [[800 515]]
[[480 534]] , [[480 535]]
[[473 546]] , [[474 545]]
[[650 630]] , [[650 634]]
[[468 624]] , [[468 629]]
[[740 716]] , [[740 721]]
[[304 742]] , [[304 749]]
[[306 538]] , [[306 539]]
[[305 540]] , [[305 541]]
[[295 708]] , [[295 709]]
[[526 520]] , [[526 527]]
[[296 694]] , [[296 703]]
[[468 650]] , [[467 651]]
[[840 562]] , [[840 563]]
[[475 538]] , [[475 545]]
[[464 646]] , [[464 670]]
[[652 624]] , [[652 629]]
[[466 624]] , [[466 633]]
[[842 618]] , [[842 619]]
[[296 673]] , [[296 677]]
[[482 530]] , [[482 533]]
[[842 618]] , [[842 619]]
[[482 530]] , [[482 533]]
[[849 552]] , [[849 553]]
[[849 552]] , [[849 553]]
[[651 628]] , [[651 631]]
[[306 538]] , [[306 541]]
[[290 726]] , [[290 733]]
[[482 529]] , [[482 533]]
[[654 626]] , [[654 627]]
[[290 728]] , [[290 733]]
[[654 625]] , [[653 626]]
[[842 618]] , [[842 619]]
[[846 562]] , [[846 563]]
[[514 516]] , [[514 519]]
[[380 515]] , [[379 516]]
[[482 529]] , [[482 533]]
[[480 534]] , [[479 535]]
[[739 151]] , [[739 155]]
[[840 560]] , [[840 561]]
[[838 638]] , [[838 639]]
[[760 514]] , [[760 515]]
[[665 530]] , [[666 529]]
[[756 514]] , [[756 515]]
[[752 160]] , [[752 165]]
[[844 560]] , [[845 559]]
[[665 530]] , [[666 529]]
[[837 564]] , [[836 565]]
[[502 514]] , [[502 515]]
[[657 258]] , [[657 262]]
[[446 512]] , [[446 517]]
[[378 516]] , [[378 520]]
[[486 514]] , [[486 517]]
[[472 512]] , [[472 513]]
[[470 536]] , [[470 541]]
[[663 530]] , [[664 529]]
[[663 530]] , [[664 529]]
[[762 512]] , [[761 513]]
[[299 540]] , [[299 544]]
[[515 516]] , [[515 517]]
[[472 514]] , [[472 525]]
[[280 548]] , [[280 549]]
[[468 668]] , [[468 673]]
[[748 155]] , [[748 159]]
[[756 512]] , [[756 513]]
[[834 534]] , [[834 541]]
[[756 512]] , [[756 513]]
[[374 514]] , [[374 515]]
[[374 514]] , [[374 515]]
[[764 512]] , [[764 513]]
[[462 632]] , [[462 641]]
[[470 542]] , [[470 543]]
[[484 514]] , [[484 515]]
[[298 537]] , [[298 545]]
[[839 642]] , [[840 641]]
[[847 568]] , [[848 567]]
[[373 516]] , [[373 517]]
[[320 528]] , [[320 535]]
[[758 128]] , [[758 133]]
[[374 514]] , [[374 515]]
[[374 515]] , [[373 516]]
[[808 513]] , [[807 514]]
[[679 264]] , [[678 265]]
[[748 514]] , [[748 515]]
[[658 264]] , [[658 269]]
[[374 515]] , [[373 516]]
[[664 262]] , [[664 263]]
[[714 274]] , [[714 279]]
[[728 275]] , [[728 279]]
[[714 275]] , [[714 279]]
[[792 512]] , [[792 513]]
[[374 516]] , [[374 523]]
[[830 516]] , [[830 517]]
[[486 514]] , [[486 522]]
[[790 512]] , [[790 513]]
[[748 513]] , [[747 514]]
[[282 544]] , [[282 547]]
[[480 514]] , [[479 515]]
[[450 514]] , [[450 518]]
[[698 275]] , [[698 279]]
[[774 512]] , [[774 513]]
[[711 275]] , [[711 279]]
[[750 512]] , [[750 513]]
[[450 514]] , [[450 518]]
[[748 514]] , [[748 515]]
[[658 275]] , [[658 279]]
[[658 275]] , [[658 279]]
[[766 130]] , [[766 134]]
[[774 512]] , [[774 513]]
[[478 514]] , [[478 515]]
[[ 825 1012]] , [[ 826 1011]]
[[748 152]] , [[748 156]]
[[752 512]] , [[752 513]]
[[728 275]] , [[728 279]]
[[473 514]] , [[473 517]]
[[473 514]] , [[473 517]]
[[698 274]] , [[698 278]]
[[472 514]] , [[472 527]]
[[795 514]] , [[793 516]]
[[823 530]] , [[824 529]]
[[374 516]] , [[374 523]]
[[744 152]] , [[744 157]]
[[656 256]] , [[656 262]]
[[752 512]] , [[752 513]]
[[800 512]] , [[800 513]]
[[656 258]] , [[656 262]]
[[813 522]] , [[814 521]]
[[803 524]] , [[804 523]]
[[654 630]] , [[654 633]]
[[770 514]] , [[770 515]]
[[690 259]] , [[690 263]]
[[805 524]] , [[806 523]]
[[488 514]] , [[488 515]]
[[306 540]] , [[306 541]]
[[504 518]] , [[504 522]]
[[478 532]] , [[478 536]]
[[380 516]] , [[380 520]]
[[478 532]] , [[478 535]]
[[817 520]] , [[818 519]]
[[774 514]] , [[773 515]]
[[774 514]] , [[773 515]]
[[476 536]] , [[475 537]]
[[667 532]] , [[668 531]]
[[817 522]] , [[818 521]]
[[817 522]] , [[818 521]]
[[817 522]] , [[818 521]]
[[490 514]] , [[490 515]]
[[512 518]] , [[512 522]]
[[841 930]] , [[842 929]]
[[841 930]] , [[842 929]]
[[380 516]] , [[380 517]]
[[837 980]] , [[838 979]]
[[780 512]] , [[780 513]]
[[841 754]] , [[842 753]]
[[837 996]] , [[838 995]]
[[780 512]] , [[780 513]]
[[490 514]] , [[490 515]]
[[780 514]] , [[779 515]]
[[380 516]] , [[380 520]]
[[480 526]] , [[480 533]]
[[480 526]] , [[480 533]]
[[851 559]] , [[852 558]]
[[678 254]] , [[678 263]]
[[667 530]] , [[668 529]]
[[454 510]] , [[454 521]]
[[801 524]] , [[802 523]]
[[842 559]] , [[841 560]]
[[293 576]] , [[292 577]]
[[526 520]] , [[526 525]]
[[526 520]] , [[526 525]]
[[831 718]] , [[832 717]]
[[304 538]] , [[304 544]]
[[833 708]] , [[834 707]]
[[831 714]] , [[832 713]]
[[304 538]] , [[304 543]]
[[524 520]] , [[524 525]]
[[478 526]] , [[478 534]]
[[839 564]] , [[839 565]]
[[316 744]] , [[316 747]]
[[469 633]] , [[469 637]]
[[292 710]] , [[292 719]]
[[468 624]] , [[468 628]]
[[294 694]] , [[294 701]]
[[838 558]] , [[838 563]]
[[480 516]] , [[480 521]]
[[526 518]] , [[526 519]]
[[469 634]] , [[469 637]]
[[848 560]] , [[848 563]]
[[648 624]] , [[648 635]]
[[476 534]] , [[476 543]]
[[658 766]] , [[658 767]]
[[654 628]] , [[654 633]]
[[294 692]] , [[294 693]]
[[838 556]] , [[838 567]]
[[840 776]] , [[840 779]]
[[652 634]] , [[652 637]]
[[488 768]] , [[488 779]]
[[470 784]] , [[470 793]]
[[297 697]] , [[297 701]]
[[292 706]] , [[292 713]]
[[297 697]] , [[297 701]]
[[854 554]] , [[854 555]]
[[297 697]] , [[297 701]]
[[656 624]] , [[656 627]]
[[297 697]] , [[297 701]]
[[655 630]] , [[654 631]]
[[483 768]] , [[483 772]]
[[462 542]] , [[462 543]]
[[651 724]] , [[652 723]]
[[292 584]] , [[292 591]]
[[854 556]] , [[854 559]]
[[526 520]] , [[526 525]]
[[470 626]] , [[470 627]]
[[476 534]] , [[476 543]]
[[292 584]] , [[292 591]]
[[854 562]] , [[854 567]]
[[836 620]] , [[836 669]]
[[658 518]] , [[658 519]]
[[659 714]] , [[660 713]]
[[651 630]] , [[651 631]]
[[469 631]] , [[469 637]]
[[840 620]] , [[840 637]]
[[464 548]] , [[464 559]]
[[852 566]] , [[852 568]]
[[842 620]] , [[842 621]]
[[470 606]] , [[470 625]]
[[648 612]] , [[648 617]]
[[842 614]] , [[842 615]]
[[842 694]] , [[842 695]]
[[654 602]] , [[654 603]]
[[466 582]] , [[466 591]]
[[665 530]] , [[666 529]]
[[654 722]] , [[654 727]]
[[286 548]] , [[286 553]]
[[648 622]] , [[648 635]]
[[829 524]] , [[830 523]]
[[764 514]] , [[764 515]]
[[764 514]] , [[764 515]]
[[837 706]] , [[838 705]]
[[526 256]] , [[526 261]]
[[756 514]] , [[756 515]]
[[662 526]] , [[663 525]]
[[829 522]] , [[830 521]]
[[289 549]] , [[288 550]]
[[841 696]] , [[841 699]]
[[652 536]] , [[652 543]]
[[652 536]] , [[652 543]]
[[640 518]] , [[640 519]]
[[498 738]] , [[498 741]]
[[750 720]] , [[750 725]]
[[286 548]] , [[286 563]]
[[297 715]] , [[297 719]]
[[674 520]] , [[674 525]]
[[756 714]] , [[756 715]]
[[370 734]] , [[370 735]]
[[548 738]] , [[548 743]]
[[286 548]] , [[286 567]]
[[370 736]] , [[370 751]]
[[828 706]] , [[828 707]]
[[820 706]] , [[820 713]]
[[686 520]] , [[686 525]]
[[715 518]] , [[713 520]]
[[289 550]] , [[289 551]]
[[798 513]] , [[797 514]]
[[722 716]] , [[722 721]]
[[624 258]] , [[624 262]]
[[838 586]] , [[838 587]]
[[284 550]] , [[284 562]]
[[738 518]] , [[738 523]]
[[288 568]] , [[288 573]]
[[798 512]] , [[798 513]]
[[814 511]] , [[813 512]]
[[488 514]] , [[488 519]]
[[282 550]] , [[282 555]]
[[836 580]] , [[836 581]]
[[744 516]] , [[744 521]]
[[282 549]] , [[282 553]]
[[754 714]] , [[754 719]]
[[294 680]] , [[294 687]]
[[832 672]] , [[832 681]]
[[400 736]] , [[400 740]]
[[833 626]] , [[833 630]]
[[834 694]] , [[834 699]]
[[834 638]] , [[834 639]]
[[284 646]] , [[284 651]]
[[466 606]] , [[466 608]]
[[830 690]] , [[830 701]]
[[654 534]] , [[654 537]]
[[650 602]] , [[650 605]]
[[374 511]] , [[374 515]]
[[648 702]] , [[648 703]]
[[468 744]] , [[468 751]]
[[814 700]] , [[814 703]]
[[282 554]] , [[282 559]]
[[378 513]] , [[378 517]]
[[740 158]] , [[740 161]]
[[544 261]] , [[544 265]]
[[670 518]] , [[670 526]]
[[827 722]] , [[828 721]]
[[376 514]] , [[376 518]]
[[1008  402]] , [[1008  407]]
[[835 810]] , [[836 809]]
[[788 510]] , [[788 511]]
[[288 557]] , [[287 558]]
[[830 566]] , [[830 577]]
[[646 612]] , [[646 617]]
[[750 160]] , [[750 165]]
[[750 160]] , [[750 165]]
[[740 149]] , [[740 153]]
[[746 514]] , [[746 515]]
[[792 512]] , [[792 513]]
[[342 528]] , [[342 533]]
[[808 512]] , [[808 513]]
[[488 512]] , [[488 513]]
[[488 512]] , [[488 513]]
[[482 514]] , [[482 521]]
[[454 534]] , [[454 539]]
[[377 515]] , [[376 516]]
[[475 544]] , [[476 543]]
[[497 515]] , [[497 519]]
[[376 514]] , [[376 521]]
[[665 530]] , [[666 529]]
[[720 160]] , [[720 161]]
[[376 514]] , [[376 522]]
[[768 130]] , [[768 134]]
[[376 514]] , [[376 515]]
[[376 514]] , [[376 522]]
[[488 518]] , [[488 523]]
[[478 516]] , [[478 517]]
[[667 532]] , [[668 531]]
[[376 514]] , [[376 521]]
[[375 514]] , [[375 519]]
[[769 512]] , [[767 514]]
[[302 540]] , [[302 549]]
[[802 514]] , [[802 515]]
[[802 514]] , [[802 515]]
[[374 514]] , [[374 523]]
[[375 514]] , [[375 515]]
[[841 596]] , [[842 595]]
[[755 514]] , [[754 515]]
[[665 530]] , [[666 529]]
[[755 514]] , [[754 515]]
[[804 514]] , [[804 517]]
[[452 512]] , [[452 521]]
[[750 514]] , [[750 515]]
[[376 514]] , [[374 516]]
[[480 514]] , [[480 517]]
[[480 514]] , [[480 517]]
[[648 274]] , [[648 278]]
[[452 512]] , [[452 521]]
[[648 274]] , [[648 278]]
[[814 514]] , [[813 515]]
[[480 514]] , [[480 517]]
[[843 544]] , [[844 543]]
[[376 514]] , [[374 516]]
[[752 514]] , [[752 515]]
[[375 514]] , [[375 515]]
[[494 514]] , [[494 517]]
[[752 514]] , [[752 515]]
[[452 514]] , [[452 521]]
[[841 566]] , [[842 565]]
[[641 532]] , [[642 531]]
[[811 514]] , [[810 515]]
[[744 514]] , [[744 515]]
[[472 520]] , [[472 527]]
[[811 520]] , [[812 519]]
[[841 566]] , [[842 565]]
[[843 576]] , [[844 575]]
[[478 522]] , [[478 525]]
[[832 516]] , [[832 523]]
[[472 520]] , [[472 527]]
[[475 534]] , [[473 536]]
[[522 528]] , [[522 533]]
[[754 514]] , [[754 515]]
[[504 516]] , [[504 524]]
[[522 528]] , [[522 533]]
[[849 572]] , [[850 571]]
[[504 516]] , [[504 524]]
[[377 515]] , [[376 516]]
[[754 514]] , [[754 515]]
[[813 514]] , [[812 515]]
[[504 516]] , [[504 524]]
[[754 162]] , [[754 166]]
[[835 772]] , [[836 771]]
[[841 576]] , [[842 575]]
[[504 516]] , [[504 524]]
[[376 514]] , [[376 523]]
[[376 514]] , [[376 523]]
[[836 520]] , [[836 525]]
[[752 514]] , [[752 515]]
[[841 570]] , [[842 569]]
[[648 258]] , [[648 262]]
[[486 514]] , [[486 515]]
[[475 533]] , [[473 535]]
[[720 273]] , [[720 278]]
[[486 514]] , [[486 515]]
[[456 510]] , [[456 525]]
[[758 514]] , [[758 515]]
[[724 273]] , [[724 277]]
[[803 530]] , [[804 529]]
[[796 514]] , [[796 515]]
[[751 159]] , [[751 163]]
[[786 513]] , [[785 514]]
[[647 258]] , [[646 259]]
[[472 518]] , [[472 527]]
[[486 514]] , [[486 519]]
[[704 256]] , [[704 260]]
[[800 514]] , [[800 515]]
[[838 782]] , [[838 783]]
[[475 546]] , [[476 545]]
[[294 705]] , [[294 707]]
[[475 546]] , [[476 545]]
[[838 624]] , [[838 637]]
[[817 532]] , [[818 531]]
[[470 640]] , [[470 643]]
[[475 546]] , [[476 545]]
[[656 616]] , [[656 617]]
[[502 518]] , [[502 523]]
[[836 624]] , [[836 625]]
[[800 514]] , [[800 515]]
[[480 534]] , [[480 535]]
[[473 546]] , [[474 545]]
[[650 630]] , [[650 634]]
[[468 624]] , [[468 629]]
[[740 716]] , [[740 721]]
[[304 742]] , [[304 749]]
[[306 538]] , [[306 539]]
[[305 540]] , [[305 541]]
[[295 708]] , [[295 709]]
[[526 520]] , [[526 527]]
[[296 694]] , [[296 703]]
[[468 650]] , [[467 651]]
[[840 562]] , [[840 563]]
[[475 538]] , [[475 545]]
[[464 646]] , [[464 670]]
[[652 624]] , [[652 629]]
[[466 624]] , [[466 633]]
[[842 618]] , [[842 619]]
[[296 673]] , [[296 677]]
[[482 530]] , [[482 533]]
[[842 618]] , [[842 619]]
[[482 530]] , [[482 533]]
[[849 552]] , [[849 553]]
[[849 552]] , [[849 553]]
[[651 628]] , [[651 631]]
[[306 538]] , [[306 541]]
[[290 726]] , [[290 733]]
[[482 529]] , [[482 533]]
[[654 626]] , [[654 627]]
[[290 728]] , [[290 733]]
[[654 625]] , [[653 626]]
[[842 618]] , [[842 619]]
[[846 562]] , [[846 563]]
[[514 516]] , [[514 519]]
[[380 515]] , [[379 516]]
[[482 529]] , [[482 533]]
[[480 534]] , [[479 535]]
[[739 151]] , [[739 155]]
[[840 560]] , [[840 561]]
[[838 638]] , [[838 639]]
[[760 514]] , [[760 515]]
[[665 530]] , [[666 529]]
[[756 514]] , [[756 515]]
[[752 160]] , [[752 165]]
[[844 560]] , [[845 559]]
[[665 530]] , [[666 529]]
[[837 564]] , [[836 565]]
[[502 514]] , [[502 515]]
[[657 258]] , [[657 262]]
[[446 512]] , [[446 517]]
[[378 516]] , [[378 520]]
[[486 514]] , [[486 517]]
[[472 512]] , [[472 513]]
[[470 536]] , [[470 541]]
[[663 530]] , [[664 529]]
[[663 530]] , [[664 529]]
[[762 512]] , [[761 513]]
[[299 540]] , [[299 544]]
[[515 516]] , [[515 517]]
[[472 514]] , [[472 525]]
[[280 548]] , [[280 549]]
[[468 668]] , [[468 673]]
[[748 155]] , [[748 159]]
[[756 512]] , [[756 513]]
[[834 534]] , [[834 541]]
[[756 512]] , [[756 513]]
[[374 514]] , [[374 515]]
[[374 514]] , [[374 515]]
[[764 512]] , [[764 513]]
[[462 632]] , [[462 641]]
[[470 542]] , [[470 543]]
[[484 514]] , [[484 515]]
[[298 537]] , [[298 545]]
[[839 642]] , [[840 641]]
[[847 568]] , [[848 567]]
[[373 516]] , [[373 517]]
[[320 528]] , [[320 535]]
[[758 128]] , [[758 133]]
[[374 514]] , [[374 515]]
[[374 515]] , [[373 516]]
[[808 513]] , [[807 514]]
[[679 264]] , [[678 265]]
[[748 514]] , [[748 515]]
[[658 264]] , [[658 269]]
[[374 515]] , [[373 516]]
[[664 262]] , [[664 263]]
[[714 274]] , [[714 279]]
[[728 275]] , [[728 279]]
[[714 275]] , [[714 279]]
[[792 512]] , [[792 513]]
[[374 516]] , [[374 523]]
[[830 516]] , [[830 517]]
[[486 514]] , [[486 522]]
[[790 512]] , [[790 513]]
[[748 513]] , [[747 514]]
[[282 544]] , [[282 547]]
[[480 514]] , [[479 515]]
[[450 514]] , [[450 518]]
[[698 275]] , [[698 279]]
[[774 512]] , [[774 513]]
[[711 275]] , [[711 279]]
[[750 512]] , [[750 513]]
[[450 514]] , [[450 518]]
[[748 514]] , [[748 515]]
[[658 275]] , [[658 279]]
[[658 275]] , [[658 279]]
[[766 130]] , [[766 134]]
[[774 512]] , [[774 513]]
[[478 514]] , [[478 515]]
[[ 825 1012]] , [[ 826 1011]]
[[748 152]] , [[748 156]]
[[752 512]] , [[752 513]]
[[728 275]] , [[728 279]]
[[473 514]] , [[473 517]]
[[473 514]] , [[473 517]]
[[698 274]] , [[698 278]]
[[472 514]] , [[472 527]]
[[795 514]] , [[793 516]]
[[823 530]] , [[824 529]]
[[374 516]] , [[374 523]]
[[744 152]] , [[744 157]]
[[656 256]] , [[656 262]]
[[752 512]] , [[752 513]]
[[800 512]] , [[800 513]]
[[656 258]] , [[656 262]]
[[813 522]] , [[814 521]]
[[803 524]] , [[804 523]]
[[654 630]] , [[654 633]]
[[770 514]] , [[770 515]]
[[690 259]] , [[690 263]]
[[805 524]] , [[806 523]]
[[488 514]] , [[488 515]]
[[306 540]] , [[306 541]]
[[504 518]] , [[504 522]]
[[478 532]] , [[478 536]]
[[380 516]] , [[380 520]]
[[478 532]] , [[478 535]]
[[817 520]] , [[818 519]]
[[774 514]] , [[773 515]]
[[774 514]] , [[773 515]]
[[476 536]] , [[475 537]]
[[667 532]] , [[668 531]]
[[817 522]] , [[818 521]]
[[817 522]] , [[818 521]]
[[817 522]] , [[818 521]]
[[490 514]] , [[490 515]]
[[512 518]] , [[512 522]]
[[841 930]] , [[842 929]]
[[841 930]] , [[842 929]]
[[380 516]] , [[380 517]]
[[837 980]] , [[838 979]]
[[780 512]] , [[780 513]]
[[841 754]] , [[842 753]]
[[837 996]] , [[838 995]]
[[780 512]] , [[780 513]]
[[490 514]] , [[490 515]]
[[780 514]] , [[779 515]]
[[380 516]] , [[380 520]]
[[480 526]] , [[480 533]]
[[480 526]] , [[480 533]]
[[851 559]] , [[852 558]]
[[678 254]] , [[678 263]]
[[667 530]] , [[668 529]]
[[454 510]] , [[454 521]]
[[801 524]] , [[802 523]]
[[842 559]] , [[841 560]]
[[293 576]] , [[292 577]]
[[526 520]] , [[526 525]]
[[526 520]] , [[526 525]]
[[831 718]] , [[832 717]]
[[304 538]] , [[304 544]]
[[833 708]] , [[834 707]]
[[831 714]] , [[832 713]]
[[304 538]] , [[304 543]]
[[524 520]] , [[524 525]]
[[478 526]] , [[478 534]]
[[839 564]] , [[839 565]]
[[316 744]] , [[316 747]]
[[469 633]] , [[469 637]]
[[292 710]] , [[292 719]]
[[468 624]] , [[468 628]]
[[294 694]] , [[294 701]]
[[838 558]] , [[838 563]]
[[480 516]] , [[480 521]]
[[526 518]] , [[526 519]]
[[469 634]] , [[469 637]]
[[848 560]] , [[848 563]]
[[648 624]] , [[648 635]]
[[476 534]] , [[476 543]]
[[658 766]] , [[658 767]]
[[654 628]] , [[654 633]]
[[294 692]] , [[294 693]]
[[838 556]] , [[838 567]]
[[840 776]] , [[840 779]]
[[652 634]] , [[652 637]]
[[488 768]] , [[488 779]]
[[470 784]] , [[470 793]]
[[297 697]] , [[297 701]]
[[292 706]] , [[292 713]]
[[297 697]] , [[297 701]]
[[854 554]] , [[854 555]]
[[297 697]] , [[297 701]]
[[656 624]] , [[656 627]]
[[297 697]] , [[297 701]]
[[655 630]] , [[654 631]]
[[483 768]] , [[483 772]]
[[462 542]] , [[462 543]]
[[651 724]] , [[652 723]]
[[292 584]] , [[292 591]]
[[854 556]] , [[854 559]]
[[526 520]] , [[526 525]]
[[470 626]] , [[470 627]]
[[476 534]] , [[476 543]]
[[292 584]] , [[292 591]]
[[854 562]] , [[854 567]]
[[836 620]] , [[836 669]]
[[658 518]] , [[658 519]]
[[659 714]] , [[660 713]]
[[651 630]] , [[651 631]]
[[469 631]] , [[469 637]]
[[840 620]] , [[840 637]]
[[464 548]] , [[464 559]]
[[852 566]] , [[852 568]]
[[842 620]] , [[842 621]]
[[470 606]] , [[470 625]]
[[648 612]] , [[648 617]]
[[842 614]] , [[842 615]]
[[842 694]] , [[842 695]]
[[654 602]] , [[654 603]]
[[466 582]] , [[466 591]]
[[665 530]] , [[666 529]]
[[654 722]] , [[654 727]]
[[286 548]] , [[286 553]]
[[648 622]] , [[648 635]]
[[829 524]] , [[830 523]]
[[764 514]] , [[764 515]]
[[764 514]] , [[764 515]]
[[837 706]] , [[838 705]]
[[526 256]] , [[526 261]]
[[756 514]] , [[756 515]]
[[662 526]] , [[663 525]]
[[829 522]] , [[830 521]]
[[289 549]] , [[288 550]]
[[841 696]] , [[841 699]]
[[652 536]] , [[652 543]]
[[652 536]] , [[652 543]]
[[640 518]] , [[640 519]]
[[498 738]] , [[498 741]]
[[750 720]] , [[750 725]]
[[286 548]] , [[286 563]]
[[297 715]] , [[297 719]]
[[674 520]] , [[674 525]]
[[756 714]] , [[756 715]]
[[370 734]] , [[370 735]]
[[548 738]] , [[548 743]]
[[286 548]] , [[286 567]]
[[370 736]] , [[370 751]]
[[828 706]] , [[828 707]]
[[820 706]] , [[820 713]]
[[686 520]] , [[686 525]]
[[715 518]] , [[713 520]]
[[289 550]] , [[289 551]]
[[798 513]] , [[797 514]]
[[722 716]] , [[722 721]]
[[624 258]] , [[624 262]]
[[838 586]] , [[838 587]]
[[284 550]] , [[284 562]]
[[738 518]] , [[738 523]]
[[288 568]] , [[288 573]]
[[798 512]] , [[798 513]]
[[814 511]] , [[813 512]]
[[488 514]] , [[488 519]]
[[282 550]] , [[282 555]]
[[836 580]] , [[836 581]]
[[744 516]] , [[744 521]]
[[282 549]] , [[282 553]]
[[754 714]] , [[754 719]]
[[294 680]] , [[294 687]]
[[832 672]] , [[832 681]]
[[400 736]] , [[400 740]]
[[833 626]] , [[833 630]]
[[834 694]] , [[834 699]]
[[834 638]] , [[834 639]]
[[284 646]] , [[284 651]]
[[466 606]] , [[466 608]]
[[830 690]] , [[830 701]]
[[654 534]] , [[654 537]]
[[650 602]] , [[650 605]]
[[374 511]] , [[374 515]]
[[648 702]] , [[648 703]]
[[468 744]] , [[468 751]]
[[814 700]] , [[814 703]]
[[282 554]] , [[282 559]]
[[378 513]] , [[378 517]]
[[740 158]] , [[740 161]]
[[544 261]] , [[544 265]]
[[670 518]] , [[670 526]]
[[827 722]] , [[828 721]]
[[376 514]] , [[376 518]]
[[1008  402]] , [[1008  407]]
[[835 810]] , [[836 809]]
[[788 510]] , [[788 511]]
[[288 557]] , [[287 558]]
[[830 566]] , [[830 577]]
[[646 612]] , [[646 617]]
[[750 160]] , [[750 165]]
[[750 160]] , [[750 165]]
[[740 149]] , [[740 153]]
[[746 514]] , [[746 515]]
[[792 512]] , [[792 513]]
[[342 528]] , [[342 533]]
[[808 512]] , [[808 513]]
[[488 512]] , [[488 513]]
[[488 512]] , [[488 513]]
[[482 514]] , [[482 521]]
[[454 534]] , [[454 539]]
[[377 515]] , [[376 516]]
[[475 544]] , [[476 543]]
[[497 515]] , [[497 519]]
[[376 514]] , [[376 521]]
[[519 862]] , [[518 863]]
[[224 866]] , [[224 871]]
[[366 874]] , [[367 873]]
[[602 866]] , [[602 867]]
[[216 864]] , [[216 869]]
[[216 862]] , [[216 863]]
[[386 860]] , [[385 861]]
[[415 858]] , [[413 860]]
[[300 860]] , [[300 863]]
[[586 862]] , [[586 863]]
[[285 868]] , [[286 867]]
[[276 862]] , [[276 865]]
[[586 860]] , [[584 862]]
[[301 868]] , [[302 867]]
[[390 860]] , [[390 861]]
[[434 860]] , [[434 861]]
[[223 862]] , [[222 863]]
[[331 886]] , [[332 885]]
[[292 864]] , [[292 873]]
[[398 860]] , [[398 861]]
[[222 864]] , [[222 873]]
[[294 864]] , [[294 877]]
[[294 864]] , [[294 877]]
[[558 862]] , [[558 865]]
[[720 866]] , [[720 873]]
[[286 862]] , [[286 863]]
[[302 862]] , [[302 879]]
[[448 860]] , [[448 861]]
[[1077  649]] , [[1076  650]]
[[375 992]] , [[376 991]]
[[369 937]] , [[370 936]]
[[440 860]] , [[439 861]]
[[590 862]] , [[590 875]]
[[1072  650]] , [[1072  654]]
[[592 862]] , [[592 863]]
[[238 880]] , [[238 887]]
[[276 880]] , [[276 885]]
[[592 862]] , [[592 879]]
[[300 862]] , [[300 867]]
[[375 884]] , [[376 883]]
[[321 868]] , [[322 867]]
[[304 864]] , [[304 865]]
[[526 862]] , [[526 863]]
[[394 863]] , [[393 864]]
[[535 862]] , [[533 864]]
[[530 868]] , [[529 869]]
[[364 868]] , [[364 869]]
[[536 866]] , [[536 867]]
[[258 866]] , [[258 871]]
[[658 858]] , [[658 859]]
[[658 854]] , [[658 861]]
[[370 848]] , [[370 849]]
[[416 852]] , [[416 854]]
[[278 854]] , [[278 855]]
[[323 854]] , [[321 856]]
[[311 868]] , [[312 867]]
[[295 868]] , [[296 867]]
[[384 854]] , [[384 855]]
[[560 854]] , [[560 868]]
[[382 854]] , [[382 855]]
[[554 854]] , [[554 875]]
[[295 862]] , [[295 867]]
[[292 880]] , [[292 889]]
[[266 868]] , [[266 873]]
[[766 872]] , [[766 879]]
[[386 862]] , [[386 865]]
[[542 856]] , [[541 857]]
[[410 858]] , [[410 859]]
[[525 852]] , [[525 853]]
[[392 852]] , [[392 853]]
[[719 864]] , [[720 863]]
