[[161  47]] , [[162  46]]
[[784 514]] , [[784 515]]
[[750 160]] , [[750 167]]
[[782 514]] , [[782 515]]
[[712 164]] , [[712 169]]
[[665 530]] , [[666 529]]
[[768 514]] , [[768 515]]
[[808 513]] , [[807 514]]
[[376 514]] , [[376 521]]
[[376 514]] , [[376 521]]
[[508 518]] , [[508 523]]
[[494 516]] , [[494 517]]
[[841 560]] , [[842 559]]
[[752 514]] , [[752 515]]
[[376 514]] , [[375 515]]
[[802 514]] , [[802 515]]
[[375 514]] , [[375 520]]
[[826 540]] , [[826 541]]
[[496 516]] , [[496 517]]
[[496 516]] , [[496 525]]
[[752 514]] , [[752 515]]
[[807 522]] , [[808 521]]
[[835 618]] , [[836 617]]
[[841 596]] , [[842 595]]
[[755 514]] , [[754 515]]
[[809 522]] , [[810 521]]
[[480 518]] , [[480 523]]
[[452 512]] , [[452 521]]
[[376 514]] , [[374 516]]
[[806 514]] , [[806 515]]
[[478 514]] , [[478 525]]
[[750 514]] , [[750 515]]
[[750 514]] , [[750 515]]
[[452 512]] , [[452 521]]
[[376 514]] , [[374 516]]
[[454 512]] , [[454 527]]
[[302 536]] , [[302 539]]
[[750 514]] , [[750 515]]
[[835 608]] , [[836 607]]
[[452 514]] , [[452 521]]
[[813 514]] , [[812 515]]
[[452 514]] , [[452 521]]
[[752 514]] , [[752 515]]
[[496 516]] , [[496 517]]
[[375 514]] , [[375 515]]
[[641 532]] , [[642 531]]
[[843 578]] , [[844 577]]
[[744 514]] , [[744 515]]
[[375 516]] , [[375 520]]
[[811 520]] , [[812 519]]
[[841 566]] , [[842 565]]
[[754 514]] , [[754 515]]
[[841 566]] , [[842 565]]
[[454 514]] , [[454 519]]
[[843 576]] , [[844 575]]
[[754 514]] , [[754 515]]
[[304 538]] , [[304 539]]
[[478 522]] , [[478 525]]
[[456 524]] , [[456 529]]
[[304 538]] , [[304 539]]
[[475 534]] , [[473 536]]
[[376 515]] , [[375 516]]
[[849 570]] , [[850 569]]
[[475 534]] , [[475 535]]
[[843 574]] , [[844 573]]
[[849 572]] , [[850 571]]
[[504 516]] , [[504 525]]
[[377 515]] , [[376 516]]
[[752 161]] , [[752 165]]
[[752 161]] , [[752 165]]
[[504 516]] , [[504 524]]
[[474 520]] , [[474 527]]
[[376 514]] , [[376 523]]
[[836 520]] , [[836 525]]
[[827 880]] , [[828 879]]
[[472 520]] , [[472 525]]
[[754 514]] , [[754 515]]
[[494 514]] , [[494 521]]
[[526 530]] , [[526 535]]
[[833 530]] , [[834 529]]
[[814 514]] , [[814 515]]
[[730 130]] , [[730 134]]
[[676 258]] , [[676 262]]
[[841 570]] , [[842 569]]
[[822 542]] , [[822 546]]
[[720 273]] , [[720 277]]
[[378 514]] , [[378 515]]
[[659 530]] , [[660 529]]
[[377 514]] , [[377 515]]
[[821 524]] , [[822 523]]
[[821 524]] , [[822 523]]
[[796 514]] , [[795 515]]
[[304 536]] , [[302 538]]
[[642 258]] , [[642 262]]
[[377 514]] , [[377 515]]
[[654 258]] , [[654 262]]
[[693 258]] , [[693 262]]
[[652 258]] , [[652 262]]
[[450 532]] , [[450 537]]
[[659 530]] , [[660 529]]
[[448 512]] , [[448 518]]
[[378 516]] , [[378 517]]
[[468 816]] , [[468 825]]
[[480 534]] , [[480 535]]
[[308 750]] , [[307 751]]
[[474 536]] , [[474 545]]
[[650 628]] , [[650 631]]
[[800 514]] , [[800 515]]
[[466 653]] , [[465 654]]
[[477 536]] , [[477 537]]
[[464 622]] , [[464 629]]
[[526 520]] , [[526 524]]
[[466 630]] , [[466 631]]
[[502 518]] , [[502 523]]
[[304 536]] , [[304 543]]
[[480 534]] , [[480 535]]
[[295 677]] , [[295 679]]
[[650 630]] , [[650 634]]
[[554 724]] , [[554 729]]
[[656 758]] , [[656 767]]
[[848 560]] , [[848 563]]
[[848 560]] , [[848 563]]
[[288 725]] , [[288 733]]
[[480 530]] , [[480 535]]
[[295 708]] , [[295 709]]
[[292 678]] , [[292 683]]
[[842 618]] , [[842 619]]
[[840 562]] , [[840 563]]
[[294 664]] , [[294 675]]
[[464 646]] , [[464 673]]
[[652 624]] , [[652 629]]
[[469 676]] , [[470 675]]
[[290 726]] , [[290 733]]
[[306 538]] , [[306 541]]
[[466 624]] , [[466 633]]
[[306 535]] , [[306 539]]
[[294 580]] , [[294 589]]
[[848 563]] , [[848 565]]
[[294 672]] , [[294 677]]
[[849 554]] , [[848 555]]
[[324 740]] , [[324 741]]
[[310 534]] , [[310 536]]
[[470 640]] , [[470 647]]
[[326 740]] , [[325 741]]
[[470 642]] , [[470 650]]
[[652 626]] , [[652 627]]
[[290 590]] , [[290 599]]
[[455 528]] , [[455 531]]
[[514 516]] , [[514 519]]
[[310 534]] , [[310 536]]
[[306 542]] , [[306 543]]
[[760 514]] , [[760 515]]
[[294 584]] , [[294 585]]
[[467 654]] , [[467 655]]
[[380 516]] , [[380 521]]
[[760 514]] , [[760 515]]
[[380 516]] , [[380 520]]
[[626 259]] , [[626 263]]
[[784 512]] , [[784 513]]
[[756 514]] , [[756 515]]
[[290 590]] , [[290 597]]
[[665 530]] , [[666 529]]
[[657 258]] , [[657 262]]
[[672 258]] , [[672 263]]
[[454 512]] , [[454 518]]
[[827 528]] , [[828 527]]
[[827 528]] , [[828 527]]
[[486 514]] , [[486 517]]
[[304 540]] , [[304 541]]
[[766 512]] , [[766 513]]
[[760 512]] , [[760 513]]
[[372 514]] , [[372 522]]
[[280 548]] , [[280 549]]
[[826 516]] , [[826 523]]
[[486 514]] , [[486 519]]
[[644 632]] , [[644 633]]
[[626 734]] , [[626 739]]
[[756 512]] , [[756 513]]
[[373 514]] , [[373 515]]
[[298 536]] , [[298 537]]
[[374 514]] , [[374 515]]
[[474 514]] , [[474 523]]
[[474 514]] , [[474 529]]
[[374 514]] , [[374 515]]
[[464 656]] , [[464 665]]
[[280 546]] , [[280 549]]
[[374 515]] , [[373 516]]
[[471 537]] , [[471 539]]
[[791 720]] , [[792 719]]
[[789 722]] , [[790 721]]
[[520 516]] , [[520 521]]
[[838 534]] , [[838 543]]
[[994 432]] , [[994 441]]
[[484 514]] , [[484 515]]
[[520 516]] , [[520 521]]
[[374 515]] , [[373 516]]
[[994 432]] , [[994 441]]
[[374 515]] , [[373 516]]
[[994 432]] , [[994 441]]
[[994 432]] , [[994 441]]
[[520 516]] , [[520 517]]
[[642 264]] , [[642 269]]
[[994 432]] , [[994 439]]
[[994 432]] , [[994 439]]
[[728 275]] , [[728 279]]
[[486 514]] , [[486 521]]
[[472 516]] , [[472 529]]
[[502 518]] , [[502 523]]
[[746 514]] , [[746 515]]
[[748 513]] , [[747 514]]
[[450 514]] , [[450 518]]
[[647 628]] , [[647 631]]
[[374 516]] , [[374 523]]
[[480 514]] , [[479 515]]
[[714 275]] , [[714 281]]
[[794 512]] , [[794 513]]
[[994 432]] , [[994 439]]
[[829 542]] , [[830 541]]
[[494 514]] , [[494 521]]
[[373 516]] , [[373 517]]
[[698 275]] , [[698 279]]
[[698 275]] , [[698 279]]
[[698 275]] , [[698 279]]
[[656 275]] , [[656 279]]
[[815 530]] , [[816 529]]
[[698 275]] , [[698 279]]
[[374 516]] , [[374 517]]
[[798 512]] , [[798 513]]
[[698 275]] , [[698 279]]
[[825 524]] , [[826 523]]
[[752 512]] , [[752 513]]
[[373 516]] , [[373 517]]
[[373 516]] , [[373 517]]
[[803 524]] , [[804 523]]
[[373 516]] , [[373 517]]
[[373 516]] , [[373 517]]
[[754 512]] , [[754 513]]
[[470 536]] , [[470 541]]
[[711 164]] , [[710 165]]
[[955 380]] , [[954 381]]
[[473 514]] , [[473 515]]
[[473 514]] , [[473 515]]
[[992 436]] , [[992 441]]
[[801 524]] , [[802 523]]
[[829 524]] , [[830 523]]
[[468 642]] , [[468 645]]
[[378 516]] , [[378 520]]
[[805 524]] , [[806 523]]
[[796 514]] , [[795 515]]
[[815 522]] , [[816 521]]
[[650 614]] , [[650 615]]
[[838 518]] , [[838 537]]
[[306 540]] , [[306 549]]
[[838 522]] , [[838 537]]
[[306 540]] , [[306 549]]
[[798 514]] , [[797 515]]
[[382 516]] , [[382 521]]
[[382 516]] , [[382 521]]
[[306 540]] , [[306 549]]
[[752 516]] , [[752 517]]
[[843 706]] , [[844 705]]
[[843 706]] , [[844 705]]
[[839 938]] , [[840 937]]
[[817 522]] , [[818 521]]
[[482 528]] , [[482 531]]
[[839 938]] , [[840 937]]
[[839 938]] , [[840 937]]
[[512 518]] , [[512 522]]
[[844 534]] , [[844 539]]
[[760 515]] , [[760 516]]
[[778 512]] , [[778 513]]
[[780 512]] , [[780 513]]
[[762 515]] , [[761 516]]
[[776 514]] , [[776 515]]
[[380 516]] , [[380 520]]
[[756 516]] , [[756 517]]
[[844 532]] , [[844 535]]
[[844 532]] , [[844 535]]
[[844 532]] , [[844 535]]
[[768 130]] , [[768 134]]
[[656 265]] , [[656 269]]
[[675 534]] , [[676 533]]
[[379 514]] , [[379 519]]
[[738 154]] , [[738 158]]
[[773 136]] , [[773 143]]
[[835 528]] , [[836 527]]
[[293 576]] , [[292 577]]
[[470 630]] , [[470 637]]
[[840 520]] , [[840 521]]
[[840 520]] , [[840 521]]
[[827 720]] , [[828 719]]
[[842 557]] , [[841 558]]
[[821 714]] , [[822 713]]
[[829 718]] , [[830 717]]
[[842 556]] , [[842 561]]
[[478 526]] , [[478 534]]
[[304 536]] , [[304 543]]
[[840 620]] , [[840 621]]
[[656 762]] , [[656 765]]
[[294 684]] , [[294 685]]
[[286 722]] , [[286 727]]
[[650 628]] , [[650 637]]
[[286 723]] , [[286 728]]
[[836 622]] , [[836 639]]
[[494 518]] , [[494 523]]
[[480 526]] , [[480 531]]
[[294 692]] , [[294 693]]
[[842 664]] , [[843 663]]
[[469 634]] , [[469 637]]
[[304 536]] , [[304 548]]
[[488 768]] , [[488 779]]
[[294 692]] , [[294 693]]
[[314 744]] , [[314 747]]
[[840 622]] , [[840 623]]
[[470 784]] , [[470 793]]
[[294 692]] , [[294 693]]
[[658 770]] , [[658 771]]
[[470 810]] , [[470 813]]
[[292 706]] , [[292 713]]
[[318 742]] , [[318 743]]
[[292 706]] , [[292 717]]
[[840 624]] , [[840 625]]
[[292 706]] , [[292 713]]
[[470 638]] , [[469 639]]
[[318 742]] , [[318 743]]
[[470 636]] , [[470 638]]
[[839 820]] , [[840 819]]
[[838 558]] , [[838 567]]
[[650 622]] , [[650 627]]
[[840 622]] , [[840 623]]
[[292 584]] , [[292 591]]
[[320 528]] , [[320 533]]
[[649 724]] , [[650 723]]
[[308 536]] , [[308 537]]
[[468 614]] , [[468 619]]
[[292 584]] , [[292 591]]
[[648 624]] , [[648 628]]
[[526 520]] , [[526 525]]
[[651 630]] , [[651 631]]
[[469 631]] , [[469 637]]
[[650 632]] , [[650 635]]
[[471 631]] , [[471 634]]
[[854 567]] , [[854 573]]
[[650 614]] , [[650 623]]
[[470 638]] , [[470 639]]
[[648 614]] , [[648 619]]
[[470 618]] , [[470 625]]
[[471 636]] , [[471 638]]
[[344 744]] , [[344 753]]
[[842 620]] , [[842 621]]
[[652 602]] , [[652 605]]
[[764 514]] , [[764 515]]
[[664 722]] , [[664 727]]
[[466 584]] , [[466 589]]
[[654 648]] , [[654 653]]
[[665 530]] , [[666 529]]
[[289 547]] , [[288 548]]
[[289 547]] , [[288 548]]
[[829 524]] , [[830 523]]
[[829 524]] , [[830 523]]
[[829 524]] , [[830 523]]
[[846 612]] , [[846 615]]
[[611 265]] , [[611 269]]
[[384 516]] , [[384 520]]
[[756 514]] , [[756 515]]
[[663 526]] , [[664 525]]
[[652 560]] , [[652 565]]
[[828 718]] , [[828 723]]
[[289 549]] , [[288 550]]
[[287 549]] , [[287 550]]
[[824 534]] , [[824 545]]
[[326 742]] , [[326 743]]
[[370 726]] , [[370 727]]
[[830 714]] , [[830 715]]
[[364 728]] , [[364 733]]
[[286 548]] , [[286 565]]
[[370 732]] , [[370 735]]
[[480 738]] , [[480 739]]
[[316 742]] , [[316 743]]
[[830 706]] , [[830 707]]
[[360 742]] , [[360 751]]
[[782 710]] , [[781 711]]
[[464 734]] , [[464 735]]
[[286 550]] , [[286 565]]
[[733 518]] , [[733 522]]
[[470 704]] , [[470 709]]
[[715 518]] , [[713 520]]
[[832 716]] , [[832 721]]
[[702 271]] , [[702 275]]
[[464 630]] , [[464 635]]
[[836 586]] , [[836 623]]
[[282 550]] , [[282 557]]
[[762 512]] , [[762 513]]
[[290 576]] , [[290 585]]
[[488 514]] , [[488 519]]
[[488 514]] , [[488 519]]
[[678 518]] , [[678 523]]
[[464 552]] , [[464 557]]
[[814 511]] , [[813 512]]
[[648 590]] , [[648 595]]
[[716 517]] , [[715 518]]
[[838 550]] , [[838 555]]
[[742 716]] , [[742 721]]
[[822 694]] , [[822 697]]
[[844 690]] , [[844 693]]
[[416 736]] , [[416 740]]
[[836 638]] , [[836 639]]
[[796 706]] , [[796 710]]
[[817 694]] , [[817 698]]
[[837 688]] , [[837 693]]
[[834 694]] , [[834 705]]
[[648 704]] , [[648 711]]
[[286 552]] , [[286 561]]
[[646 638]] , [[646 639]]
[[646 516]] , [[646 517]]
[[694 722]] , [[694 727]]
[[318 746]] , [[318 751]]
[[648 702]] , [[648 703]]
[[466 600]] , [[466 603]]
[[646 516]] , [[646 517]]
[[835 634]] , [[836 633]]
[[831 722]] , [[832 721]]
[[286 552]] , [[286 553]]
[[833 728]] , [[834 727]]
[[640 516]] , [[640 517]]
[[726 158]] , [[726 163]]
[[835 712]] , [[836 711]]
[[835 826]] , [[836 825]]
[[377 514]] , [[377 518]]
[[830 566]] , [[830 577]]
[[854 566]] , [[854 567]]
[[646 622]] , [[646 627]]
[[645 262]] , [[645 271]]
[[624 258]] , [[624 262]]
[[750 158]] , [[750 167]]
[[835 524]] , [[836 523]]
[[376 514]] , [[376 521]]
[[454 534]] , [[454 539]]
[[376 514]] , [[376 521]]
[[841 556]] , [[842 555]]
[[760 512]] , [[760 513]]
[[506 515]] , [[506 517]]
[[400 536]] , [[400 541]]
[[506 515]] , [[506 519]]
[[454 534]] , [[454 539]]
[[506 515]] , [[506 519]]
[[482 514]] , [[482 521]]
[[784 514]] , [[784 515]]
[[750 160]] , [[750 167]]
[[782 514]] , [[782 515]]
[[712 164]] , [[712 169]]
[[665 530]] , [[666 529]]
[[768 514]] , [[768 515]]
[[808 513]] , [[807 514]]
[[376 514]] , [[376 521]]
[[376 514]] , [[376 521]]
[[508 518]] , [[508 523]]
[[494 516]] , [[494 517]]
[[841 560]] , [[842 559]]
[[752 514]] , [[752 515]]
[[376 514]] , [[375 515]]
[[802 514]] , [[802 515]]
[[375 514]] , [[375 520]]
[[826 540]] , [[826 541]]
[[496 516]] , [[496 517]]
[[496 516]] , [[496 525]]
[[752 514]] , [[752 515]]
[[807 522]] , [[808 521]]
[[835 618]] , [[836 617]]
[[841 596]] , [[842 595]]
[[755 514]] , [[754 515]]
[[809 522]] , [[810 521]]
[[480 518]] , [[480 523]]
[[452 512]] , [[452 521]]
[[376 514]] , [[374 516]]
[[806 514]] , [[806 515]]
[[478 514]] , [[478 525]]
[[750 514]] , [[750 515]]
[[750 514]] , [[750 515]]
[[452 512]] , [[452 521]]
[[376 514]] , [[374 516]]
[[454 512]] , [[454 527]]
[[302 536]] , [[302 539]]
[[750 514]] , [[750 515]]
[[835 608]] , [[836 607]]
[[452 514]] , [[452 521]]
[[813 514]] , [[812 515]]
[[452 514]] , [[452 521]]
[[752 514]] , [[752 515]]
[[496 516]] , [[496 517]]
[[375 514]] , [[375 515]]
[[641 532]] , [[642 531]]
[[843 578]] , [[844 577]]
[[744 514]] , [[744 515]]
[[375 516]] , [[375 520]]
[[811 520]] , [[812 519]]
[[841 566]] , [[842 565]]
[[754 514]] , [[754 515]]
[[841 566]] , [[842 565]]
[[454 514]] , [[454 519]]
[[843 576]] , [[844 575]]
[[754 514]] , [[754 515]]
[[304 538]] , [[304 539]]
[[478 522]] , [[478 525]]
[[456 524]] , [[456 529]]
[[304 538]] , [[304 539]]
[[475 534]] , [[473 536]]
[[376 515]] , [[375 516]]
[[849 570]] , [[850 569]]
[[475 534]] , [[475 535]]
[[843 574]] , [[844 573]]
[[849 572]] , [[850 571]]
[[504 516]] , [[504 525]]
[[377 515]] , [[376 516]]
[[752 161]] , [[752 165]]
[[752 161]] , [[752 165]]
[[504 516]] , [[504 524]]
[[474 520]] , [[474 527]]
[[376 514]] , [[376 523]]
[[836 520]] , [[836 525]]
[[827 880]] , [[828 879]]
[[472 520]] , [[472 525]]
[[754 514]] , [[754 515]]
[[494 514]] , [[494 521]]
[[526 530]] , [[526 535]]
[[833 530]] , [[834 529]]
[[814 514]] , [[814 515]]
[[730 130]] , [[730 134]]
[[676 258]] , [[676 262]]
[[841 570]] , [[842 569]]
[[822 542]] , [[822 546]]
[[720 273]] , [[720 277]]
[[378 514]] , [[378 515]]
[[659 530]] , [[660 529]]
[[377 514]] , [[377 515]]
[[821 524]] , [[822 523]]
[[821 524]] , [[822 523]]
[[796 514]] , [[795 515]]
[[304 536]] , [[302 538]]
[[642 258]] , [[642 262]]
[[377 514]] , [[377 515]]
[[654 258]] , [[654 262]]
[[693 258]] , [[693 262]]
[[652 258]] , [[652 262]]
[[450 532]] , [[450 537]]
[[659 530]] , [[660 529]]
[[448 512]] , [[448 518]]
[[378 516]] , [[378 517]]
[[468 816]] , [[468 825]]
[[480 534]] , [[480 535]]
[[308 750]] , [[307 751]]
[[474 536]] , [[474 545]]
[[650 628]] , [[650 631]]
[[800 514]] , [[800 515]]
[[466 653]] , [[465 654]]
[[477 536]] , [[477 537]]
[[464 622]] , [[464 629]]
[[526 520]] , [[526 524]]
[[466 630]] , [[466 631]]
[[502 518]] , [[502 523]]
[[304 536]] , [[304 543]]
[[480 534]] , [[480 535]]
[[295 677]] , [[295 679]]
[[650 630]] , [[650 634]]
[[554 724]] , [[554 729]]
[[656 758]] , [[656 767]]
[[848 560]] , [[848 563]]
[[848 560]] , [[848 563]]
[[288 725]] , [[288 733]]
[[480 530]] , [[480 535]]
[[295 708]] , [[295 709]]
[[292 678]] , [[292 683]]
[[842 618]] , [[842 619]]
[[840 562]] , [[840 563]]
[[294 664]] , [[294 675]]
[[464 646]] , [[464 673]]
[[652 624]] , [[652 629]]
[[469 676]] , [[470 675]]
[[290 726]] , [[290 733]]
[[306 538]] , [[306 541]]
[[466 624]] , [[466 633]]
[[306 535]] , [[306 539]]
[[294 580]] , [[294 589]]
[[848 563]] , [[848 565]]
[[294 672]] , [[294 677]]
[[849 554]] , [[848 555]]
[[324 740]] , [[324 741]]
[[310 534]] , [[310 536]]
[[470 640]] , [[470 647]]
[[326 740]] , [[325 741]]
[[470 642]] , [[470 650]]
[[652 626]] , [[652 627]]
[[290 590]] , [[290 599]]
[[455 528]] , [[455 531]]
[[514 516]] , [[514 519]]
[[310 534]] , [[310 536]]
[[306 542]] , [[306 543]]
[[760 514]] , [[760 515]]
[[294 584]] , [[294 585]]
[[467 654]] , [[467 655]]
[[380 516]] , [[380 521]]
[[760 514]] , [[760 515]]
[[380 516]] , [[380 520]]
[[626 259]] , [[626 263]]
[[784 512]] , [[784 513]]
[[756 514]] , [[756 515]]
[[290 590]] , [[290 597]]
[[665 530]] , [[666 529]]
[[657 258]] , [[657 262]]
[[672 258]] , [[672 263]]
[[454 512]] , [[454 518]]
[[827 528]] , [[828 527]]
[[827 528]] , [[828 527]]
[[486 514]] , [[486 517]]
[[304 540]] , [[304 541]]
[[766 512]] , [[766 513]]
[[760 512]] , [[760 513]]
[[372 514]] , [[372 522]]
[[280 548]] , [[280 549]]
[[826 516]] , [[826 523]]
[[486 514]] , [[486 519]]
[[644 632]] , [[644 633]]
[[626 734]] , [[626 739]]
[[756 512]] , [[756 513]]
[[373 514]] , [[373 515]]
[[298 536]] , [[298 537]]
[[374 514]] , [[374 515]]
[[474 514]] , [[474 523]]
[[474 514]] , [[474 529]]
[[374 514]] , [[374 515]]
[[464 656]] , [[464 665]]
[[280 546]] , [[280 549]]
[[374 515]] , [[373 516]]
[[471 537]] , [[471 539]]
[[791 720]] , [[792 719]]
[[789 722]] , [[790 721]]
[[520 516]] , [[520 521]]
[[838 534]] , [[838 543]]
[[994 432]] , [[994 441]]
[[484 514]] , [[484 515]]
[[520 516]] , [[520 521]]
[[374 515]] , [[373 516]]
[[994 432]] , [[994 441]]
[[374 515]] , [[373 516]]
[[994 432]] , [[994 441]]
[[994 432]] , [[994 441]]
[[520 516]] , [[520 517]]
[[642 264]] , [[642 269]]
[[994 432]] , [[994 439]]
[[994 432]] , [[994 439]]
[[728 275]] , [[728 279]]
[[486 514]] , [[486 521]]
[[472 516]] , [[472 529]]
[[502 518]] , [[502 523]]
[[746 514]] , [[746 515]]
[[748 513]] , [[747 514]]
[[450 514]] , [[450 518]]
[[647 628]] , [[647 631]]
[[374 516]] , [[374 523]]
[[480 514]] , [[479 515]]
[[714 275]] , [[714 281]]
[[794 512]] , [[794 513]]
[[994 432]] , [[994 439]]
[[829 542]] , [[830 541]]
[[494 514]] , [[494 521]]
[[373 516]] , [[373 517]]
[[698 275]] , [[698 279]]
[[698 275]] , [[698 279]]
[[698 275]] , [[698 279]]
[[656 275]] , [[656 279]]
[[815 530]] , [[816 529]]
[[698 275]] , [[698 279]]
[[374 516]] , [[374 517]]
[[798 512]] , [[798 513]]
[[698 275]] , [[698 279]]
[[825 524]] , [[826 523]]
[[752 512]] , [[752 513]]
[[373 516]] , [[373 517]]
[[373 516]] , [[373 517]]
[[803 524]] , [[804 523]]
[[373 516]] , [[373 517]]
[[373 516]] , [[373 517]]
[[754 512]] , [[754 513]]
[[470 536]] , [[470 541]]
[[711 164]] , [[710 165]]
[[955 380]] , [[954 381]]
[[473 514]] , [[473 515]]
[[473 514]] , [[473 515]]
[[992 436]] , [[992 441]]
[[801 524]] , [[802 523]]
[[829 524]] , [[830 523]]
[[468 642]] , [[468 645]]
[[378 516]] , [[378 520]]
[[805 524]] , [[806 523]]
[[796 514]] , [[795 515]]
[[815 522]] , [[816 521]]
[[650 614]] , [[650 615]]
[[838 518]] , [[838 537]]
[[306 540]] , [[306 549]]
[[838 522]] , [[838 537]]
[[306 540]] , [[306 549]]
[[798 514]] , [[797 515]]
[[382 516]] , [[382 521]]
[[382 516]] , [[382 521]]
[[306 540]] , [[306 549]]
[[752 516]] , [[752 517]]
[[843 706]] , [[844 705]]
[[843 706]] , [[844 705]]
[[839 938]] , [[840 937]]
[[817 522]] , [[818 521]]
[[482 528]] , [[482 531]]
[[839 938]] , [[840 937]]
[[839 938]] , [[840 937]]
[[512 518]] , [[512 522]]
[[844 534]] , [[844 539]]
[[760 515]] , [[760 516]]
[[778 512]] , [[778 513]]
[[780 512]] , [[780 513]]
[[762 515]] , [[761 516]]
[[776 514]] , [[776 515]]
[[380 516]] , [[380 520]]
[[756 516]] , [[756 517]]
[[844 532]] , [[844 535]]
[[844 532]] , [[844 535]]
[[844 532]] , [[844 535]]
[[768 130]] , [[768 134]]
[[656 265]] , [[656 269]]
[[675 534]] , [[676 533]]
[[379 514]] , [[379 519]]
[[738 154]] , [[738 158]]
[[773 136]] , [[773 143]]
[[835 528]] , [[836 527]]
[[293 576]] , [[292 577]]
[[470 630]] , [[470 637]]
[[840 520]] , [[840 521]]
[[840 520]] , [[840 521]]
[[827 720]] , [[828 719]]
[[842 557]] , [[841 558]]
[[821 714]] , [[822 713]]
[[829 718]] , [[830 717]]
[[842 556]] , [[842 561]]
[[478 526]] , [[478 534]]
[[304 536]] , [[304 543]]
[[840 620]] , [[840 621]]
[[656 762]] , [[656 765]]
[[294 684]] , [[294 685]]
[[286 722]] , [[286 727]]
[[650 628]] , [[650 637]]
[[286 723]] , [[286 728]]
[[836 622]] , [[836 639]]
[[494 518]] , [[494 523]]
[[480 526]] , [[480 531]]
[[294 692]] , [[294 693]]
[[842 664]] , [[843 663]]
[[469 634]] , [[469 637]]
[[304 536]] , [[304 548]]
[[488 768]] , [[488 779]]
[[294 692]] , [[294 693]]
[[314 744]] , [[314 747]]
[[840 622]] , [[840 623]]
[[470 784]] , [[470 793]]
[[294 692]] , [[294 693]]
[[658 770]] , [[658 771]]
[[470 810]] , [[470 813]]
[[292 706]] , [[292 713]]
[[318 742]] , [[318 743]]
[[292 706]] , [[292 717]]
[[840 624]] , [[840 625]]
[[292 706]] , [[292 713]]
[[470 638]] , [[469 639]]
[[318 742]] , [[318 743]]
[[470 636]] , [[470 638]]
[[839 820]] , [[840 819]]
[[838 558]] , [[838 567]]
[[650 622]] , [[650 627]]
[[840 622]] , [[840 623]]
[[292 584]] , [[292 591]]
[[320 528]] , [[320 533]]
[[649 724]] , [[650 723]]
[[308 536]] , [[308 537]]
[[468 614]] , [[468 619]]
[[292 584]] , [[292 591]]
[[648 624]] , [[648 628]]
[[526 520]] , [[526 525]]
[[651 630]] , [[651 631]]
[[469 631]] , [[469 637]]
[[650 632]] , [[650 635]]
[[471 631]] , [[471 634]]
[[854 567]] , [[854 573]]
[[650 614]] , [[650 623]]
[[470 638]] , [[470 639]]
[[648 614]] , [[648 619]]
[[470 618]] , [[470 625]]
[[471 636]] , [[471 638]]
[[344 744]] , [[344 753]]
[[842 620]] , [[842 621]]
[[652 602]] , [[652 605]]
[[764 514]] , [[764 515]]
[[664 722]] , [[664 727]]
[[466 584]] , [[466 589]]
[[654 648]] , [[654 653]]
[[665 530]] , [[666 529]]
[[289 547]] , [[288 548]]
[[289 547]] , [[288 548]]
[[829 524]] , [[830 523]]
[[829 524]] , [[830 523]]
[[829 524]] , [[830 523]]
[[846 612]] , [[846 615]]
[[611 265]] , [[611 269]]
[[384 516]] , [[384 520]]
[[756 514]] , [[756 515]]
[[663 526]] , [[664 525]]
[[652 560]] , [[652 565]]
[[828 718]] , [[828 723]]
[[289 549]] , [[288 550]]
[[287 549]] , [[287 550]]
[[824 534]] , [[824 545]]
[[326 742]] , [[326 743]]
[[370 726]] , [[370 727]]
[[830 714]] , [[830 715]]
[[364 728]] , [[364 733]]
[[286 548]] , [[286 565]]
[[370 732]] , [[370 735]]
[[480 738]] , [[480 739]]
[[316 742]] , [[316 743]]
[[830 706]] , [[830 707]]
[[360 742]] , [[360 751]]
[[782 710]] , [[781 711]]
[[464 734]] , [[464 735]]
[[286 550]] , [[286 565]]
[[733 518]] , [[733 522]]
[[470 704]] , [[470 709]]
[[715 518]] , [[713 520]]
[[832 716]] , [[832 721]]
[[702 271]] , [[702 275]]
[[464 630]] , [[464 635]]
[[836 586]] , [[836 623]]
[[282 550]] , [[282 557]]
[[762 512]] , [[762 513]]
[[290 576]] , [[290 585]]
[[488 514]] , [[488 519]]
[[488 514]] , [[488 519]]
[[678 518]] , [[678 523]]
[[464 552]] , [[464 557]]
[[814 511]] , [[813 512]]
[[648 590]] , [[648 595]]
[[716 517]] , [[715 518]]
[[838 550]] , [[838 555]]
[[742 716]] , [[742 721]]
[[822 694]] , [[822 697]]
[[844 690]] , [[844 693]]
[[416 736]] , [[416 740]]
[[836 638]] , [[836 639]]
[[796 706]] , [[796 710]]
[[817 694]] , [[817 698]]
[[837 688]] , [[837 693]]
[[834 694]] , [[834 705]]
[[648 704]] , [[648 711]]
[[286 552]] , [[286 561]]
[[646 638]] , [[646 639]]
[[646 516]] , [[646 517]]
[[694 722]] , [[694 727]]
[[318 746]] , [[318 751]]
[[648 702]] , [[648 703]]
[[466 600]] , [[466 603]]
[[646 516]] , [[646 517]]
[[835 634]] , [[836 633]]
[[831 722]] , [[832 721]]
[[286 552]] , [[286 553]]
[[833 728]] , [[834 727]]
[[640 516]] , [[640 517]]
[[726 158]] , [[726 163]]
[[835 712]] , [[836 711]]
[[835 826]] , [[836 825]]
[[377 514]] , [[377 518]]
[[830 566]] , [[830 577]]
[[854 566]] , [[854 567]]
[[646 622]] , [[646 627]]
[[645 262]] , [[645 271]]
[[624 258]] , [[624 262]]
[[750 158]] , [[750 167]]
[[835 524]] , [[836 523]]
[[376 514]] , [[376 521]]
[[454 534]] , [[454 539]]
[[376 514]] , [[376 521]]
[[841 556]] , [[842 555]]
[[760 512]] , [[760 513]]
[[506 515]] , [[506 517]]
[[400 536]] , [[400 541]]
[[506 515]] , [[506 519]]
[[454 534]] , [[454 539]]
[[506 515]] , [[506 519]]
[[482 514]] , [[482 521]]
[[426 860]] , [[426 861]]
[[522 860]] , [[521 861]]
[[307 868]] , [[308 867]]
[[300 864]] , [[300 865]]
[[598 866]] , [[598 867]]
[[530 863]] , [[529 864]]
[[206 898]] , [[206 899]]
[[755 904]] , [[756 903]]
[[310 862]] , [[310 867]]
[[214 862]] , [[214 863]]
[[300 860]] , [[300 863]]
[[594 860]] , [[594 861]]
[[214 863]] , [[213 864]]
[[276 862]] , [[276 865]]
[[743 884]] , [[744 883]]
[[214 862]] , [[214 863]]
[[296 860]] , [[296 863]]
[[296 860]] , [[296 861]]
[[574 860]] , [[573 861]]
[[392 860]] , [[392 861]]
[[392 860]] , [[392 861]]
[[218 862]] , [[218 867]]
[[285 862]] , [[284 863]]
[[434 860]] , [[434 861]]
[[274 866]] , [[274 873]]
[[282 862]] , [[281 863]]
[[322 864]] , [[322 875]]
[[322 864]] , [[322 873]]
[[326 866]] , [[326 873]]
[[343 880]] , [[344 879]]
[[226 864]] , [[226 869]]
[[384 860]] , [[384 861]]
[[238 872]] , [[238 877]]
[[380 860]] , [[380 861]]
[[418 860]] , [[418 861]]
[[566 862]] , [[566 864]]
[[384 860]] , [[384 861]]
[[573 862]] , [[572 863]]
[[310 862]] , [[310 867]]
[[369 976]] , [[370 975]]
[[436 860]] , [[435 861]]
[[1077  649]] , [[1076  650]]
[[436 860]] , [[436 861]]
[[313 882]] , [[314 881]]
[[1072  650]] , [[1072  655]]
[[1073  650]] , [[1072  651]]
[[234 884]] , [[234 891]]
[[398 860]] , [[398 861]]
[[234 864]] , [[234 877]]
[[276 880]] , [[276 885]]
[[238 894]] , [[238 899]]
[[240 882]] , [[240 887]]
[[592 862]] , [[592 879]]
[[504 860]] , [[503 861]]
[[302 862]] , [[302 871]]
[[528 860]] , [[528 861]]
[[739 882]] , [[740 881]]
[[307 864]] , [[306 865]]
[[274 866]] , [[274 873]]
[[538 862]] , [[537 863]]
[[  0 312]] , [[  0 317]]
[[  0 312]] , [[  0 317]]
[[  0 313]] , [[  0 317]]
[[  0 313]] , [[  0 317]]
[[345 864]] , [[344 865]]
[[382 864]] , [[382 865]]
[[530 868]] , [[529 869]]
[[268 874]] , [[268 875]]
[[530 868]] , [[529 869]]
[[308 870]] , [[308 875]]
[[327 862]] , [[325 864]]
[[260 878]] , [[260 881]]
[[258 862]] , [[258 869]]
[[260 868]] , [[260 869]]
[[1073  632]] , [[1073  636]]
[[656 854]] , [[656 861]]
[[311 866]] , [[312 865]]
[[416 852]] , [[416 853]]
[[600 856]] , [[600 863]]
[[596 856]] , [[596 861]]
[[321 854]] , [[319 856]]
[[311 870]] , [[312 869]]
[[416 852]] , [[416 853]]
[[566 854]] , [[566 855]]
[[297 868]] , [[298 867]]
[[558 854]] , [[558 855]]
[[290 858]] , [[290 865]]
[[246 876]] , [[246 889]]
[[226 888]] , [[226 893]]
[[236 898]] , [[236 903]]
[[234 898]] , [[234 903]]
[[308 864]] , [[308 873]]
[[323 864]] , [[324 863]]
[[304 860]] , [[304 865]]
[[744 858]] , [[744 859]]
[[304 876]] , [[304 877]]
[[514 852]] , [[514 853]]
[[719 864]] , [[720 863]]
[[734 848]] , [[733 849]]
[[748 848]] , [[747 849]]
[[412 858]] , [[412 859]]
[[833 460]] , [[833 465]]
