[[546  47]] , [[547  46]]
[[800 284]] , [[800 288]]
[[665 530]] , [[666 529]]
[[377 516]] , [[377 522]]
[[448 510]] , [[448 521]]
[[748 154]] , [[748 161]]
[[784 515]] , [[783 516]]
[[831 528]] , [[832 527]]
[[839 570]] , [[840 569]]
[[454 510]] , [[454 511]]
[[841 560]] , [[842 559]]
[[476 518]] , [[476 519]]
[[735 157]] , [[735 161]]
[[376 514]] , [[376 522]]
[[740 158]] , [[740 159]]
[[831 524]] , [[832 523]]
[[478 516]] , [[478 517]]
[[510 518]] , [[510 523]]
[[768 514]] , [[768 515]]
[[476 518]] , [[476 519]]
[[376 514]] , [[376 521]]
[[804 514]] , [[804 515]]
[[752 514]] , [[752 515]]
[[478 516]] , [[478 519]]
[[804 514]] , [[803 515]]
[[802 514]] , [[802 515]]
[[304 536]] , [[304 549]]
[[304 536]] , [[304 549]]
[[478 516]] , [[478 517]]
[[819 524]] , [[820 523]]
[[478 516]] , [[478 517]]
[[802 514]] , [[802 515]]
[[752 514]] , [[752 515]]
[[838 520]] , [[838 529]]
[[476 518]] , [[476 519]]
[[470 656]] , [[470 661]]
[[839 568]] , [[840 567]]
[[835 612]] , [[836 611]]
[[300 536]] , [[300 541]]
[[476 520]] , [[476 531]]
[[523 528]] , [[523 532]]
[[480 516]] , [[480 517]]
[[807 514]] , [[805 516]]
[[490 518]] , [[490 523]]
[[1020  528]] , [[1020  532]]
[[806 514]] , [[806 515]]
[[502 514]] , [[502 519]]
[[806 514]] , [[806 515]]
[[806 514]] , [[806 515]]
[[847 568]] , [[848 567]]
[[851 578]] , [[852 577]]
[[845 576]] , [[846 575]]
[[845 576]] , [[846 575]]
[[750 514]] , [[750 515]]
[[829 522]] , [[830 521]]
[[748 514]] , [[748 515]]
[[466 622]] , [[466 631]]
[[814 514]] , [[813 515]]
[[302 536]] , [[302 539]]
[[814 514]] , [[813 515]]
[[835 610]] , [[836 609]]
[[480 518]] , [[480 523]]
[[813 514]] , [[812 515]]
[[841 648]] , [[842 647]]
[[496 516]] , [[496 521]]
[[843 556]] , [[844 555]]
[[836 518]] , [[836 523]]
[[841 566]] , [[842 565]]
[[835 612]] , [[836 611]]
[[502 516]] , [[502 524]]
[[838 520]] , [[838 531]]
[[376 516]] , [[376 522]]
[[376 516]] , [[376 522]]
[[843 576]] , [[844 575]]
[[502 516]] , [[502 524]]
[[832 518]] , [[832 523]]
[[650 628]] , [[650 629]]
[[841 566]] , [[842 565]]
[[304 538]] , [[304 539]]
[[286 550]] , [[286 554]]
[[830 544]] , [[830 549]]
[[474 520]] , [[474 531]]
[[832 517]] , [[832 523]]
[[849 570]] , [[850 569]]
[[522 528]] , [[522 533]]
[[522 528]] , [[522 533]]
[[522 528]] , [[522 533]]
[[504 516]] , [[504 525]]
[[474 520]] , [[474 527]]
[[377 515]] , [[376 516]]
[[736 158]] , [[736 163]]
[[752 514]] , [[752 515]]
[[752 514]] , [[752 515]]
[[376 514]] , [[376 517]]
[[522 528]] , [[522 533]]
[[302 538]] , [[302 539]]
[[504 516]] , [[504 524]]
[[282 549]] , [[282 559]]
[[302 540]] , [[302 541]]
[[836 520]] , [[836 525]]
[[839 574]] , [[840 573]]
[[847 578]] , [[848 577]]
[[847 578]] , [[848 577]]
[[630 258]] , [[630 262]]
[[847 576]] , [[848 575]]
[[377 514]] , [[377 517]]
[[456 540]] , [[456 563]]
[[718 273]] , [[718 277]]
[[376 514]] , [[376 523]]
[[841 570]] , [[842 569]]
[[486 514]] , [[486 515]]
[[282 546]] , [[282 548]]
[[692 256]] , [[692 257]]
[[846 638]] , [[846 643]]
[[760 128]] , [[760 133]]
[[654 258]] , [[654 262]]
[[659 530]] , [[660 529]]
[[758 514]] , [[758 515]]
[[803 532]] , [[804 531]]
[[833 528]] , [[834 527]]
[[512 516]] , [[512 525]]
[[378 514]] , [[378 515]]
[[471 545]] , [[472 544]]
[[472 540]] , [[472 543]]
[[726 254]] , [[726 259]]
[[ 94 336]] , [[ 94 345]]
[[769 150]] , [[769 155]]
[[474 520]] , [[474 526]]
[[687 258]] , [[687 262]]
[[786 512]] , [[785 513]]
[[486 514]] , [[486 519]]
[[486 514]] , [[486 519]]
[[838 550]] , [[838 554]]
[[475 546]] , [[476 545]]
[[821 540]] , [[822 539]]
[[475 546]] , [[476 545]]
[[839 940]] , [[839 941]]
[[832 662]] , [[832 669]]
[[660 862]] , [[660 879]]
[[465 644]] , [[465 647]]
[[288 662]] , [[288 669]]
[[474 536]] , [[474 545]]
[[320 744]] , [[320 745]]
[[838 624]] , [[838 629]]
[[288 634]] , [[288 641]]
[[477 536]] , [[477 537]]
[[728 720]] , [[728 727]]
[[480 534]] , [[480 535]]
[[650 630]] , [[650 634]]
[[468 624]] , [[468 629]]
[[656 758]] , [[656 767]]
[[304 742]] , [[304 749]]
[[468 768]] , [[468 777]]
[[834 772]] , [[834 781]]
[[466 650]] , [[466 653]]
[[466 651]] , [[466 653]]
[[486 770]] , [[486 777]]
[[840 618]] , [[840 621]]
[[486 776]] , [[486 811]]
[[326 740]] , [[326 741]]
[[294 664]] , [[294 669]]
[[464 646]] , [[464 669]]
[[326 740]] , [[326 741]]
[[482 718]] , [[482 723]]
[[290 686]] , [[290 705]]
[[297 684]] , [[297 685]]
[[468 768]] , [[468 785]]
[[466 624]] , [[466 633]]
[[290 726]] , [[290 733]]
[[294 580]] , [[294 589]]
[[651 628]] , [[651 631]]
[[466 624]] , [[466 633]]
[[295 736]] , [[295 743]]
[[842 618]] , [[842 619]]
[[485 774]] , [[485 778]]
[[848 563]] , [[848 565]]
[[326 740]] , [[325 741]]
[[468 772]] , [[468 783]]
[[327 740]] , [[325 742]]
[[327 740]] , [[325 742]]
[[470 642]] , [[470 648]]
[[847 554]] , [[847 559]]
[[310 534]] , [[310 536]]
[[466 622]] , [[466 623]]
[[294 584]] , [[294 587]]
[[480 534]] , [[479 535]]
[[467 654]] , [[467 655]]
[[296 694]] , [[296 699]]
[[836 564]] , [[836 569]]
[[480 534]] , [[479 535]]
[[480 534]] , [[479 535]]
[[784 512]] , [[784 513]]
[[310 534]] , [[310 537]]
[[284 546]] , [[284 551]]
[[295 676]] , [[295 681]]
[[628 258]] , [[628 262]]
[[478 538]] , [[478 539]]
[[811 524]] , [[812 523]]
[[486 514]] , [[486 517]]
[[657 258]] , [[657 262]]
[[657 258]] , [[657 262]]
[[665 528]] , [[666 527]]
[[472 538]] , [[472 541]]
[[504 520]] , [[504 525]]
[[754 514]] , [[753 515]]
[[802 708]] , [[802 717]]
[[502 515]] , [[501 516]]
[[812 516]] , [[812 521]]
[[812 518]] , [[812 519]]
[[476 724]] , [[476 726]]
[[300 542]] , [[300 546]]
[[500 520]] , [[500 525]]
[[355 752]] , [[355 756]]
[[652 782]] , [[652 789]]
[[758 512]] , [[758 513]]
[[833 540]] , [[834 539]]
[[512 516]] , [[512 523]]
[[841 620]] , [[842 619]]
[[834 534]] , [[834 541]]
[[834 534]] , [[834 541]]
[[834 534]] , [[834 541]]
[[314 530]] , [[314 535]]
[[483 792]] , [[483 793]]
[[653 772]] , [[653 778]]
[[834 534]] , [[834 541]]
[[282 548]] , [[282 550]]
[[646 616]] , [[646 621]]
[[460 638]] , [[460 643]]
[[472 528]] , [[472 533]]
[[648 628]] , [[648 629]]
[[373 516]] , [[373 517]]
[[320 528]] , [[320 535]]
[[472 528]] , [[472 533]]
[[474 526]] , [[474 527]]
[[374 515]] , [[373 516]]
[[320 528]] , [[320 535]]
[[374 515]] , [[373 516]]
[[374 515]] , [[373 516]]
[[776 512]] , [[776 513]]
[[800 512]] , [[800 513]]
[[752 512]] , [[751 513]]
[[336 526]] , [[336 533]]
[[373 516]] , [[373 517]]
[[994 432]] , [[994 439]]
[[994 432]] , [[994 439]]
[[374 515]] , [[373 516]]
[[486 514]] , [[486 521]]
[[792 512]] , [[792 513]]
[[830 516]] , [[830 521]]
[[841 964]] , [[842 963]]
[[300 538]] , [[300 545]]
[[ 833 1010]] , [[ 834 1009]]
[[374 516]] , [[374 523]]
[[472 516]] , [[472 524]]
[[286 713]] , [[286 717]]
[[502 518]] , [[502 523]]
[[830 516]] , [[830 517]]
[[450 514]] , [[450 518]]
[[472 516]] , [[472 529]]
[[450 514]] , [[450 518]]
[[494 514]] , [[494 521]]
[[472 516]] , [[472 523]]
[[320 528]] , [[320 535]]
[[494 514]] , [[494 521]]
[[829 542]] , [[830 541]]
[[748 513]] , [[747 514]]
[[698 275]] , [[698 279]]
[[667 264]] , [[667 269]]
[[792 512]] , [[792 513]]
[[698 275]] , [[698 279]]
[[450 514]] , [[450 518]]
[[815 530]] , [[816 529]]
[[298 538]] , [[298 546]]
[[470 532]] , [[470 533]]
[[667 264]] , [[667 269]]
[[825 524]] , [[826 523]]
[[750 512]] , [[750 515]]
[[825 524]] , [[826 523]]
[[800 512]] , [[800 513]]
[[698 275]] , [[698 279]]
[[373 516]] , [[373 517]]
[[298 538]] , [[298 546]]
[[298 538]] , [[298 547]]
[[473 514]] , [[473 517]]
[[298 538]] , [[298 547]]
[[468 534]] , [[468 539]]
[[448 526]] , [[448 531]]
[[648 630]] , [[648 631]]
[[448 512]] , [[448 521]]
[[803 524]] , [[804 523]]
[[473 514]] , [[473 515]]
[[300 540]] , [[300 545]]
[[300 540]] , [[300 545]]
[[801 524]] , [[802 523]]
[[448 512]] , [[448 516]]
[[801 524]] , [[802 523]]
[[ 835 1012]] , [[ 836 1011]]
[[512 516]] , [[512 521]]
[[813 522]] , [[814 521]]
[[486 802]] , [[486 803]]
[[478 534]] , [[478 535]]
[[768 514]] , [[768 515]]
[[768 514]] , [[768 515]]
[[306 540]] , [[306 541]]
[[740 516]] , [[740 517]]
[[296 704]] , [[296 709]]
[[827 884]] , [[828 883]]
[[470 628]] , [[470 633]]
[[306 540]] , [[306 549]]
[[842 540]] , [[842 541]]
[[843 706]] , [[844 705]]
[[512 518]] , [[512 523]]
[[512 518]] , [[512 523]]
[[470 644]] , [[470 651]]
[[306 540]] , [[306 549]]
[[738 516]] , [[738 517]]
[[774 514]] , [[773 515]]
[[512 518]] , [[512 523]]
[[772 514]] , [[772 517]]
[[650 622]] , [[650 627]]
[[740 516]] , [[740 517]]
[[380 516]] , [[380 517]]
[[851 546]] , [[851 553]]
[[289 547]] , [[288 548]]
[[828 544]] , [[828 549]]
[[512 518]] , [[512 522]]
[[380 516]] , [[380 520]]
[[482 528]] , [[482 531]]
[[744 516]] , [[744 517]]
[[776 514]] , [[776 515]]
[[742 517]] , [[741 518]]
[[638 518]] , [[637 519]]
[[468 638]] , [[468 647]]
[[472 618]] , [[472 622]]
[[654 656]] , [[654 665]]
[[475 514]] , [[475 519]]
[[475 514]] , [[475 519]]
[[480 526]] , [[480 531]]
[[675 534]] , [[676 533]]
[[476 514]] , [[476 520]]
[[678 256]] , [[678 261]]
[[576 258]] , [[576 262]]
[[476 514]] , [[476 519]]
[[773 138]] , [[773 143]]
[[480 514]] , [[480 521]]
[[454 510]] , [[454 518]]
[[477 534]] , [[477 535]]
[[468 650]] , [[468 663]]
[[834 648]] , [[834 667]]
[[468 630]] , [[468 653]]
[[843 562]] , [[844 561]]
[[468 638]] , [[468 639]]
[[838 622]] , [[838 623]]
[[468 638]] , [[468 639]]
[[468 634]] , [[468 639]]
[[468 634]] , [[468 639]]
[[839 564]] , [[839 565]]
[[468 608]] , [[468 618]]
[[294 674]] , [[294 683]]
[[839 820]] , [[840 819]]
[[316 744]] , [[316 747]]
[[488 768]] , [[488 781]]
[[656 766]] , [[656 773]]
[[488 768]] , [[488 781]]
[[294 692]] , [[294 701]]
[[836 622]] , [[836 639]]
[[838 622]] , [[838 623]]
[[656 768]] , [[656 769]]
[[469 634]] , [[469 637]]
[[488 768]] , [[488 781]]
[[650 628]] , [[650 651]]
[[471 865]] , [[471 869]]
[[488 768]] , [[488 779]]
[[840 776]] , [[840 781]]
[[294 670]] , [[294 673]]
[[471 865]] , [[471 869]]
[[658 770]] , [[658 771]]
[[470 784]] , [[470 793]]
[[296 888]] , [[296 894]]
[[658 770]] , [[658 771]]
[[840 776]] , [[840 781]]
[[658 770]] , [[658 771]]
[[297 697]] , [[297 701]]
[[488 772]] , [[488 781]]
[[318 742]] , [[318 743]]
[[470 772]] , [[470 777]]
[[318 742]] , [[318 743]]
[[468 822]] , [[468 829]]
[[651 724]] , [[652 723]]
[[297 687]] , [[297 693]]
[[295 686]] , [[295 690]]
[[651 628]] , [[650 629]]
[[308 536]] , [[308 537]]
[[295 686]] , [[295 690]]
[[471 615]] , [[471 619]]
[[470 626]] , [[470 628]]
[[651 626]] , [[651 633]]
[[751 715]] , [[750 716]]
[[308 537]] , [[307 538]]
[[751 716]] , [[750 717]]
[[312 750]] , [[312 755]]
[[319 749]] , [[319 753]]
[[470 680]] , [[470 689]]
[[650 632]] , [[650 635]]
[[470 638]] , [[469 639]]
[[658 756]] , [[658 759]]
[[472 656]] , [[472 661]]
[[466 670]] , [[466 675]]
[[468 746]] , [[468 747]]
[[837 834]] , [[838 833]]
[[722 516]] , [[722 517]]
[[752 514]] , [[752 515]]
[[334 744]] , [[334 745]]
[[824 698]] , [[824 699]]
[[654 602]] , [[654 607]]
[[654 758]] , [[654 766]]
[[650 634]] , [[650 643]]
[[334 743]] , [[333 744]]
[[842 618]] , [[842 619]]
[[840 686]] , [[840 693]]
[[840 686]] , [[840 693]]
[[835 706]] , [[836 705]]
[[669 528]] , [[670 527]]
[[286 548]] , [[286 551]]
[[286 548]] , [[286 551]]
[[498 747]] , [[498 751]]
[[764 514]] , [[764 515]]
[[840 616]] , [[840 617]]
[[289 549]] , [[288 550]]
[[306 544]] , [[306 549]]
[[828 698]] , [[828 700]]
[[501 744]] , [[500 745]]
[[828 718]] , [[828 719]]
[[840 638]] , [[840 639]]
[[753 718]] , [[752 719]]
[[840 816]] , [[840 821]]
[[840 802]] , [[840 807]]
[[498 738]] , [[498 739]]
[[307 544]] , [[307 548]]
[[814 866]] , [[814 867]]
[[758 714]] , [[756 716]]
[[806 866]] , [[806 867]]
[[821 882]] , [[822 881]]
[[725 877]] , [[724 878]]
[[370 736]] , [[370 751]]
[[822 866]] , [[821 867]]
[[360 745]] , [[360 749]]
[[312 746]] , [[312 747]]
[[800 512]] , [[799 513]]
[[480 732]] , [[480 733]]
[[288 552]] , [[287 553]]
[[722 716]] , [[721 717]]
[[286 551]] , [[286 565]]
[[368 732]] , [[368 737]]
[[686 520]] , [[686 525]]
[[832 702]] , [[832 703]]
[[832 694]] , [[832 701]]
[[826 696]] , [[826 697]]
[[710 518]] , [[710 523]]
[[836 686]] , [[836 693]]
[[284 548]] , [[284 549]]
[[283 544]] , [[282 545]]
[[836 580]] , [[836 581]]
[[650 590]] , [[650 600]]
[[282 550]] , [[282 555]]
[[832 694]] , [[832 695]]
[[836 582]] , [[836 587]]
[[838 584]] , [[838 585]]
[[834 750]] , [[834 755]]
[[752 714]] , [[751 715]]
[[798 708]] , [[798 712]]
[[836 754]] , [[834 756]]
[[474 710]] , [[474 719]]
[[318 744]] , [[318 745]]
[[836 716]] , [[836 717]]
[[820 718]] , [[820 723]]
[[804 718]] , [[804 723]]
[[470 742]] , [[470 743]]
[[652 600]] , [[652 601]]
[[646 710]] , [[646 718]]
[[466 555]] , [[465 556]]
[[650 752]] , [[650 761]]
[[829 860]] , [[829 861]]
[[321 745]] , [[320 746]]
[[841 679]] , [[841 681]]
[[464 554]] , [[464 559]]
[[839 626]] , [[840 625]]
[[766 510]] , [[766 511]]
[[640 516]] , [[640 517]]
[[646 656]] , [[646 663]]
[[376 514]] , [[376 518]]
[[465 556]] , [[464 557]]
[[821 714]] , [[822 713]]
[[376 514]] , [[376 518]]
[[376 514]] , [[376 518]]
[[281 548]] , [[280 549]]
[[840 592]] , [[840 599]]
[[646 612]] , [[646 617]]
[[830 692]] , [[830 697]]
[[843 584]] , [[844 583]]
[[682 274]] , [[682 275]]
[[686 274]] , [[685 275]]
[[832 515]] , [[831 516]]
[[475 546]] , [[476 545]]
[[286 550]] , [[286 551]]
[[672 534]] , [[672 543]]
[[342 528]] , [[342 533]]
[[342 528]] , [[342 533]]
[[304 544]] , [[304 551]]
[[466 622]] , [[466 631]]
[[454 534]] , [[454 539]]
[[286 550]] , [[285 551]]
[[476 547]] , [[477 546]]
[[286 548]] , [[286 550]]
[[800 284]] , [[800 288]]
[[665 530]] , [[666 529]]
[[377 516]] , [[377 522]]
[[448 510]] , [[448 521]]
[[748 154]] , [[748 161]]
[[784 515]] , [[783 516]]
[[831 528]] , [[832 527]]
[[839 570]] , [[840 569]]
[[454 510]] , [[454 511]]
[[841 560]] , [[842 559]]
[[476 518]] , [[476 519]]
[[735 157]] , [[735 161]]
[[376 514]] , [[376 522]]
[[740 158]] , [[740 159]]
[[831 524]] , [[832 523]]
[[478 516]] , [[478 517]]
[[510 518]] , [[510 523]]
[[768 514]] , [[768 515]]
[[476 518]] , [[476 519]]
[[376 514]] , [[376 521]]
[[804 514]] , [[804 515]]
[[752 514]] , [[752 515]]
[[478 516]] , [[478 519]]
[[804 514]] , [[803 515]]
[[802 514]] , [[802 515]]
[[304 536]] , [[304 549]]
[[304 536]] , [[304 549]]
[[478 516]] , [[478 517]]
[[819 524]] , [[820 523]]
[[478 516]] , [[478 517]]
[[802 514]] , [[802 515]]
[[752 514]] , [[752 515]]
[[838 520]] , [[838 529]]
[[476 518]] , [[476 519]]
[[470 656]] , [[470 661]]
[[839 568]] , [[840 567]]
[[835 612]] , [[836 611]]
[[300 536]] , [[300 541]]
[[476 520]] , [[476 531]]
[[523 528]] , [[523 532]]
[[480 516]] , [[480 517]]
[[807 514]] , [[805 516]]
[[490 518]] , [[490 523]]
[[1020  528]] , [[1020  532]]
[[806 514]] , [[806 515]]
[[502 514]] , [[502 519]]
[[806 514]] , [[806 515]]
[[806 514]] , [[806 515]]
[[847 568]] , [[848 567]]
[[851 578]] , [[852 577]]
[[845 576]] , [[846 575]]
[[845 576]] , [[846 575]]
[[750 514]] , [[750 515]]
[[829 522]] , [[830 521]]
[[748 514]] , [[748 515]]
[[466 622]] , [[466 631]]
[[814 514]] , [[813 515]]
[[302 536]] , [[302 539]]
[[814 514]] , [[813 515]]
[[835 610]] , [[836 609]]
[[480 518]] , [[480 523]]
[[813 514]] , [[812 515]]
[[841 648]] , [[842 647]]
[[496 516]] , [[496 521]]
[[843 556]] , [[844 555]]
[[836 518]] , [[836 523]]
[[841 566]] , [[842 565]]
[[835 612]] , [[836 611]]
[[502 516]] , [[502 524]]
[[838 520]] , [[838 531]]
[[376 516]] , [[376 522]]
[[376 516]] , [[376 522]]
[[843 576]] , [[844 575]]
[[502 516]] , [[502 524]]
[[832 518]] , [[832 523]]
[[650 628]] , [[650 629]]
[[841 566]] , [[842 565]]
[[304 538]] , [[304 539]]
[[286 550]] , [[286 554]]
[[830 544]] , [[830 549]]
[[474 520]] , [[474 531]]
[[832 517]] , [[832 523]]
[[849 570]] , [[850 569]]
[[522 528]] , [[522 533]]
[[522 528]] , [[522 533]]
[[522 528]] , [[522 533]]
[[504 516]] , [[504 525]]
[[474 520]] , [[474 527]]
[[377 515]] , [[376 516]]
[[736 158]] , [[736 163]]
[[752 514]] , [[752 515]]
[[752 514]] , [[752 515]]
[[376 514]] , [[376 517]]
[[522 528]] , [[522 533]]
[[302 538]] , [[302 539]]
[[504 516]] , [[504 524]]
[[282 549]] , [[282 559]]
[[302 540]] , [[302 541]]
[[836 520]] , [[836 525]]
[[839 574]] , [[840 573]]
[[847 578]] , [[848 577]]
[[847 578]] , [[848 577]]
[[630 258]] , [[630 262]]
[[847 576]] , [[848 575]]
[[377 514]] , [[377 517]]
[[456 540]] , [[456 563]]
[[718 273]] , [[718 277]]
[[376 514]] , [[376 523]]
[[841 570]] , [[842 569]]
[[486 514]] , [[486 515]]
[[282 546]] , [[282 548]]
[[692 256]] , [[692 257]]
[[846 638]] , [[846 643]]
[[760 128]] , [[760 133]]
[[654 258]] , [[654 262]]
[[659 530]] , [[660 529]]
[[758 514]] , [[758 515]]
[[803 532]] , [[804 531]]
[[833 528]] , [[834 527]]
[[512 516]] , [[512 525]]
[[378 514]] , [[378 515]]
[[471 545]] , [[472 544]]
[[472 540]] , [[472 543]]
[[726 254]] , [[726 259]]
[[ 94 336]] , [[ 94 345]]
[[769 150]] , [[769 155]]
[[474 520]] , [[474 526]]
[[687 258]] , [[687 262]]
[[786 512]] , [[785 513]]
[[486 514]] , [[486 519]]
[[486 514]] , [[486 519]]
[[838 550]] , [[838 554]]
[[475 546]] , [[476 545]]
[[821 540]] , [[822 539]]
[[475 546]] , [[476 545]]
[[839 940]] , [[839 941]]
[[832 662]] , [[832 669]]
[[660 862]] , [[660 879]]
[[465 644]] , [[465 647]]
[[288 662]] , [[288 669]]
[[474 536]] , [[474 545]]
[[320 744]] , [[320 745]]
[[838 624]] , [[838 629]]
[[288 634]] , [[288 641]]
[[477 536]] , [[477 537]]
[[728 720]] , [[728 727]]
[[480 534]] , [[480 535]]
[[650 630]] , [[650 634]]
[[468 624]] , [[468 629]]
[[656 758]] , [[656 767]]
[[304 742]] , [[304 749]]
[[468 768]] , [[468 777]]
[[834 772]] , [[834 781]]
[[466 650]] , [[466 653]]
[[466 651]] , [[466 653]]
[[486 770]] , [[486 777]]
[[840 618]] , [[840 621]]
[[486 776]] , [[486 811]]
[[326 740]] , [[326 741]]
[[294 664]] , [[294 669]]
[[464 646]] , [[464 669]]
[[326 740]] , [[326 741]]
[[482 718]] , [[482 723]]
[[290 686]] , [[290 705]]
[[297 684]] , [[297 685]]
[[468 768]] , [[468 785]]
[[466 624]] , [[466 633]]
[[290 726]] , [[290 733]]
[[294 580]] , [[294 589]]
[[651 628]] , [[651 631]]
[[466 624]] , [[466 633]]
[[295 736]] , [[295 743]]
[[842 618]] , [[842 619]]
[[485 774]] , [[485 778]]
[[848 563]] , [[848 565]]
[[326 740]] , [[325 741]]
[[468 772]] , [[468 783]]
[[327 740]] , [[325 742]]
[[327 740]] , [[325 742]]
[[470 642]] , [[470 648]]
[[847 554]] , [[847 559]]
[[310 534]] , [[310 536]]
[[466 622]] , [[466 623]]
[[294 584]] , [[294 587]]
[[480 534]] , [[479 535]]
[[467 654]] , [[467 655]]
[[296 694]] , [[296 699]]
[[836 564]] , [[836 569]]
[[480 534]] , [[479 535]]
[[480 534]] , [[479 535]]
[[784 512]] , [[784 513]]
[[310 534]] , [[310 537]]
[[284 546]] , [[284 551]]
[[295 676]] , [[295 681]]
[[628 258]] , [[628 262]]
[[478 538]] , [[478 539]]
[[811 524]] , [[812 523]]
[[486 514]] , [[486 517]]
[[657 258]] , [[657 262]]
[[657 258]] , [[657 262]]
[[665 528]] , [[666 527]]
[[472 538]] , [[472 541]]
[[504 520]] , [[504 525]]
[[754 514]] , [[753 515]]
[[802 708]] , [[802 717]]
[[502 515]] , [[501 516]]
[[812 516]] , [[812 521]]
[[812 518]] , [[812 519]]
[[476 724]] , [[476 726]]
[[300 542]] , [[300 546]]
[[500 520]] , [[500 525]]
[[355 752]] , [[355 756]]
[[652 782]] , [[652 789]]
[[758 512]] , [[758 513]]
[[833 540]] , [[834 539]]
[[512 516]] , [[512 523]]
[[841 620]] , [[842 619]]
[[834 534]] , [[834 541]]
[[834 534]] , [[834 541]]
[[834 534]] , [[834 541]]
[[314 530]] , [[314 535]]
[[483 792]] , [[483 793]]
[[653 772]] , [[653 778]]
[[834 534]] , [[834 541]]
[[282 548]] , [[282 550]]
[[646 616]] , [[646 621]]
[[460 638]] , [[460 643]]
[[472 528]] , [[472 533]]
[[648 628]] , [[648 629]]
[[373 516]] , [[373 517]]
[[320 528]] , [[320 535]]
[[472 528]] , [[472 533]]
[[474 526]] , [[474 527]]
[[374 515]] , [[373 516]]
[[320 528]] , [[320 535]]
[[374 515]] , [[373 516]]
[[374 515]] , [[373 516]]
[[776 512]] , [[776 513]]
[[800 512]] , [[800 513]]
[[752 512]] , [[751 513]]
[[336 526]] , [[336 533]]
[[373 516]] , [[373 517]]
[[994 432]] , [[994 439]]
[[994 432]] , [[994 439]]
[[374 515]] , [[373 516]]
[[486 514]] , [[486 521]]
[[792 512]] , [[792 513]]
[[830 516]] , [[830 521]]
[[841 964]] , [[842 963]]
[[300 538]] , [[300 545]]
[[ 833 1010]] , [[ 834 1009]]
[[374 516]] , [[374 523]]
[[472 516]] , [[472 524]]
[[286 713]] , [[286 717]]
[[502 518]] , [[502 523]]
[[830 516]] , [[830 517]]
[[450 514]] , [[450 518]]
[[472 516]] , [[472 529]]
[[450 514]] , [[450 518]]
[[494 514]] , [[494 521]]
[[472 516]] , [[472 523]]
[[320 528]] , [[320 535]]
[[494 514]] , [[494 521]]
[[829 542]] , [[830 541]]
[[748 513]] , [[747 514]]
[[698 275]] , [[698 279]]
[[667 264]] , [[667 269]]
[[792 512]] , [[792 513]]
[[698 275]] , [[698 279]]
[[450 514]] , [[450 518]]
[[815 530]] , [[816 529]]
[[298 538]] , [[298 546]]
[[470 532]] , [[470 533]]
[[667 264]] , [[667 269]]
[[825 524]] , [[826 523]]
[[750 512]] , [[750 515]]
[[825 524]] , [[826 523]]
[[800 512]] , [[800 513]]
[[698 275]] , [[698 279]]
[[373 516]] , [[373 517]]
[[298 538]] , [[298 546]]
[[298 538]] , [[298 547]]
[[473 514]] , [[473 517]]
[[298 538]] , [[298 547]]
[[468 534]] , [[468 539]]
[[448 526]] , [[448 531]]
[[648 630]] , [[648 631]]
[[448 512]] , [[448 521]]
[[803 524]] , [[804 523]]
[[473 514]] , [[473 515]]
[[300 540]] , [[300 545]]
[[300 540]] , [[300 545]]
[[801 524]] , [[802 523]]
[[448 512]] , [[448 516]]
[[801 524]] , [[802 523]]
[[ 835 1012]] , [[ 836 1011]]
[[512 516]] , [[512 521]]
[[813 522]] , [[814 521]]
[[486 802]] , [[486 803]]
[[478 534]] , [[478 535]]
[[768 514]] , [[768 515]]
[[768 514]] , [[768 515]]
[[306 540]] , [[306 541]]
[[740 516]] , [[740 517]]
[[296 704]] , [[296 709]]
[[827 884]] , [[828 883]]
[[470 628]] , [[470 633]]
[[306 540]] , [[306 549]]
[[842 540]] , [[842 541]]
[[843 706]] , [[844 705]]
[[512 518]] , [[512 523]]
[[512 518]] , [[512 523]]
[[470 644]] , [[470 651]]
[[306 540]] , [[306 549]]
[[738 516]] , [[738 517]]
[[774 514]] , [[773 515]]
[[512 518]] , [[512 523]]
[[772 514]] , [[772 517]]
[[650 622]] , [[650 627]]
[[740 516]] , [[740 517]]
[[380 516]] , [[380 517]]
[[851 546]] , [[851 553]]
[[289 547]] , [[288 548]]
[[828 544]] , [[828 549]]
[[512 518]] , [[512 522]]
[[380 516]] , [[380 520]]
[[482 528]] , [[482 531]]
[[744 516]] , [[744 517]]
[[776 514]] , [[776 515]]
[[742 517]] , [[741 518]]
[[638 518]] , [[637 519]]
[[468 638]] , [[468 647]]
[[472 618]] , [[472 622]]
[[654 656]] , [[654 665]]
[[475 514]] , [[475 519]]
[[475 514]] , [[475 519]]
[[480 526]] , [[480 531]]
[[675 534]] , [[676 533]]
[[476 514]] , [[476 520]]
[[678 256]] , [[678 261]]
[[576 258]] , [[576 262]]
[[476 514]] , [[476 519]]
[[773 138]] , [[773 143]]
[[480 514]] , [[480 521]]
[[454 510]] , [[454 518]]
[[477 534]] , [[477 535]]
[[468 650]] , [[468 663]]
[[834 648]] , [[834 667]]
[[468 630]] , [[468 653]]
[[843 562]] , [[844 561]]
[[468 638]] , [[468 639]]
[[838 622]] , [[838 623]]
[[468 638]] , [[468 639]]
[[468 634]] , [[468 639]]
[[468 634]] , [[468 639]]
[[839 564]] , [[839 565]]
[[468 608]] , [[468 618]]
[[294 674]] , [[294 683]]
[[839 820]] , [[840 819]]
[[316 744]] , [[316 747]]
[[488 768]] , [[488 781]]
[[656 766]] , [[656 773]]
[[488 768]] , [[488 781]]
[[294 692]] , [[294 701]]
[[836 622]] , [[836 639]]
[[838 622]] , [[838 623]]
[[656 768]] , [[656 769]]
[[469 634]] , [[469 637]]
[[488 768]] , [[488 781]]
[[650 628]] , [[650 651]]
[[471 865]] , [[471 869]]
[[488 768]] , [[488 779]]
[[840 776]] , [[840 781]]
[[294 670]] , [[294 673]]
[[471 865]] , [[471 869]]
[[658 770]] , [[658 771]]
[[470 784]] , [[470 793]]
[[296 888]] , [[296 894]]
[[658 770]] , [[658 771]]
[[840 776]] , [[840 781]]
[[658 770]] , [[658 771]]
[[297 697]] , [[297 701]]
[[488 772]] , [[488 781]]
[[318 742]] , [[318 743]]
[[470 772]] , [[470 777]]
[[318 742]] , [[318 743]]
[[468 822]] , [[468 829]]
[[651 724]] , [[652 723]]
[[297 687]] , [[297 693]]
[[295 686]] , [[295 690]]
[[651 628]] , [[650 629]]
[[308 536]] , [[308 537]]
[[295 686]] , [[295 690]]
[[471 615]] , [[471 619]]
[[470 626]] , [[470 628]]
[[651 626]] , [[651 633]]
[[751 715]] , [[750 716]]
[[308 537]] , [[307 538]]
[[751 716]] , [[750 717]]
[[312 750]] , [[312 755]]
[[319 749]] , [[319 753]]
[[470 680]] , [[470 689]]
[[650 632]] , [[650 635]]
[[470 638]] , [[469 639]]
[[658 756]] , [[658 759]]
[[472 656]] , [[472 661]]
[[466 670]] , [[466 675]]
[[468 746]] , [[468 747]]
[[837 834]] , [[838 833]]
[[722 516]] , [[722 517]]
[[752 514]] , [[752 515]]
[[334 744]] , [[334 745]]
[[824 698]] , [[824 699]]
[[654 602]] , [[654 607]]
[[654 758]] , [[654 766]]
[[650 634]] , [[650 643]]
[[334 743]] , [[333 744]]
[[842 618]] , [[842 619]]
[[840 686]] , [[840 693]]
[[840 686]] , [[840 693]]
[[835 706]] , [[836 705]]
[[669 528]] , [[670 527]]
[[286 548]] , [[286 551]]
[[286 548]] , [[286 551]]
[[498 747]] , [[498 751]]
[[764 514]] , [[764 515]]
[[840 616]] , [[840 617]]
[[289 549]] , [[288 550]]
[[306 544]] , [[306 549]]
[[828 698]] , [[828 700]]
[[501 744]] , [[500 745]]
[[828 718]] , [[828 719]]
[[840 638]] , [[840 639]]
[[753 718]] , [[752 719]]
[[840 816]] , [[840 821]]
[[840 802]] , [[840 807]]
[[498 738]] , [[498 739]]
[[307 544]] , [[307 548]]
[[814 866]] , [[814 867]]
[[758 714]] , [[756 716]]
[[806 866]] , [[806 867]]
[[821 882]] , [[822 881]]
[[725 877]] , [[724 878]]
[[370 736]] , [[370 751]]
[[822 866]] , [[821 867]]
[[360 745]] , [[360 749]]
[[312 746]] , [[312 747]]
[[800 512]] , [[799 513]]
[[480 732]] , [[480 733]]
[[288 552]] , [[287 553]]
[[722 716]] , [[721 717]]
[[286 551]] , [[286 565]]
[[368 732]] , [[368 737]]
[[686 520]] , [[686 525]]
[[832 702]] , [[832 703]]
[[832 694]] , [[832 701]]
[[826 696]] , [[826 697]]
[[710 518]] , [[710 523]]
[[836 686]] , [[836 693]]
[[284 548]] , [[284 549]]
[[283 544]] , [[282 545]]
[[836 580]] , [[836 581]]
[[650 590]] , [[650 600]]
[[282 550]] , [[282 555]]
[[832 694]] , [[832 695]]
[[836 582]] , [[836 587]]
[[838 584]] , [[838 585]]
[[834 750]] , [[834 755]]
[[752 714]] , [[751 715]]
[[798 708]] , [[798 712]]
[[836 754]] , [[834 756]]
[[474 710]] , [[474 719]]
[[318 744]] , [[318 745]]
[[836 716]] , [[836 717]]
[[820 718]] , [[820 723]]
[[804 718]] , [[804 723]]
[[470 742]] , [[470 743]]
[[652 600]] , [[652 601]]
[[646 710]] , [[646 718]]
[[466 555]] , [[465 556]]
[[650 752]] , [[650 761]]
[[829 860]] , [[829 861]]
[[321 745]] , [[320 746]]
[[841 679]] , [[841 681]]
[[464 554]] , [[464 559]]
[[839 626]] , [[840 625]]
[[766 510]] , [[766 511]]
[[640 516]] , [[640 517]]
[[646 656]] , [[646 663]]
[[376 514]] , [[376 518]]
[[465 556]] , [[464 557]]
[[821 714]] , [[822 713]]
[[376 514]] , [[376 518]]
[[376 514]] , [[376 518]]
[[281 548]] , [[280 549]]
[[840 592]] , [[840 599]]
[[646 612]] , [[646 617]]
[[830 692]] , [[830 697]]
[[843 584]] , [[844 583]]
[[682 274]] , [[682 275]]
[[686 274]] , [[685 275]]
[[832 515]] , [[831 516]]
[[475 546]] , [[476 545]]
[[286 550]] , [[286 551]]
[[672 534]] , [[672 543]]
[[342 528]] , [[342 533]]
[[342 528]] , [[342 533]]
[[304 544]] , [[304 551]]
[[466 622]] , [[466 631]]
[[454 534]] , [[454 539]]
[[286 550]] , [[285 551]]
[[476 547]] , [[477 546]]
[[286 548]] , [[286 550]]
[[364 858]] , [[364 859]]
[[543 856]] , [[542 857]]
[[527 858]] , [[525 860]]
[[302 862]] , [[302 863]]
[[300 862]] , [[300 863]]
[[422 862]] , [[422 863]]
[[436 862]] , [[436 863]]
[[343 908]] , [[343 921]]
[[204 966]] , [[204 967]]
[[598 866]] , [[598 867]]
[[184 962]] , [[184 975]]
[[206 954]] , [[206 959]]
[[202 894]] , [[202 895]]
[[196 894]] , [[196 895]]
[[196 894]] , [[196 895]]
[[208 922]] , [[208 927]]
[[216 896]] , [[216 901]]
[[192 894]] , [[192 905]]
[[721 866]] , [[721 870]]
[[276 862]] , [[276 865]]
[[588 860]] , [[588 861]]
[[741 886]] , [[742 885]]
[[578 860]] , [[578 861]]
[[390 860]] , [[390 861]]
[[735 896]] , [[736 895]]
[[220 863]] , [[220 867]]
[[562 862]] , [[562 863]]
[[414 860]] , [[414 861]]
[[732 890]] , [[732 905]]
[[733 892]] , [[733 895]]
[[284 866]] , [[284 867]]
[[223 863]] , [[223 867]]
[[432 860]] , [[432 861]]
[[292 864]] , [[292 873]]
[[230 882]] , [[230 883]]
[[282 864]] , [[282 865]]
[[558 862]] , [[558 863]]
[[756 872]] , [[756 873]]
[[326 890]] , [[326 894]]
[[234 882]] , [[234 883]]
[[234 882]] , [[234 883]]
[[558 862]] , [[558 865]]
[[234 886]] , [[234 891]]
[[228 864]] , [[228 869]]
[[262 894]] , [[262 899]]
[[228 863]] , [[228 867]]
[[228 863]] , [[228 867]]
[[228 872]] , [[228 877]]
[[580 862]] , [[580 863]]
[[732 878]] , [[732 890]]
[[194 860]] , [[194 865]]
[[308 862]] , [[308 879]]
[[294 872]] , [[294 873]]
[[448 860]] , [[448 861]]
[[296 862]] , [[296 869]]
[[303 882]] , [[304 881]]
[[436 860]] , [[436 861]]
[[586 862]] , [[586 871]]
[[436 860]] , [[436 861]]
[[590 862]] , [[590 879]]
[[305 878]] , [[306 877]]
[[240 870]] , [[240 875]]
[[594 862]] , [[594 863]]
[[592 862]] , [[592 877]]
[[296 862]] , [[296 867]]
[[192 944]] , [[192 949]]
[[592 862]] , [[592 863]]
[[220 908]] , [[220 915]]
[[210 916]] , [[210 917]]
[[192 934]] , [[192 947]]
[[220 926]] , [[220 933]]
[[196 916]] , [[196 919]]
[[761 900]] , [[762 899]]
[[765 905]] , [[766 904]]
[[516 861]] , [[515 862]]
[[381 880]] , [[382 879]]
[[313 882]] , [[314 881]]
[[290 863]] , [[290 867]]
[[470 862]] , [[469 863]]
[[1018  794]] , [[1018  799]]
[[398 862]] , [[397 863]]
[[  0 684]] , [[  0 689]]
[[441 883]] , [[442 882]]
[[274 896]] , [[274 901]]
[[538 862]] , [[537 863]]
[[246 894]] , [[246 899]]
[[307 864]] , [[305 866]]
[[330 864]] , [[330 865]]
[[393 863]] , [[392 864]]
[[538 862]] , [[537 863]]
[[272 880]] , [[272 885]]
[[272 886]] , [[272 893]]
[[534 862]] , [[533 863]]
[[534 862]] , [[533 863]]
[[538 862]] , [[537 863]]
[[538 862]] , [[537 863]]
[[402 864]] , [[402 865]]
[[402 864]] , [[401 865]]
[[536 863]] , [[535 864]]
[[539 862]] , [[538 863]]
[[461 882]] , [[462 881]]
[[278 868]] , [[278 873]]
[[402 864]] , [[402 865]]
[[692 868]] , [[692 869]]
[[536 862]] , [[535 863]]
[[  0 312]] , [[  0 316]]
[[  0 312]] , [[  0 316]]
[[534 862]] , [[533 863]]
[[334 864]] , [[333 865]]
[[382 864]] , [[382 865]]
[[268 866]] , [[268 871]]
[[538 862]] , [[537 863]]
[[536 862]] , [[535 863]]
[[350 864]] , [[350 865]]
[[482 864]] , [[482 865]]
[[311 868]] , [[310 869]]
[[500 868]] , [[500 869]]
[[710 874]] , [[710 878]]
[[191 908]] , [[191 909]]
[[270 884]] , [[270 887]]
[[364 868]] , [[364 869]]
[[690 876]] , [[690 877]]
[[270 884]] , [[270 891]]
[[522 866]] , [[521 867]]
[[258 866]] , [[258 873]]
[[174 904]] , [[174 919]]
[[270 886]] , [[270 891]]
[[364 850]] , [[364 851]]
[[194 918]] , [[194 921]]
[[658 854]] , [[658 861]]
[[258 868]] , [[258 873]]
[[528 848]] , [[528 849]]
[[470 852]] , [[469 853]]
[[234 860]] , [[234 865]]
[[602 856]] , [[602 877]]
[[240 874]] , [[240 879]]
[[368 894]] , [[368 895]]
[[232 856]] , [[232 863]]
[[218 888]] , [[218 893]]
[[234 856]] , [[234 863]]
[[295 868]] , [[296 867]]
[[737 905]] , [[738 904]]
[[736 870]] , [[736 877]]
[[734 870]] , [[734 879]]
[[246 876]] , [[246 889]]
[[226 888]] , [[226 893]]
[[175 896]] , [[174 897]]
[[198 910]] , [[198 915]]
[[ 731 1282]] , [[ 732 1281]]
[[384 854]] , [[384 855]]
[[740 848]] , [[740 849]]
[[373 854]] , [[371 856]]
[[742 847]] , [[741 848]]
[[524 854]] , [[524 860]]
[[742 847]] , [[741 848]]
[[380 854]] , [[380 855]]
[[522 852]] , [[522 853]]
[[736 852]] , [[735 853]]
[[723 872]] , [[724 871]]
[[736 852]] , [[736 853]]
[[723 870]] , [[724 869]]
[[723 870]] , [[724 869]]
[[723 870]] , [[724 869]]
[[350 874]] , [[350 875]]
[[ 217 1370]] , [[ 218 1369]]
[[744 856]] , [[744 857]]
[[750 858]] , [[750 879]]
[[580 864]] , [[580 865]]
[[432 863]] , [[431 864]]
[[370 952]] , [[371 951]]
[[369 941]] , [[370 940]]
[[383 876]] , [[384 875]]
[[384 882]] , [[385 881]]
[[196 952]] , [[196 963]]
[[222 940]] , [[222 941]]
[[268 868]] , [[268 873]]
[[313 864]] , [[311 866]]
[[272 866]] , [[272 871]]
[[425 884]] , [[426 883]]
[[308 864]] , [[308 869]]
[[650 868]] , [[650 869]]
[[308 864]] , [[308 869]]
[[448 862]] , [[448 863]]
[[542 861]] , [[541 862]]
[[310 862]] , [[310 867]]
[[308 862]] , [[308 867]]
[[329 874]] , [[330 873]]
[[323 874]] , [[324 873]]
[[366 926]] , [[366 945]]
[[400 858]] , [[400 859]]
[[592 862]] , [[592 863]]
[[556 865]] , [[555 866]]
[[316 892]] , [[316 897]]
[[182 988]] , [[182 993]]
[[182 956]] , [[182 957]]
[[532 852]] , [[532 853]]
[[528 854]] , [[527 855]]
[[528 854]] , [[528 855]]
[[528 854]] , [[528 855]]
[[182 958]] , [[182 967]]
[[732 848]] , [[731 849]]
[[740 848]] , [[739 849]]
[[721 870]] , [[722 869]]
[[740 848]] , [[739 849]]
[[744 848]] , [[743 849]]
[[721 870]] , [[722 869]]
[[734 850]] , [[733 851]]
[[396 854]] , [[396 855]]
[[746 848]] , [[745 849]]
[[743 848]] , [[742 849]]
[[556 854]] , [[555 855]]
[[760 848]] , [[759 849]]
[[317 854]] , [[316 855]]
[[388 854]] , [[388 855]]
[[372 913]] , [[373 912]]
[[322 856]] , [[321 857]]
[[314 858]] , [[313 859]]
[[358 860]] , [[357 861]]
[[264 862]] , [[264 867]]
[[418 880]] , [[419 879]]
[[300 864]] , [[300 871]]
[[385 872]] , [[386 871]]
[[435 876]] , [[436 875]]
[[526 858]] , [[526 859]]
[[296 862]] , [[296 881]]
[[542 858]] , [[541 859]]
[[359 876]] , [[360 875]]
[[541 858]] , [[539 860]]
[[433 880]] , [[434 879]]
