[[289 111]] , [[290 110]]
[[819 536]] , [[820 535]]
[[752 514]] , [[752 515]]
[[831 530]] , [[832 529]]
[[474 520]] , [[474 529]]
[[752 162]] , [[752 167]]
[[377 516]] , [[377 522]]
[[831 530]] , [[832 529]]
[[376 516]] , [[376 517]]
[[827 530]] , [[828 529]]
[[665 530]] , [[666 529]]
[[831 528]] , [[832 527]]
[[806 515]] , [[805 516]]
[[378 516]] , [[378 520]]
[[467 544]] , [[468 543]]
[[853 576]] , [[854 575]]
[[375 515]] , [[375 523]]
[[740 151]] , [[739 152]]
[[766 710]] , [[766 711]]
[[376 514]] , [[376 522]]
[[804 514]] , [[804 515]]
[[837 570]] , [[838 569]]
[[665 530]] , [[666 529]]
[[844 550]] , [[844 557]]
[[304 540]] , [[304 543]]
[[510 518]] , [[510 523]]
[[304 542]] , [[304 549]]
[[476 518]] , [[476 519]]
[[510 518]] , [[509 519]]
[[488 518]] , [[488 523]]
[[834 518]] , [[834 523]]
[[508 518]] , [[508 523]]
[[508 518]] , [[508 523]]
[[837 602]] , [[838 601]]
[[656 634]] , [[656 639]]
[[649 630]] , [[647 632]]
[[752 514]] , [[752 515]]
[[752 514]] , [[752 515]]
[[478 516]] , [[478 517]]
[[284 546]] , [[284 547]]
[[826 540]] , [[826 541]]
[[476 518]] , [[476 519]]
[[654 630]] , [[654 631]]
[[302 542]] , [[302 549]]
[[719 719]] , [[719 723]]
[[826 540]] , [[826 541]]
[[646 636]] , [[646 639]]
[[802 514]] , [[802 515]]
[[646 636]] , [[646 637]]
[[835 618]] , [[836 617]]
[[648 636]] , [[648 637]]
[[282 547]] , [[281 548]]
[[302 538]] , [[302 541]]
[[302 538]] , [[302 541]]
[[283 547]] , [[282 548]]
[[490 518]] , [[490 523]]
[[480 518]] , [[480 523]]
[[836 519]] , [[836 529]]
[[841 566]] , [[842 565]]
[[299 542]] , [[299 547]]
[[286 548]] , [[285 549]]
[[650 632]] , [[650 635]]
[[300 540]] , [[300 541]]
[[806 514]] , [[806 515]]
[[290 560]] , [[291 559]]
[[302 536]] , [[302 539]]
[[485 781]] , [[484 782]]
[[650 632]] , [[650 635]]
[[464 664]] , [[464 669]]
[[835 608]] , [[836 607]]
[[466 622]] , [[466 627]]
[[838 520]] , [[838 529]]
[[466 622]] , [[466 631]]
[[299 540]] , [[299 547]]
[[841 648]] , [[842 647]]
[[841 648]] , [[842 647]]
[[822 542]] , [[822 546]]
[[472 520]] , [[472 527]]
[[304 538]] , [[304 539]]
[[472 520]] , [[472 527]]
[[466 622]] , [[466 627]]
[[841 566]] , [[842 565]]
[[302 538]] , [[302 539]]
[[502 516]] , [[502 524]]
[[304 538]] , [[304 539]]
[[286 550]] , [[286 551]]
[[656 782]] , [[656 783]]
[[830 544]] , [[830 548]]
[[650 628]] , [[650 629]]
[[458 640]] , [[458 647]]
[[650 624]] , [[650 631]]
[[304 538]] , [[304 539]]
[[475 534]] , [[475 535]]
[[282 552]] , [[282 557]]
[[288 558]] , [[289 557]]
[[288 559]] , [[289 558]]
[[648 618]] , [[648 625]]
[[522 528]] , [[522 533]]
[[287 559]] , [[288 558]]
[[474 520]] , [[474 527]]
[[504 516]] , [[504 525]]
[[376 514]] , [[376 517]]
[[522 528]] , [[522 533]]
[[330 528]] , [[330 533]]
[[826 892]] , [[827 891]]
[[466 676]] , [[466 681]]
[[468 630]] , [[468 631]]
[[522 528]] , [[522 533]]
[[466 676]] , [[466 681]]
[[290 561]] , [[290 565]]
[[288 549]] , [[287 550]]
[[836 520]] , [[836 525]]
[[302 538]] , [[302 541]]
[[654 632]] , [[654 633]]
[[736 130]] , [[736 134]]
[[614 258]] , [[614 262]]
[[841 570]] , [[842 569]]
[[752 514]] , [[752 515]]
[[302 546]] , [[302 550]]
[[835 528]] , [[836 527]]
[[652 636]] , [[652 637]]
[[648 258]] , [[648 262]]
[[841 570]] , [[842 569]]
[[758 514]] , [[758 515]]
[[822 542]] , [[822 546]]
[[798 514]] , [[798 515]]
[[656 656]] , [[656 667]]
[[758 514]] , [[758 515]]
[[660 800]] , [[660 805]]
[[486 514]] , [[486 515]]
[[841 570]] , [[842 569]]
[[841 570]] , [[842 569]]
[[659 530]] , [[660 529]]
[[475 533]] , [[473 535]]
[[841 570]] , [[842 569]]
[[303 536]] , [[303 540]]
[[796 514]] , [[795 515]]
[[473 546]] , [[474 545]]
[[512 516]] , [[512 525]]
[[798 706]] , [[798 707]]
[[738 714]] , [[738 715]]
[[486 514]] , [[486 515]]
[[752 514]] , [[752 515]]
[[486 514]] , [[486 515]]
[[304 535]] , [[303 536]]
[[377 514]] , [[377 515]]
[[486 514]] , [[486 515]]
[[687 258]] , [[687 262]]
[[806 514]] , [[805 515]]
[[480 534]] , [[480 535]]
[[802 514]] , [[802 515]]
[[292 703]] , [[292 704]]
[[304 535]] , [[303 536]]
[[475 546]] , [[476 545]]
[[848 548]] , [[848 551]]
[[ 486 1014]] , [[ 486 1025]]
[[838 690]] , [[838 692]]
[[ 681 1008]] , [[ 680 1009]]
[[292 708]] , [[292 710]]
[[464 702]] , [[464 703]]
[[650 630]] , [[650 653]]
[[656 790]] , [[656 805]]
[[296 693]] , [[296 703]]
[[286 728]] , [[286 733]]
[[836 624]] , [[836 625]]
[[836 774]] , [[836 777]]
[[466 630]] , [[466 631]]
[[483 750]] , [[483 754]]
[[292 686]] , [[292 687]]
[[466 780]] , [[466 785]]
[[486 776]] , [[486 783]]
[[466 780]] , [[466 785]]
[[486 798]] , [[486 807]]
[[288 725]] , [[288 733]]
[[292 710]] , [[292 713]]
[[466 809]] , [[466 843]]
[[296 694]] , [[296 703]]
[[470 812]] , [[470 813]]
[[658 780]] , [[658 781]]
[[295 708]] , [[295 709]]
[[290 724]] , [[290 733]]
[[485 768]] , [[485 783]]
[[654 760]] , [[654 761]]
[[654 760]] , [[653 761]]
[[326 740]] , [[326 741]]
[[469 815]] , [[469 818]]
[[290 726]] , [[290 733]]
[[468 768]] , [[468 785]]
[[651 628]] , [[651 631]]
[[290 726]] , [[290 733]]
[[672 719]] , [[672 723]]
[[468 768]] , [[468 785]]
[[294 672]] , [[294 677]]
[[834 928]] , [[834 935]]
[[654 626]] , [[654 627]]
[[836 772]] , [[836 775]]
[[672 924]] , [[672 957]]
[[468 772]] , [[468 783]]
[[468 772]] , [[468 783]]
[[662 762]] , [[662 765]]
[[658 616]] , [[658 619]]
[[294 584]] , [[294 587]]
[[292 684]] , [[292 703]]
[[464 638]] , [[464 651]]
[[294 588]] , [[294 589]]
[[762 712]] , [[760 714]]
[[838 778]] , [[838 783]]
[[842 638]] , [[842 639]]
[[650 634]] , [[650 635]]
[[650 634]] , [[650 635]]
[[480 534]] , [[479 535]]
[[468 636]] , [[468 641]]
[[650 634]] , [[650 637]]
[[834 698]] , [[834 699]]
[[665 530]] , [[666 529]]
[[837 564]] , [[836 565]]
[[305 540]] , [[305 543]]
[[758 514]] , [[758 515]]
[[454 512]] , [[454 518]]
[[472 512]] , [[472 517]]
[[514 516]] , [[514 517]]
[[850 560]] , [[850 567]]
[[826 542]] , [[826 547]]
[[470 536]] , [[470 541]]
[[688 894]] , [[688 899]]
[[304 540]] , [[304 543]]
[[473 530]] , [[473 531]]
[[474 520]] , [[474 525]]
[[664 864]] , [[664 875]]
[[642 660]] , [[642 671]]
[[280 548]] , [[280 549]]
[[650 782]] , [[650 789]]
[[680 855]] , [[679 856]]
[[814 515]] , [[813 516]]
[[300 537]] , [[300 541]]
[[300 537]] , [[299 538]]
[[644 628]] , [[644 629]]
[[282 546]] , [[282 548]]
[[831 587]] , [[830 588]]
[[282 546]] , [[282 548]]
[[648 624]] , [[648 625]]
[[472 842]] , [[472 845]]
[[472 842]] , [[472 849]]
[[282 547]] , [[282 549]]
[[654 771]] , [[654 778]]
[[481 768]] , [[481 774]]
[[483 777]] , [[483 783]]
[[836 544]] , [[836 553]]
[[480 726]] , [[480 731]]
[[320 528]] , [[320 535]]
[[298 540]] , [[298 541]]
[[298 542]] , [[298 543]]
[[300 540]] , [[300 541]]
[[320 528]] , [[320 535]]
[[838 536]] , [[838 541]]
[[472 528]] , [[472 533]]
[[334 526]] , [[334 531]]
[[514 516]] , [[514 517]]
[[512 516]] , [[512 517]]
[[514 516]] , [[514 517]]
[[838 536]] , [[838 541]]
[[336 526]] , [[336 533]]
[[374 515]] , [[373 516]]
[[374 515]] , [[373 516]]
[[470 532]] , [[470 542]]
[[994 432]] , [[994 439]]
[[514 516]] , [[514 517]]
[[474 516]] , [[474 524]]
[[ 833 1010]] , [[ 834 1009]]
[[320 528]] , [[320 535]]
[[465 639]] , [[464 640]]
[[502 518]] , [[502 523]]
[[502 518]] , [[502 523]]
[[320 528]] , [[320 535]]
[[480 792]] , [[480 799]]
[[282 545]] , [[282 547]]
[[302 539]] , [[302 541]]
[[472 516]] , [[472 529]]
[[320 528]] , [[320 535]]
[[830 516]] , [[830 517]]
[[320 528]] , [[320 535]]
[[300 538]] , [[300 541]]
[[648 628]] , [[648 629]]
[[473 516]] , [[473 517]]
[[373 516]] , [[373 517]]
[[373 516]] , [[373 517]]
[[792 512]] , [[792 513]]
[[792 512]] , [[792 513]]
[[746 514]] , [[746 515]]
[[450 514]] , [[450 518]]
[[448 534]] , [[448 539]]
[[478 514]] , [[478 515]]
[[467 688]] , [[468 687]]
[[644 618]] , [[644 623]]
[[825 538]] , [[826 537]]
[[798 512]] , [[798 513]]
[[825 538]] , [[826 537]]
[[800 512]] , [[800 513]]
[[450 534]] , [[450 539]]
[[800 512]] , [[800 513]]
[[644 618]] , [[644 623]]
[[469 698]] , [[470 697]]
[[469 700]] , [[470 699]]
[[468 534]] , [[468 539]]
[[466 660]] , [[466 669]]
[[469 700]] , [[470 699]]
[[646 632]] , [[646 633]]
[[291 702]] , [[290 703]]
[[474 514]] , [[474 517]]
[[448 512]] , [[448 513]]
[[374 516]] , [[374 523]]
[[472 540]] , [[472 541]]
[[465 654]] , [[464 655]]
[[644 634]] , [[644 653]]
[[374 516]] , [[374 521]]
[[825 524]] , [[826 523]]
[[375 516]] , [[375 520]]
[[480 518]] , [[480 523]]
[[478 534]] , [[478 535]]
[[378 515]] , [[378 520]]
[[675 924]] , [[675 925]]
[[286 546]] , [[286 549]]
[[478 534]] , [[478 535]]
[[792 514]] , [[792 515]]
[[468 646]] , [[468 651]]
[[478 536]] , [[478 543]]
[[470 812]] , [[470 813]]
[[652 616]] , [[652 617]]
[[656 773]] , [[656 777]]
[[654 618]] , [[654 635]]
[[470 644]] , [[470 651]]
[[320 530]] , [[320 535]]
[[306 540]] , [[306 549]]
[[662 699]] , [[663 698]]
[[292 700]] , [[292 709]]
[[470 644]] , [[470 651]]
[[306 540]] , [[306 549]]
[[480 536]] , [[480 537]]
[[855 554]] , [[855 558]]
[[480 536]] , [[480 537]]
[[486 766]] , [[486 771]]
[[306 540]] , [[306 549]]
[[306 540]] , [[306 549]]
[[470 638]] , [[470 641]]
[[656 630]] , [[656 637]]
[[470 638]] , [[470 639]]
[[288 558]] , [[288 560]]
[[828 544]] , [[828 549]]
[[284 550]] , [[284 561]]
[[851 578]] , [[852 577]]
[[841 684]] , [[842 683]]
[[756 516]] , [[756 517]]
[[844 532]] , [[844 539]]
[[844 532]] , [[844 539]]
[[838 692]] , [[838 697]]
[[842 708]] , [[842 719]]
[[768 712]] , [[768 717]]
[[814 514]] , [[814 515]]
[[851 559]] , [[852 558]]
[[306 542]] , [[306 547]]
[[520 520]] , [[520 525]]
[[766 515]] , [[765 516]]
[[789 514]] , [[788 515]]
[[773 136]] , [[773 143]]
[[476 514]] , [[476 519]]
[[476 514]] , [[476 519]]
[[768 514]] , [[768 515]]
[[576 258]] , [[576 262]]
[[576 258]] , [[576 262]]
[[476 514]] , [[476 519]]
[[667 532]] , [[668 531]]
[[817 522]] , [[818 521]]
[[835 528]] , [[836 527]]
[[650 638]] , [[650 639]]
[[832 688]] , [[832 691]]
[[296 698]] , [[296 703]]
[[838 632]] , [[838 637]]
[[817 722]] , [[818 721]]
[[470 686]] , [[470 701]]
[[294 686]] , [[294 691]]
[[320 742]] , [[320 743]]
[[294 716]] , [[294 721]]
[[320 740]] , [[320 741]]
[[467 632]] , [[467 637]]
[[294 674]] , [[294 683]]
[[320 742]] , [[320 743]]
[[678 822]] , [[678 827]]
[[835 874]] , [[836 873]]
[[470 810]] , [[470 813]]
[[836 788]] , [[836 791]]
[[470 810]] , [[470 813]]
[[488 768]] , [[488 781]]
[[292 686]] , [[292 690]]
[[294 692]] , [[294 693]]
[[835 874]] , [[836 873]]
[[488 768]] , [[488 781]]
[[835 858]] , [[836 857]]
[[327 742]] , [[327 743]]
[[836 922]] , [[834 924]]
[[471 865]] , [[471 869]]
[[296 890]] , [[296 894]]
[[658 770]] , [[658 771]]
[[836 922]] , [[834 924]]
[[840 776]] , [[840 779]]
[[296 888]] , [[296 894]]
[[836 924]] , [[836 941]]
[[658 788]] , [[658 789]]
[[658 788]] , [[658 789]]
[[468 798]] , [[468 799]]
[[658 770]] , [[658 771]]
[[468 798]] , [[468 799]]
[[839 820]] , [[840 819]]
[[473 792]] , [[473 794]]
[[839 820]] , [[840 819]]
[[675 924]] , [[675 927]]
[[295 714]] , [[295 721]]
[[658 760]] , [[658 761]]
[[658 760]] , [[658 761]]
[[327 740]] , [[327 741]]
[[840 622]] , [[840 623]]
[[658 760]] , [[658 761]]
[[651 628]] , [[651 635]]
[[316 744]] , [[314 746]]
[[294 702]] , [[293 703]]
[[840 780]] , [[840 783]]
[[838 620]] , [[838 623]]
[[840 780]] , [[840 783]]
[[470 784]] , [[470 789]]
[[470 782]] , [[470 789]]
[[319 748]] , [[319 753]]
[[321 746]] , [[320 747]]
[[843 684]] , [[843 685]]
[[658 786]] , [[658 787]]
[[658 770]] , [[658 779]]
[[468 746]] , [[468 747]]
[[658 786]] , [[658 787]]
[[296 887]] , [[296 892]]
[[650 608]] , [[650 609]]
[[286 548]] , [[286 555]]
[[662 816]] , [[662 821]]
[[834 768]] , [[834 777]]
[[824 698]] , [[824 699]]
[[846 798]] , [[846 799]]
[[840 686]] , [[840 693]]
[[837 768]] , [[837 769]]
[[840 686]] , [[840 693]]
[[838 768]] , [[838 769]]
[[838 768]] , [[838 769]]
[[334 742]] , [[334 743]]
[[843 642]] , [[844 641]]
[[846 616]] , [[846 617]]
[[848 616]] , [[848 617]]
[[837 762]] , [[837 766]]
[[842 616]] , [[842 617]]
[[840 688]] , [[840 695]]
[[840 688]] , [[840 695]]
[[840 616]] , [[840 617]]
[[318 744]] , [[318 746]]
[[810 878]] , [[810 879]]
[[324 744]] , [[323 745]]
[[372 726]] , [[372 727]]
[[504 739]] , [[503 740]]
[[778 886]] , [[778 891]]
[[830 880]] , [[830 887]]
[[486 742]] , [[486 747]]
[[297 715]] , [[297 719]]
[[768 879]] , [[768 881]]
[[520 736]] , [[520 737]]
[[841 882]] , [[841 886]]
[[700 878]] , [[700 881]]
[[289 887]] , [[289 888]]
[[822 866]] , [[821 867]]
[[716 886]] , [[716 891]]
[[304 750]] , [[304 751]]
[[720 878]] , [[720 879]]
[[286 550]] , [[286 564]]
[[306 748]] , [[306 749]]
[[478 732]] , [[478 734]]
[[546 738]] , [[546 743]]
[[806 718]] , [[806 723]]
[[656 738]] , [[656 739]]
[[830 710]] , [[830 715]]
[[456 734]] , [[456 735]]
[[456 736]] , [[456 745]]
[[647 736]] , [[647 737]]
[[848 580]] , [[848 581]]
[[462 736]] , [[462 737]]
[[840 678]] , [[840 679]]
[[650 638]] , [[650 649]]
[[838 690]] , [[838 693]]
[[464 734]] , [[464 735]]
[[836 676]] , [[836 679]]
[[500 741]] , [[499 742]]
[[647 694]] , [[647 699]]
[[834 688]] , [[834 689]]
[[834 776]] , [[834 785]]
[[834 808]] , [[834 831]]
[[814 716]] , [[814 721]]
[[810 862]] , [[810 863]]
[[719 720]] , [[719 724]]
[[674 854]] , [[674 863]]
[[835 762]] , [[835 768]]
[[830 762]] , [[830 766]]
[[316 750]] , [[316 755]]
[[836 766]] , [[836 785]]
[[688 722]] , [[688 727]]
[[456 746]] , [[456 751]]
[[822 706]] , [[822 711]]
[[808 862]] , [[808 863]]
[[808 884]] , [[808 889]]
[[828 860]] , [[828 861]]
[[814 714]] , [[814 715]]
[[648 602]] , [[648 603]]
[[378 513]] , [[378 517]]
[[286 554]] , [[286 561]]
[[465 555]] , [[464 556]]
[[762 712]] , [[762 723]]
[[282 554]] , [[282 561]]
[[646 656]] , [[646 663]]
[[786 510]] , [[785 511]]
[[288 547]] , [[288 551]]
[[462 550]] , [[462 551]]
[[646 612]] , [[646 617]]
[[831 734]] , [[832 733]]
[[833 736]] , [[834 735]]
[[835 760]] , [[836 759]]
[[376 513]] , [[376 519]]
[[663 530]] , [[664 529]]
[[833 538]] , [[834 537]]
[[282 552]] , [[282 559]]
[[286 550]] , [[286 551]]
[[467 690]] , [[468 689]]
[[282 550]] , [[282 563]]
[[471 538]] , [[471 541]]
[[304 544]] , [[304 549]]
[[284 632]] , [[284 639]]
[[288 673]] , [[288 677]]
[[286 550]] , [[285 551]]
[[461 662]] , [[461 663]]
[[304 544]] , [[304 551]]
[[646 632]] , [[646 639]]
[[819 536]] , [[820 535]]
[[752 514]] , [[752 515]]
[[831 530]] , [[832 529]]
[[474 520]] , [[474 529]]
[[752 162]] , [[752 167]]
[[377 516]] , [[377 522]]
[[831 530]] , [[832 529]]
[[376 516]] , [[376 517]]
[[827 530]] , [[828 529]]
[[665 530]] , [[666 529]]
[[831 528]] , [[832 527]]
[[806 515]] , [[805 516]]
[[378 516]] , [[378 520]]
[[467 544]] , [[468 543]]
[[853 576]] , [[854 575]]
[[375 515]] , [[375 523]]
[[740 151]] , [[739 152]]
[[766 710]] , [[766 711]]
[[376 514]] , [[376 522]]
[[804 514]] , [[804 515]]
[[837 570]] , [[838 569]]
[[665 530]] , [[666 529]]
[[844 550]] , [[844 557]]
[[304 540]] , [[304 543]]
[[510 518]] , [[510 523]]
[[304 542]] , [[304 549]]
[[476 518]] , [[476 519]]
[[510 518]] , [[509 519]]
[[488 518]] , [[488 523]]
[[834 518]] , [[834 523]]
[[508 518]] , [[508 523]]
[[508 518]] , [[508 523]]
[[837 602]] , [[838 601]]
[[656 634]] , [[656 639]]
[[649 630]] , [[647 632]]
[[752 514]] , [[752 515]]
[[752 514]] , [[752 515]]
[[478 516]] , [[478 517]]
[[284 546]] , [[284 547]]
[[826 540]] , [[826 541]]
[[476 518]] , [[476 519]]
[[654 630]] , [[654 631]]
[[302 542]] , [[302 549]]
[[719 719]] , [[719 723]]
[[826 540]] , [[826 541]]
[[646 636]] , [[646 639]]
[[802 514]] , [[802 515]]
[[646 636]] , [[646 637]]
[[835 618]] , [[836 617]]
[[648 636]] , [[648 637]]
[[282 547]] , [[281 548]]
[[302 538]] , [[302 541]]
[[302 538]] , [[302 541]]
[[283 547]] , [[282 548]]
[[490 518]] , [[490 523]]
[[480 518]] , [[480 523]]
[[836 519]] , [[836 529]]
[[841 566]] , [[842 565]]
[[299 542]] , [[299 547]]
[[286 548]] , [[285 549]]
[[650 632]] , [[650 635]]
[[300 540]] , [[300 541]]
[[806 514]] , [[806 515]]
[[290 560]] , [[291 559]]
[[302 536]] , [[302 539]]
[[485 781]] , [[484 782]]
[[650 632]] , [[650 635]]
[[464 664]] , [[464 669]]
[[835 608]] , [[836 607]]
[[466 622]] , [[466 627]]
[[838 520]] , [[838 529]]
[[466 622]] , [[466 631]]
[[299 540]] , [[299 547]]
[[841 648]] , [[842 647]]
[[841 648]] , [[842 647]]
[[822 542]] , [[822 546]]
[[472 520]] , [[472 527]]
[[304 538]] , [[304 539]]
[[472 520]] , [[472 527]]
[[466 622]] , [[466 627]]
[[841 566]] , [[842 565]]
[[302 538]] , [[302 539]]
[[502 516]] , [[502 524]]
[[304 538]] , [[304 539]]
[[286 550]] , [[286 551]]
[[656 782]] , [[656 783]]
[[830 544]] , [[830 548]]
[[650 628]] , [[650 629]]
[[458 640]] , [[458 647]]
[[650 624]] , [[650 631]]
[[304 538]] , [[304 539]]
[[475 534]] , [[475 535]]
[[282 552]] , [[282 557]]
[[288 558]] , [[289 557]]
[[288 559]] , [[289 558]]
[[648 618]] , [[648 625]]
[[522 528]] , [[522 533]]
[[287 559]] , [[288 558]]
[[474 520]] , [[474 527]]
[[504 516]] , [[504 525]]
[[376 514]] , [[376 517]]
[[522 528]] , [[522 533]]
[[330 528]] , [[330 533]]
[[826 892]] , [[827 891]]
[[466 676]] , [[466 681]]
[[468 630]] , [[468 631]]
[[522 528]] , [[522 533]]
[[466 676]] , [[466 681]]
[[290 561]] , [[290 565]]
[[288 549]] , [[287 550]]
[[836 520]] , [[836 525]]
[[302 538]] , [[302 541]]
[[654 632]] , [[654 633]]
[[736 130]] , [[736 134]]
[[614 258]] , [[614 262]]
[[841 570]] , [[842 569]]
[[752 514]] , [[752 515]]
[[302 546]] , [[302 550]]
[[835 528]] , [[836 527]]
[[652 636]] , [[652 637]]
[[648 258]] , [[648 262]]
[[841 570]] , [[842 569]]
[[758 514]] , [[758 515]]
[[822 542]] , [[822 546]]
[[798 514]] , [[798 515]]
[[656 656]] , [[656 667]]
[[758 514]] , [[758 515]]
[[660 800]] , [[660 805]]
[[486 514]] , [[486 515]]
[[841 570]] , [[842 569]]
[[841 570]] , [[842 569]]
[[659 530]] , [[660 529]]
[[475 533]] , [[473 535]]
[[841 570]] , [[842 569]]
[[303 536]] , [[303 540]]
[[796 514]] , [[795 515]]
[[473 546]] , [[474 545]]
[[512 516]] , [[512 525]]
[[798 706]] , [[798 707]]
[[738 714]] , [[738 715]]
[[486 514]] , [[486 515]]
[[752 514]] , [[752 515]]
[[486 514]] , [[486 515]]
[[304 535]] , [[303 536]]
[[377 514]] , [[377 515]]
[[486 514]] , [[486 515]]
[[687 258]] , [[687 262]]
[[806 514]] , [[805 515]]
[[480 534]] , [[480 535]]
[[802 514]] , [[802 515]]
[[292 703]] , [[292 704]]
[[304 535]] , [[303 536]]
[[475 546]] , [[476 545]]
[[848 548]] , [[848 551]]
[[ 486 1014]] , [[ 486 1025]]
[[838 690]] , [[838 692]]
[[ 681 1008]] , [[ 680 1009]]
[[292 708]] , [[292 710]]
[[464 702]] , [[464 703]]
[[650 630]] , [[650 653]]
[[656 790]] , [[656 805]]
[[296 693]] , [[296 703]]
[[286 728]] , [[286 733]]
[[836 624]] , [[836 625]]
[[836 774]] , [[836 777]]
[[466 630]] , [[466 631]]
[[483 750]] , [[483 754]]
[[292 686]] , [[292 687]]
[[466 780]] , [[466 785]]
[[486 776]] , [[486 783]]
[[466 780]] , [[466 785]]
[[486 798]] , [[486 807]]
[[288 725]] , [[288 733]]
[[292 710]] , [[292 713]]
[[466 809]] , [[466 843]]
[[296 694]] , [[296 703]]
[[470 812]] , [[470 813]]
[[658 780]] , [[658 781]]
[[295 708]] , [[295 709]]
[[290 724]] , [[290 733]]
[[485 768]] , [[485 783]]
[[654 760]] , [[654 761]]
[[654 760]] , [[653 761]]
[[326 740]] , [[326 741]]
[[469 815]] , [[469 818]]
[[290 726]] , [[290 733]]
[[468 768]] , [[468 785]]
[[651 628]] , [[651 631]]
[[290 726]] , [[290 733]]
[[672 719]] , [[672 723]]
[[468 768]] , [[468 785]]
[[294 672]] , [[294 677]]
[[834 928]] , [[834 935]]
[[654 626]] , [[654 627]]
[[836 772]] , [[836 775]]
[[672 924]] , [[672 957]]
[[468 772]] , [[468 783]]
[[468 772]] , [[468 783]]
[[662 762]] , [[662 765]]
[[658 616]] , [[658 619]]
[[294 584]] , [[294 587]]
[[292 684]] , [[292 703]]
[[464 638]] , [[464 651]]
[[294 588]] , [[294 589]]
[[762 712]] , [[760 714]]
[[838 778]] , [[838 783]]
[[842 638]] , [[842 639]]
[[650 634]] , [[650 635]]
[[650 634]] , [[650 635]]
[[480 534]] , [[479 535]]
[[468 636]] , [[468 641]]
[[650 634]] , [[650 637]]
[[834 698]] , [[834 699]]
[[665 530]] , [[666 529]]
[[837 564]] , [[836 565]]
[[305 540]] , [[305 543]]
[[758 514]] , [[758 515]]
[[454 512]] , [[454 518]]
[[472 512]] , [[472 517]]
[[514 516]] , [[514 517]]
[[850 560]] , [[850 567]]
[[826 542]] , [[826 547]]
[[470 536]] , [[470 541]]
[[688 894]] , [[688 899]]
[[304 540]] , [[304 543]]
[[473 530]] , [[473 531]]
[[474 520]] , [[474 525]]
[[664 864]] , [[664 875]]
[[642 660]] , [[642 671]]
[[280 548]] , [[280 549]]
[[650 782]] , [[650 789]]
[[680 855]] , [[679 856]]
[[814 515]] , [[813 516]]
[[300 537]] , [[300 541]]
[[300 537]] , [[299 538]]
[[644 628]] , [[644 629]]
[[282 546]] , [[282 548]]
[[831 587]] , [[830 588]]
[[282 546]] , [[282 548]]
[[648 624]] , [[648 625]]
[[472 842]] , [[472 845]]
[[472 842]] , [[472 849]]
[[282 547]] , [[282 549]]
[[654 771]] , [[654 778]]
[[481 768]] , [[481 774]]
[[483 777]] , [[483 783]]
[[836 544]] , [[836 553]]
[[480 726]] , [[480 731]]
[[320 528]] , [[320 535]]
[[298 540]] , [[298 541]]
[[298 542]] , [[298 543]]
[[300 540]] , [[300 541]]
[[320 528]] , [[320 535]]
[[838 536]] , [[838 541]]
[[472 528]] , [[472 533]]
[[334 526]] , [[334 531]]
[[514 516]] , [[514 517]]
[[512 516]] , [[512 517]]
[[514 516]] , [[514 517]]
[[838 536]] , [[838 541]]
[[336 526]] , [[336 533]]
[[374 515]] , [[373 516]]
[[374 515]] , [[373 516]]
[[470 532]] , [[470 542]]
[[994 432]] , [[994 439]]
[[514 516]] , [[514 517]]
[[474 516]] , [[474 524]]
[[ 833 1010]] , [[ 834 1009]]
[[320 528]] , [[320 535]]
[[465 639]] , [[464 640]]
[[502 518]] , [[502 523]]
[[502 518]] , [[502 523]]
[[320 528]] , [[320 535]]
[[480 792]] , [[480 799]]
[[282 545]] , [[282 547]]
[[302 539]] , [[302 541]]
[[472 516]] , [[472 529]]
[[320 528]] , [[320 535]]
[[830 516]] , [[830 517]]
[[320 528]] , [[320 535]]
[[300 538]] , [[300 541]]
[[648 628]] , [[648 629]]
[[473 516]] , [[473 517]]
[[373 516]] , [[373 517]]
[[373 516]] , [[373 517]]
[[792 512]] , [[792 513]]
[[792 512]] , [[792 513]]
[[746 514]] , [[746 515]]
[[450 514]] , [[450 518]]
[[448 534]] , [[448 539]]
[[478 514]] , [[478 515]]
[[467 688]] , [[468 687]]
[[644 618]] , [[644 623]]
[[825 538]] , [[826 537]]
[[798 512]] , [[798 513]]
[[825 538]] , [[826 537]]
[[800 512]] , [[800 513]]
[[450 534]] , [[450 539]]
[[800 512]] , [[800 513]]
[[644 618]] , [[644 623]]
[[469 698]] , [[470 697]]
[[469 700]] , [[470 699]]
[[468 534]] , [[468 539]]
[[466 660]] , [[466 669]]
[[469 700]] , [[470 699]]
[[646 632]] , [[646 633]]
[[291 702]] , [[290 703]]
[[474 514]] , [[474 517]]
[[448 512]] , [[448 513]]
[[374 516]] , [[374 523]]
[[472 540]] , [[472 541]]
[[465 654]] , [[464 655]]
[[644 634]] , [[644 653]]
[[374 516]] , [[374 521]]
[[825 524]] , [[826 523]]
[[375 516]] , [[375 520]]
[[480 518]] , [[480 523]]
[[478 534]] , [[478 535]]
[[378 515]] , [[378 520]]
[[675 924]] , [[675 925]]
[[286 546]] , [[286 549]]
[[478 534]] , [[478 535]]
[[792 514]] , [[792 515]]
[[468 646]] , [[468 651]]
[[478 536]] , [[478 543]]
[[470 812]] , [[470 813]]
[[652 616]] , [[652 617]]
[[656 773]] , [[656 777]]
[[654 618]] , [[654 635]]
[[470 644]] , [[470 651]]
[[320 530]] , [[320 535]]
[[306 540]] , [[306 549]]
[[662 699]] , [[663 698]]
[[292 700]] , [[292 709]]
[[470 644]] , [[470 651]]
[[306 540]] , [[306 549]]
[[480 536]] , [[480 537]]
[[855 554]] , [[855 558]]
[[480 536]] , [[480 537]]
[[486 766]] , [[486 771]]
[[306 540]] , [[306 549]]
[[306 540]] , [[306 549]]
[[470 638]] , [[470 641]]
[[656 630]] , [[656 637]]
[[470 638]] , [[470 639]]
[[288 558]] , [[288 560]]
[[828 544]] , [[828 549]]
[[284 550]] , [[284 561]]
[[851 578]] , [[852 577]]
[[841 684]] , [[842 683]]
[[756 516]] , [[756 517]]
[[844 532]] , [[844 539]]
[[844 532]] , [[844 539]]
[[838 692]] , [[838 697]]
[[842 708]] , [[842 719]]
[[768 712]] , [[768 717]]
[[814 514]] , [[814 515]]
[[851 559]] , [[852 558]]
[[306 542]] , [[306 547]]
[[520 520]] , [[520 525]]
[[766 515]] , [[765 516]]
[[789 514]] , [[788 515]]
[[773 136]] , [[773 143]]
[[476 514]] , [[476 519]]
[[476 514]] , [[476 519]]
[[768 514]] , [[768 515]]
[[576 258]] , [[576 262]]
[[576 258]] , [[576 262]]
[[476 514]] , [[476 519]]
[[667 532]] , [[668 531]]
[[817 522]] , [[818 521]]
[[835 528]] , [[836 527]]
[[650 638]] , [[650 639]]
[[832 688]] , [[832 691]]
[[296 698]] , [[296 703]]
[[838 632]] , [[838 637]]
[[817 722]] , [[818 721]]
[[470 686]] , [[470 701]]
[[294 686]] , [[294 691]]
[[320 742]] , [[320 743]]
[[294 716]] , [[294 721]]
[[320 740]] , [[320 741]]
[[467 632]] , [[467 637]]
[[294 674]] , [[294 683]]
[[320 742]] , [[320 743]]
[[678 822]] , [[678 827]]
[[835 874]] , [[836 873]]
[[470 810]] , [[470 813]]
[[836 788]] , [[836 791]]
[[470 810]] , [[470 813]]
[[488 768]] , [[488 781]]
[[292 686]] , [[292 690]]
[[294 692]] , [[294 693]]
[[835 874]] , [[836 873]]
[[488 768]] , [[488 781]]
[[835 858]] , [[836 857]]
[[327 742]] , [[327 743]]
[[836 922]] , [[834 924]]
[[471 865]] , [[471 869]]
[[296 890]] , [[296 894]]
[[658 770]] , [[658 771]]
[[836 922]] , [[834 924]]
[[840 776]] , [[840 779]]
[[296 888]] , [[296 894]]
[[836 924]] , [[836 941]]
[[658 788]] , [[658 789]]
[[658 788]] , [[658 789]]
[[468 798]] , [[468 799]]
[[658 770]] , [[658 771]]
[[468 798]] , [[468 799]]
[[839 820]] , [[840 819]]
[[473 792]] , [[473 794]]
[[839 820]] , [[840 819]]
[[675 924]] , [[675 927]]
[[295 714]] , [[295 721]]
[[658 760]] , [[658 761]]
[[658 760]] , [[658 761]]
[[327 740]] , [[327 741]]
[[840 622]] , [[840 623]]
[[658 760]] , [[658 761]]
[[651 628]] , [[651 635]]
[[316 744]] , [[314 746]]
[[294 702]] , [[293 703]]
[[840 780]] , [[840 783]]
[[838 620]] , [[838 623]]
[[840 780]] , [[840 783]]
[[470 784]] , [[470 789]]
[[470 782]] , [[470 789]]
[[319 748]] , [[319 753]]
[[321 746]] , [[320 747]]
[[843 684]] , [[843 685]]
[[658 786]] , [[658 787]]
[[658 770]] , [[658 779]]
[[468 746]] , [[468 747]]
[[658 786]] , [[658 787]]
[[296 887]] , [[296 892]]
[[650 608]] , [[650 609]]
[[286 548]] , [[286 555]]
[[662 816]] , [[662 821]]
[[834 768]] , [[834 777]]
[[824 698]] , [[824 699]]
[[846 798]] , [[846 799]]
[[840 686]] , [[840 693]]
[[837 768]] , [[837 769]]
[[840 686]] , [[840 693]]
[[838 768]] , [[838 769]]
[[838 768]] , [[838 769]]
[[334 742]] , [[334 743]]
[[843 642]] , [[844 641]]
[[846 616]] , [[846 617]]
[[848 616]] , [[848 617]]
[[837 762]] , [[837 766]]
[[842 616]] , [[842 617]]
[[840 688]] , [[840 695]]
[[840 688]] , [[840 695]]
[[840 616]] , [[840 617]]
[[318 744]] , [[318 746]]
[[810 878]] , [[810 879]]
[[324 744]] , [[323 745]]
[[372 726]] , [[372 727]]
[[504 739]] , [[503 740]]
[[778 886]] , [[778 891]]
[[830 880]] , [[830 887]]
[[486 742]] , [[486 747]]
[[297 715]] , [[297 719]]
[[768 879]] , [[768 881]]
[[520 736]] , [[520 737]]
[[841 882]] , [[841 886]]
[[700 878]] , [[700 881]]
[[289 887]] , [[289 888]]
[[822 866]] , [[821 867]]
[[716 886]] , [[716 891]]
[[304 750]] , [[304 751]]
[[720 878]] , [[720 879]]
[[286 550]] , [[286 564]]
[[306 748]] , [[306 749]]
[[478 732]] , [[478 734]]
[[546 738]] , [[546 743]]
[[806 718]] , [[806 723]]
[[656 738]] , [[656 739]]
[[830 710]] , [[830 715]]
[[456 734]] , [[456 735]]
[[456 736]] , [[456 745]]
[[647 736]] , [[647 737]]
[[848 580]] , [[848 581]]
[[462 736]] , [[462 737]]
[[840 678]] , [[840 679]]
[[650 638]] , [[650 649]]
[[838 690]] , [[838 693]]
[[464 734]] , [[464 735]]
[[836 676]] , [[836 679]]
[[500 741]] , [[499 742]]
[[647 694]] , [[647 699]]
[[834 688]] , [[834 689]]
[[834 776]] , [[834 785]]
[[834 808]] , [[834 831]]
[[814 716]] , [[814 721]]
[[810 862]] , [[810 863]]
[[719 720]] , [[719 724]]
[[674 854]] , [[674 863]]
[[835 762]] , [[835 768]]
[[830 762]] , [[830 766]]
[[316 750]] , [[316 755]]
[[836 766]] , [[836 785]]
[[688 722]] , [[688 727]]
[[456 746]] , [[456 751]]
[[822 706]] , [[822 711]]
[[808 862]] , [[808 863]]
[[808 884]] , [[808 889]]
[[828 860]] , [[828 861]]
[[814 714]] , [[814 715]]
[[648 602]] , [[648 603]]
[[378 513]] , [[378 517]]
[[286 554]] , [[286 561]]
[[465 555]] , [[464 556]]
[[762 712]] , [[762 723]]
[[282 554]] , [[282 561]]
[[646 656]] , [[646 663]]
[[786 510]] , [[785 511]]
[[288 547]] , [[288 551]]
[[462 550]] , [[462 551]]
[[646 612]] , [[646 617]]
[[831 734]] , [[832 733]]
[[833 736]] , [[834 735]]
[[835 760]] , [[836 759]]
[[376 513]] , [[376 519]]
[[663 530]] , [[664 529]]
[[833 538]] , [[834 537]]
[[282 552]] , [[282 559]]
[[286 550]] , [[286 551]]
[[467 690]] , [[468 689]]
[[282 550]] , [[282 563]]
[[471 538]] , [[471 541]]
[[304 544]] , [[304 549]]
[[284 632]] , [[284 639]]
[[288 673]] , [[288 677]]
[[286 550]] , [[285 551]]
[[461 662]] , [[461 663]]
[[304 544]] , [[304 551]]
[[646 632]] , [[646 639]]
[[433 866]] , [[434 865]]
[[404 860]] , [[404 885]]
[[776 566]] , [[776 570]]
[[430 858]] , [[430 859]]
[[642 862]] , [[642 863]]
[[374 859]] , [[373 860]]
[[543 856]] , [[542 857]]
[[642 862]] , [[642 863]]
[[543 856]] , [[542 857]]
[[524 858]] , [[524 859]]
[[642 862]] , [[642 863]]
[[521 860]] , [[520 861]]
[[542 859]] , [[541 860]]
[[628 862]] , [[628 867]]
[[230 862]] , [[230 866]]
[[534 858]] , [[533 859]]
[[428 860]] , [[428 861]]
[[428 860]] , [[428 861]]
[[212 924]] , [[212 925]]
[[319 874]] , [[320 873]]
[[444 860]] , [[444 861]]
[[300 862]] , [[300 863]]
[[528 858]] , [[528 859]]
[[228 862]] , [[228 867]]
[[374 944]] , [[374 949]]
[[372 938]] , [[372 943]]
[[366 868]] , [[366 873]]
[[196 958]] , [[196 963]]
[[ 510 1018]] , [[ 510 1021]]
[[204 966]] , [[204 967]]
[[ 742 1030]] , [[ 742 1031]]
[[206 966]] , [[206 973]]
[[198 962]] , [[198 965]]
[[190 990]] , [[190 995]]
[[182 938]] , [[182 947]]
[[206 952]] , [[206 957]]
[[182 942]] , [[182 953]]
[[208 922]] , [[208 929]]
[[188 918]] , [[188 925]]
[[216 896]] , [[216 901]]
[[188 918]] , [[188 925]]
[[214 896]] , [[214 897]]
[[284 862]] , [[284 865]]
[[178 918]] , [[178 925]]
[[303 872]] , [[304 871]]
[[286 862]] , [[286 865]]
[[200 894]] , [[200 895]]
[[282 862]] , [[280 864]]
[[206 894]] , [[206 895]]
[[732 874]] , [[732 879]]
[[734 884]] , [[734 889]]
[[178 926]] , [[178 931]]
[[198 922]] , [[198 927]]
[[285 862]] , [[284 863]]
[[250 894]] , [[250 899]]
[[210 896]] , [[210 907]]
[[556 862]] , [[556 863]]
[[290 863]] , [[290 865]]
[[292 864]] , [[292 873]]
[[430 860]] , [[430 861]]
[[754 874]] , [[754 895]]
[[210 900]] , [[210 903]]
[[756 872]] , [[756 873]]
[[224 878]] , [[224 889]]
[[730 896]] , [[730 902]]
[[210 900]] , [[210 903]]
[[210 900]] , [[210 903]]
[[210 900]] , [[210 903]]
[[232 886]] , [[232 891]]
[[260 894]] , [[260 899]]
[[289 862]] , [[288 863]]
[[236 886]] , [[236 891]]
[[734 912]] , [[734 927]]
[[234 886]] , [[234 891]]
[[234 886]] , [[234 891]]
[[236 894]] , [[236 899]]
[[234 886]] , [[234 891]]
[[212 910]] , [[212 913]]
[[572 862]] , [[572 865]]
[[234 872]] , [[234 877]]
[[218 906]] , [[218 911]]
[[578 862]] , [[578 863]]
[[296 862]] , [[294 864]]
[[580 862]] , [[580 863]]
[[580 862]] , [[580 863]]
[[280 872]] , [[280 877]]
[[192 944]] , [[192 949]]
[[303 868]] , [[304 867]]
[[586 862]] , [[586 883]]
[[190 936]] , [[190 943]]
[[242 880]] , [[242 887]]
[[204 920]] , [[204 927]]
[[242 870]] , [[242 875]]
[[190 936]] , [[190 943]]
[[214 942]] , [[214 949]]
[[190 932]] , [[190 941]]
[[220 922]] , [[220 945]]
[[206 988]] , [[206 989]]
[[218 968]] , [[218 981]]
[[216 982]] , [[216 987]]
[[194 958]] , [[194 965]]
[[216 958]] , [[216 963]]
[[194 958]] , [[194 965]]
[[194 958]] , [[194 965]]
[[400 860]] , [[400 861]]
[[302 874]] , [[302 881]]
[[218 952]] , [[218 955]]
[[242 864]] , [[242 867]]
[[624 862]] , [[624 863]]
[[618 862]] , [[618 863]]
[[380 874]] , [[380 879]]
[[530 860]] , [[529 861]]
[[534 860]] , [[533 861]]
[[1018  793]] , [[1018  799]]
[[538 860]] , [[538 861]]
[[238 898]] , [[238 903]]
[[297 864]] , [[295 866]]
[[1018  794]] , [[1018  799]]
[[470 862]] , [[470 863]]
[[310 864]] , [[308 866]]
[[472 862]] , [[472 863]]
[[384 864]] , [[384 865]]
[[336 864]] , [[335 865]]
[[435 878]] , [[436 877]]
[[739 882]] , [[740 881]]
[[739 882]] , [[740 881]]
[[739 882]] , [[740 881]]
[[190 924]] , [[190 933]]
[[538 862]] , [[537 863]]
[[186 870]] , [[186 879]]
[[208 932]] , [[208 943]]
[[246 894]] , [[246 899]]
[[696 868]] , [[696 871]]
[[680 868]] , [[680 869]]
[[680 868]] , [[680 869]]
[[214 938]] , [[214 943]]
[[192 924]] , [[192 935]]
[[393 863]] , [[392 864]]
[[274 880]] , [[274 885]]
[[274 880]] , [[274 885]]
[[274 880]] , [[274 893]]
[[274 880]] , [[274 893]]
[[192 924]] , [[192 929]]
[[190 912]] , [[190 917]]
[[220 912]] , [[220 919]]
[[202 904]] , [[202 907]]
[[704 868]] , [[704 869]]
[[192 924]] , [[192 933]]
[[539 862]] , [[538 863]]
[[264 896]] , [[264 901]]
[[402 864]] , [[402 865]]
[[220 910]] , [[220 919]]
[[739 880]] , [[740 879]]
[[272 866]] , [[272 877]]
[[272 866]] , [[272 877]]
[[692 872]] , [[692 873]]
[[220 865]] , [[220 871]]
[[692 872]] , [[692 873]]
[[268 866]] , [[268 871]]
[[191 907]] , [[190 908]]
[[739 882]] , [[740 881]]
[[739 882]] , [[740 881]]
[[694 870]] , [[694 873]]
[[737 882]] , [[738 881]]
[[390 864]] , [[390 867]]
[[538 862]] , [[538 863]]
[[534 864]] , [[534 865]]
[[310 868]] , [[310 869]]
[[702 872]] , [[702 873]]
[[311 868]] , [[310 869]]
[[268 870]] , [[268 875]]
[[312 868]] , [[311 869]]
[[274 886]] , [[274 887]]
[[710 872]] , [[710 875]]
[[191 908]] , [[190 909]]
[[ 217 1006]] , [[ 218 1005]]
[[215 980]] , [[216 979]]
[[270 884]] , [[270 893]]
[[217 944]] , [[218 943]]
[[216 932]] , [[216 943]]
[[682 876]] , [[682 877]]
[[674 870]] , [[674 871]]
[[522 865]] , [[521 866]]
[[560 862]] , [[560 863]]
[[174 906]] , [[174 917]]
[[ 195 1016]] , [[ 196 1015]]
[[194 906]] , [[194 917]]
[[258 872]] , [[258 881]]
[[178 942]] , [[178 946]]
[[174 894]] , [[174 911]]
[[192 904]] , [[192 927]]
[[424 858]] , [[424 862]]
[[330 852]] , [[330 853]]
[[420 856]] , [[420 858]]
[[175 856]] , [[175 861]]
[[528 852]] , [[528 853]]
[[640 856]] , [[640 857]]
[[528 852]] , [[528 853]]
[[321 854]] , [[319 856]]
[[524 852]] , [[524 853]]
[[480 852]] , [[480 853]]
[[325 854]] , [[323 856]]
[[220 888]] , [[220 893]]
[[270 886]] , [[270 891]]
[[374 974]] , [[374 983]]
[[191 962]] , [[192 961]]
[[190 934]] , [[190 943]]
[[190 934]] , [[190 943]]
[[176 910]] , [[176 918]]
[[236 856]] , [[236 861]]
[[287 856]] , [[287 857]]
[[570 854]] , [[570 855]]
[[566 854]] , [[566 855]]
[[175 894]] , [[174 895]]
[[175 894]] , [[174 895]]
[[208 930]] , [[208 941]]
[[192 934]] , [[192 943]]
[[192 934]] , [[192 943]]
[[200 946]] , [[200 947]]
[[226 888]] , [[226 893]]
[[378 854]] , [[378 855]]
[[382 854]] , [[382 855]]
[[329 872]] , [[330 871]]
[[538 912]] , [[538 916]]
[[174 896]] , [[174 903]]
[[384 854]] , [[384 855]]
[[200 920]] , [[200 927]]
[[175 896]] , [[174 897]]
[[176 922]] , [[176 927]]
[[175 894]] , [[175 897]]
[[176 922]] , [[176 928]]
[[254 862]] , [[254 871]]
[[724 848]] , [[723 849]]
[[742 846]] , [[741 847]]
[[529 865]] , [[530 864]]
[[525 865]] , [[526 864]]
[[738 850]] , [[737 851]]
[[740 850]] , [[740 851]]
[[175 898]] , [[175 899]]
[[502 858]] , [[502 859]]
[[400 858]] , [[400 859]]
[[400 858]] , [[400 859]]
[[214 874]] , [[214 879]]
[[736 852]] , [[736 853]]
[[400 858]] , [[400 859]]
[[488 858]] , [[488 859]]
[[740 852]] , [[740 853]]
[[740 852]] , [[740 853]]
[[526 858]] , [[526 859]]
[[723 870]] , [[724 869]]
[[740 852]] , [[740 853]]
[[740 852]] , [[740 853]]
[[308 860]] , [[307 861]]
[[396 859]] , [[395 860]]
[[515 858]] , [[513 860]]
[[514 858]] , [[513 859]]
[[516 858]] , [[516 859]]
[[516 858]] , [[516 859]]
[[516 858]] , [[516 859]]
[[516 858]] , [[516 859]]
[[516 858]] , [[516 859]]
[[723 870]] , [[724 869]]
[[534 858]] , [[534 859]]
[[742 852]] , [[741 853]]
[[742 852]] , [[741 853]]
[[538 858]] , [[537 859]]
[[725 870]] , [[726 869]]
[[744 858]] , [[743 859]]
[[300 878]] , [[300 879]]
[[740 876]] , [[739 877]]
[[218 920]] , [[218 925]]
[[754 868]] , [[754 869]]
[[540 870]] , [[540 871]]
[[667 885]] , [[668 884]]
[[752 858]] , [[752 859]]
[[510 862]] , [[510 863]]
[[742 856]] , [[741 857]]
[[742 856]] , [[741 857]]
[[516 862]] , [[516 863]]
[[414 862]] , [[414 863]]
[[756 856]] , [[755 857]]
[[752 856]] , [[751 857]]
[[268 884]] , [[268 891]]
[[342 862]] , [[341 863]]
[[550 862]] , [[550 863]]
[[551 862]] , [[549 864]]
[[342 862]] , [[342 863]]
[[554 862]] , [[554 863]]
[[292 872]] , [[292 875]]
[[576 864]] , [[576 865]]
[[264 872]] , [[264 879]]
[[358 866]] , [[358 873]]
[[434 862]] , [[433 863]]
[[588 864]] , [[588 865]]
[[751 884]] , [[752 883]]
[[310 864]] , [[309 865]]
[[379 928]] , [[380 927]]
[[761 930]] , [[762 929]]
[[600 864]] , [[600 865]]
[[ 540 1016]] , [[ 540 1017]]
[[200 984]] , [[200 985]]
[[222 926]] , [[222 931]]
[[222 942]] , [[222 949]]
[[320 864]] , [[320 865]]
[[612 866]] , [[612 889]]
[[342 864]] , [[342 865]]
[[346 864]] , [[346 865]]
[[263 866]] , [[262 867]]
[[347 864]] , [[346 865]]
[[624 868]] , [[624 869]]
[[346 866]] , [[346 867]]
[[350 866]] , [[350 867]]
[[538 862]] , [[538 863]]
[[246 898]] , [[246 904]]
[[302 866]] , [[302 873]]
[[538 864]] , [[537 865]]
[[266 868]] , [[266 873]]
[[320 864]] , [[320 865]]
[[650 868]] , [[650 869]]
[[313 864]] , [[311 866]]
[[310 864]] , [[310 869]]
[[650 866]] , [[650 869]]
[[ 520 1014]] , [[ 520 1015]]
[[650 868]] , [[649 869]]
[[ 370 1020]] , [[ 370 1025]]
[[ 520 1014]] , [[ 520 1015]]
[[248 898]] , [[248 902]]
[[652 868]] , [[652 869]]
[[444 862]] , [[444 863]]
[[310 862]] , [[310 871]]
[[444 862]] , [[444 863]]
[[444 862]] , [[444 863]]
[[654 864]] , [[654 865]]
[[312 862]] , [[312 869]]
[[312 862]] , [[312 869]]
[[248 898]] , [[248 902]]
[[310 862]] , [[310 867]]
[[310 862]] , [[310 869]]
[[310 862]] , [[310 869]]
[[242 898]] , [[242 902]]
[[331 872]] , [[332 871]]
[[646 870]] , [[646 885]]
[[310 870]] , [[310 871]]
[[754 856]] , [[754 863]]
[[ 524 1008]] , [[ 524 1009]]
[[430 868]] , [[430 869]]
[[ 746 1024]] , [[ 746 1025]]
[[324 862]] , [[324 867]]
[[602 860]] , [[602 861]]
[[ 502 1014]] , [[ 502 1021]]
[[384 862]] , [[384 863]]
[[414 862]] , [[413 863]]
[[382 864]] , [[381 865]]
[[202 984]] , [[202 991]]
[[181 992]] , [[181 999]]
[[734 858]] , [[734 859]]
[[368 860]] , [[368 861]]
[[730 854]] , [[730 855]]
[[540 854]] , [[540 855]]
[[ 204 1026]] , [[ 204 1027]]
[[ 358 1008]] , [[ 358 1009]]
[[192 988]] , [[192 991]]
[[194 986]] , [[194 987]]
[[194 986]] , [[194 987]]
[[192 988]] , [[192 993]]
[[192 988]] , [[192 991]]
[[532 852]] , [[532 853]]
[[244 878]] , [[244 883]]
[[734 848]] , [[734 849]]
[[182 958]] , [[182 967]]
[[323 854]] , [[322 855]]
[[520 854]] , [[520 855]]
[[313 874]] , [[314 873]]
[[526 854]] , [[526 855]]
[[313 876]] , [[314 875]]
[[506 856]] , [[505 857]]
[[721 870]] , [[722 869]]
[[382 856]] , [[382 857]]
[[313 874]] , [[314 873]]
[[738 848]] , [[737 849]]
[[319 854]] , [[318 855]]
[[321 874]] , [[322 873]]
[[317 872]] , [[318 871]]
[[191 968]] , [[191 973]]
[[312 864]] , [[312 869]]
[[524 854]] , [[524 855]]
[[534 856]] , [[534 857]]
[[548 936]] , [[548 945]]
[[ 517 1006]] , [[ 517 1009]]
[[570 855]] , [[569 856]]
[[391 854]] , [[389 856]]
[[391 854]] , [[390 855]]
[[752 932]] , [[752 943]]
[[758 864]] , [[758 867]]
[[318 856]] , [[316 858]]
[[ 526 1006]] , [[ 526 1007]]
[[390 854]] , [[390 855]]
[[388 896]] , [[388 927]]
[[ 516 1010]] , [[ 516 1014]]
[[412 860]] , [[412 861]]
[[306 862]] , [[306 869]]
[[327 880]] , [[328 879]]
[[327 878]] , [[328 877]]
[[313 884]] , [[314 883]]
[[540 862]] , [[540 863]]
[[196 912]] , [[196 919]]
[[321 870]] , [[322 869]]
[[464 860]] , [[463 861]]
[[392 860]] , [[392 861]]
[[356 860]] , [[356 861]]
[[320 860]] , [[320 861]]
[[363 876]] , [[364 875]]
[[355 880]] , [[356 879]]
[[296 862]] , [[296 879]]
[[344 862]] , [[344 869]]
[[666 864]] , [[666 865]]
[[359 876]] , [[360 875]]
[[344 862]] , [[344 871]]
[[359 876]] , [[360 875]]
[[380 862]] , [[380 863]]
