[[161 238]] , [[162 237]]
[[474 520]] , [[474 530]]
[[512 518]] , [[512 525]]
[[744 716]] , [[744 723]]
[[474 520]] , [[474 529]]
[[490 978]] , [[490 989]]
[[851 582]] , [[851 587]]
[[ 490 1008]] , [[ 490 1041]]
[[288 548]] , [[288 549]]
[[ 698 1000]] , [[ 698 1005]]
[[852 580]] , [[852 581]]
[[358 749]] , [[358 753]]
[[304 540]] , [[304 541]]
[[744 716]] , [[743 717]]
[[288 547]] , [[287 548]]
[[768 708]] , [[768 711]]
[[768 708]] , [[768 711]]
[[490 974]] , [[490 991]]
[[763 712]] , [[761 714]]
[[ 698 1000]] , [[ 698 1005]]
[[ 698 1000]] , [[ 698 1003]]
[[700 999]] , [[ 699 1000]]
[[512 518]] , [[512 525]]
[[766 710]] , [[766 711]]
[[766 710]] , [[766 711]]
[[696 980]] , [[696 987]]
[[482 712]] , [[482 717]]
[[359 748]] , [[358 749]]
[[358 748]] , [[358 753]]
[[664 828]] , [[664 841]]
[[678 976]] , [[678 985]]
[[683 994]] , [[684 993]]
[[679 862]] , [[680 861]]
[[674 920]] , [[674 925]]
[[760 712]] , [[759 713]]
[[462 784]] , [[462 791]]
[[357 750]] , [[357 754]]
[[646 723]] , [[646 727]]
[[666 722]] , [[666 727]]
[[666 722]] , [[666 727]]
[[355 750]] , [[355 754]]
[[836 770]] , [[836 831]]
[[656 790]] , [[656 851]]
[[671 858]] , [[672 857]]
[[464 698]] , [[464 703]]
[[484 872]] , [[484 877]]
[[ 703 1018]] , [[ 704 1017]]
[[474 868]] , [[474 872]]
[[482 786]] , [[482 790]]
[[ 703 1018]] , [[ 704 1017]]
[[486 872]] , [[486 877]]
[[674 920]] , [[674 921]]
[[486 872]] , [[486 873]]
[[ 488 1018]] , [[ 488 1019]]
[[354 750]] , [[354 754]]
[[466 860]] , [[466 867]]
[[466 814]] , [[466 849]]
[[671 922]] , [[670 923]]
[[466 857]] , [[466 863]]
[[486 872]] , [[486 873]]
[[466 857]] , [[466 861]]
[[464 862]] , [[464 867]]
[[656 772]] , [[656 781]]
[[483 786]] , [[483 791]]
[[665 868]] , [[666 867]]
[[653 778]] , [[653 783]]
[[468 814]] , [[468 815]]
[[464 862]] , [[464 867]]
[[466 864]] , [[466 873]]
[[480 902]] , [[480 907]]
[[462 784]] , [[462 791]]
[[462 784]] , [[462 791]]
[[654 782]] , [[654 801]]
[[ 693 1611]] , [[ 693 1615]]
[[ 482 1000]] , [[ 482 1005]]
[[ 482 1000]] , [[ 482 1005]]
[[485 872]] , [[484 873]]
[[672 924]] , [[672 935]]
[[462 784]] , [[462 789]]
[[474 894]] , [[474 897]]
[[482 875]] , [[482 879]]
[[482 782]] , [[482 801]]
[[655 780]] , [[654 781]]
[[672 922]] , [[672 923]]
[[656 780]] , [[655 781]]
[[483 874]] , [[482 875]]
[[464 800]] , [[464 817]]
[[ 489 1011]] , [[ 490 1010]]
[[464 664]] , [[464 677]]
[[482 996]] , [[ 482 1003]]
[[466 790]] , [[466 799]]
[[464 800]] , [[464 824]]
[[464 800]] , [[464 824]]
[[ 482 1019]] , [[ 481 1020]]
[[466 792]] , [[466 799]]
[[671 922]] , [[671 923]]
[[671 922]] , [[671 923]]
[[693 984]] , [[694 983]]
[[654 778]] , [[654 785]]
[[671 856]] , [[672 855]]
[[466 806]] , [[466 811]]
[[483 786]] , [[483 791]]
[[483 786]] , [[483 791]]
[[466 806]] , [[466 811]]
[[483 786]] , [[483 791]]
[[468 844]] , [[468 845]]
[[466 802]] , [[466 827]]
[[466 670]] , [[466 675]]
[[650 632]] , [[650 633]]
[[483 799]] , [[483 803]]
[[472 976]] , [[472 981]]
[[466 796]] , [[466 801]]
[[672 920]] , [[672 923]]
[[466 806]] , [[466 840]]
[[483 801]] , [[483 805]]
[[ 781 1611]] , [[ 780 1612]]
[[486 870]] , [[486 871]]
[[ 494 1018]] , [[ 494 1020]]
[[485 790]] , [[485 795]]
[[468 866]] , [[468 871]]
[[672 920]] , [[672 923]]
[[646 616]] , [[646 621]]
[[838 546]] , [[838 547]]
[[648 638]] , [[648 648]]
[[838 732]] , [[838 751]]
[[656 784]] , [[656 797]]
[[650 636]] , [[650 641]]
[[ 838 1016]] , [[ 838 1022]]
[[822 542]] , [[822 546]]
[[656 798]] , [[656 817]]
[[658 786]] , [[658 791]]
[[670 922]] , [[670 931]]
[[670 922]] , [[670 931]]
[[676 948]] , [[676 983]]
[[668 865]] , [[668 867]]
[[ 772 1874]] , [[ 772 1879]]
[[ 496 1030]] , [[ 496 1034]]
[[ 480 1024]] , [[ 479 1025]]
[[684 960]] , [[684 971]]
[[786 710]] , [[786 711]]
[[ 484 1022]] , [[ 484 1023]]
[[ 495 1024]] , [[ 494 1025]]
[[ 901 1874]] , [[ 900 1875]]
[[ 832 1008]] , [[ 832 1018]]
[[ 768 1611]] , [[ 768 1615]]
[[ 828 1010]] , [[ 828 1019]]
[[ 773 1611]] , [[ 773 1615]]
[[ 778 1612]] , [[ 778 1617]]
[[764 710]] , [[764 711]]
[[470 870]] , [[470 879]]
[[702 722]] , [[702 727]]
[[472 878]] , [[472 883]]
[[856 580]] , [[856 587]]
[[468 752]] , [[468 756]]
[[848 558]] , [[848 559]]
[[290 714]] , [[290 719]]
[[480 534]] , [[480 535]]
[[832 942]] , [[832 959]]
[[820 864]] , [[820 865]]
[[ 803 1611]] , [[ 803 1615]]
[[832 944]] , [[832 955]]
[[ 682 1009]] , [[ 682 1011]]
[[839 940]] , [[839 943]]
[[ 883 1875]] , [[ 883 1879]]
[[ 681 1008]] , [[ 680 1009]]
[[ 810 1876]] , [[ 810 1881]]
[[ 472 1034]] , [[ 472 1037]]
[[ 488 1020]] , [[ 488 1025]]
[[838 920]] , [[838 923]]
[[ 302 1048]] , [[ 302 1053]]
[[838 924]] , [[838 927]]
[[672 928]] , [[672 961]]
[[654 776]] , [[654 780]]
[[838 926]] , [[838 927]]
[[656 782]] , [[656 783]]
[[674 932]] , [[674 943]]
[[466 828]] , [[466 843]]
[[ 486 1016]] , [[ 486 1021]]
[[838 926]] , [[838 927]]
[[ 486 1006]] , [[ 486 1011]]
[[ 497 1028]] , [[ 497 1033]]
[[839 924]] , [[839 925]]
[[835 970]] , [[836 969]]
[[ 486 1016]] , [[ 486 1021]]
[[838 926]] , [[838 929]]
[[ 887 1874]] , [[ 886 1875]]
[[ 304 1044]] , [[ 304 1045]]
[[674 928]] , [[674 931]]
[[468 809]] , [[468 813]]
[[ 486 1020]] , [[ 485 1021]]
[[ 486 1003]] , [[ 486 1009]]
[[ 486 1003]] , [[ 486 1009]]
[[838 922]] , [[838 926]]
[[ 486 1021]] , [[ 485 1022]]
[[839 922]] , [[839 926]]
[[ 498 1000]] , [[ 498 1009]]
[[338 886]] , [[338 893]]
[[839 922]] , [[839 926]]
[[343 897]] , [[343 904]]
[[ 304 1046]] , [[ 304 1053]]
[[834 928]] , [[834 935]]
[[ 936 1873]] , [[ 936 1879]]
[[834 928]] , [[834 935]]
[[ 916 1874]] , [[ 916 1878]]
[[ 926 1874]] , [[ 926 1875]]
[[ 702 1877]] , [[ 702 1881]]
[[ 304 1046]] , [[ 304 1051]]
[[ 496 1012]] , [[ 496 1013]]
[[485 774]] , [[485 779]]
[[485 774]] , [[485 782]]
[[838 928]] , [[838 929]]
[[838 928]] , [[838 929]]
[[658 806]] , [[658 815]]
[[682 990]] , [[ 682 1003]]
[[ 816 1612]] , [[ 816 1617]]
[[660 816]] , [[660 821]]
[[834 796]] , [[834 799]]
[[662 846]] , [[662 853]]
[[304 748]] , [[304 752]]
[[834 794]] , [[834 797]]
[[486 990]] , [[486 995]]
[[836 936]] , [[836 943]]
[[761 713]] , [[760 714]]
[[ 686 1010]] , [[ 686 1011]]
[[ 480 1010]] , [[ 480 1015]]
[[838 966]] , [[838 971]]
[[837 564]] , [[836 565]]
[[784 710]] , [[784 715]]
[[822 704]] , [[822 705]]
[[ 710 1016]] , [[ 710 1025]]
[[ 739 1611]] , [[ 739 1615]]
[[ 770 1612]] , [[ 770 1616]]
[[ 496 1028]] , [[ 496 1035]]
[[ 423 1619]] , [[ 423 1623]]
[[ 702 1004]] , [[ 702 1005]]
[[ 479 1014]] , [[ 478 1015]]
[[ 832 1012]] , [[ 830 1014]]
[[ 494 1024]] , [[ 494 1029]]
[[678 977]] , [[678 981]]
[[466 864]] , [[466 879]]
[[ 480 1021]] , [[ 479 1022]]
[[ 494 1021]] , [[ 494 1025]]
[[838 556]] , [[838 557]]
[[472 842]] , [[472 853]]
[[464 672]] , [[464 685]]
[[470 842]] , [[470 849]]
[[652 784]] , [[652 791]]
[[670 926]] , [[670 927]]
[[483 792]] , [[483 793]]
[[680 856]] , [[680 858]]
[[ 816 1875]] , [[ 816 1881]]
[[ 800 1873]] , [[ 800 1877]]
[[478 866]] , [[478 871]]
[[ 848 1616]] , [[ 848 1621]]
[[672 928]] , [[672 931]]
[[487 974]] , [[487 975]]
[[483 876]] , [[483 880]]
[[672 924]] , [[672 933]]
[[483 792]] , [[483 794]]
[[464 801]] , [[464 815]]
[[678 858]] , [[678 867]]
[[470 856]] , [[470 861]]
[[483 792]] , [[483 799]]
[[483 792]] , [[483 794]]
[[464 798]] , [[464 849]]
[[650 770]] , [[650 775]]
[[481 768]] , [[481 770]]
[[650 770]] , [[650 775]]
[[464 640]] , [[464 641]]
[[464 802]] , [[464 849]]
[[464 640]] , [[464 641]]
[[464 640]] , [[464 641]]
[[464 640]] , [[464 641]]
[[480 768]] , [[480 779]]
[[646 624]] , [[646 627]]
[[650 780]] , [[650 783]]
[[282 546]] , [[282 547]]
[[462 721]] , [[462 725]]
[[482 794]] , [[482 799]]
[[671 932]] , [[671 936]]
[[465 814]] , [[465 816]]
[[483 794]] , [[482 795]]
[[482 858]] , [[482 863]]
[[ 816 1613]] , [[ 816 1617]]
[[482 858]] , [[482 863]]
[[482 858]] , [[482 863]]
[[464 640]] , [[464 645]]
[[482 858]] , [[482 863]]
[[652 784]] , [[652 791]]
[[466 846]] , [[466 851]]
[[670 924]] , [[670 929]]
[[672 938]] , [[672 945]]
[[466 852]] , [[466 859]]
[[730 874]] , [[730 893]]
[[652 784]] , [[652 791]]
[[464 644]] , [[464 647]]
[[464 644]] , [[464 647]]
[[466 826]] , [[466 829]]
[[652 784]] , [[652 791]]
[[672 924]] , [[672 933]]
[[466 813]] , [[466 823]]
[[672 938]] , [[672 944]]
[[466 826]] , [[466 829]]
[[457 654]] , [[457 658]]
[[650 782]] , [[650 807]]
[[646 628]] , [[646 629]]
[[650 780]] , [[650 807]]
[[672 938]] , [[672 942]]
[[458 710]] , [[458 717]]
[[730 876]] , [[730 893]]
[[672 934]] , [[672 935]]
[[ 805 1609]] , [[ 804 1610]]
[[470 862]] , [[470 863]]
[[ 486 1002]] , [[ 486 1005]]
[[ 486 1002]] , [[ 486 1015]]
[[ 779 1610]] , [[ 778 1611]]
[[ 791 1611]] , [[ 791 1615]]
[[464 801]] , [[464 805]]
[[466 660]] , [[466 667]]
[[478 870]] , [[478 879]]
[[674 946]] , [[674 947]]
[[ 786 1614]] , [[ 786 1618]]
[[ 487 1011]] , [[ 487 1015]]
[[464 807]] , [[464 813]]
[[467 642]] , [[467 645]]
[[465 630]] , [[465 631]]
[[654 780]] , [[654 781]]
[[486 802]] , [[486 807]]
[[654 780]] , [[654 809]]
[[ 688 1880]] , [[ 688 1885]]
[[675 924]] , [[675 925]]
[[484 854]] , [[484 859]]
[[658 776]] , [[658 781]]
[[672 924]] , [[672 943]]
[[470 812]] , [[470 813]]
[[ 784 1874]] , [[ 784 1878]]
[[489 814]] , [[489 818]]
[[ 494 1022]] , [[ 495 1021]]
[[468 802]] , [[468 817]]
[[444 897]] , [[444 901]]
[[656 782]] , [[656 783]]
[[674 922]] , [[674 929]]
[[674 922]] , [[674 929]]
[[ 800 1610]] , [[ 799 1611]]
[[ 804 1610]] , [[ 803 1611]]
[[468 800]] , [[468 805]]
[[472 850]] , [[472 851]]
[[674 922]] , [[674 957]]
[[484 778]] , [[484 783]]
[[674 922]] , [[674 925]]
[[658 798]] , [[658 805]]
[[469 802]] , [[469 803]]
[[472 852]] , [[472 853]]
[[472 852]] , [[472 853]]
[[833 798]] , [[833 805]]
[[470 798]] , [[470 799]]
[[656 770]] , [[656 795]]
[[468 800]] , [[468 821]]
[[478 708]] , [[478 717]]
[[656 768]] , [[656 785]]
[[656 768]] , [[656 785]]
[[488 800]] , [[488 811]]
[[656 782]] , [[656 795]]
[[844 862]] , [[844 863]]
[[846 864]] , [[846 879]]
[[ 496 1002]] , [[ 496 1007]]
[[664 824]] , [[664 839]]
[[668 832]] , [[668 841]]
[[686 976]] , [[686 993]]
[[702 720]] , [[702 731]]
[[704 988]] , [[704 992]]
[[791 706]] , [[790 707]]
[[480 529]] , [[480 531]]
[[806 704]] , [[805 705]]
[[814 514]] , [[814 515]]
[[306 536]] , [[306 537]]
[[306 536]] , [[306 537]]
[[718 723]] , [[718 727]]
[[480 528]] , [[479 529]]
[[286 546]] , [[286 548]]
[[480 529]] , [[480 531]]
[[294 698]] , [[294 703]]
[[477 534]] , [[477 535]]
[[794 514]] , [[793 515]]
[[477 534]] , [[477 535]]
[[464 723]] , [[463 724]]
[[296 708]] , [[296 709]]
[[722 720]] , [[722 721]]
[[838 938]] , [[838 943]]
[[ 680 1016]] , [[ 680 1022]]
[[ 480 1014]] , [[ 480 1019]]
[[480 998]] , [[ 480 1009]]
[[494 980]] , [[494 991]]
[[ 496 1002]] , [[ 496 1005]]
[[841 978]] , [[842 977]]
[[838 926]] , [[838 931]]
[[838 926]] , [[838 939]]
[[838 924]] , [[838 939]]
[[841 978]] , [[842 977]]
[[841 962]] , [[842 961]]
[[841 978]] , [[842 977]]
[[ 702 1612]] , [[ 702 1616]]
[[ 474 1001]] , [[ 474 1005]]
[[ 494 1016]] , [[ 494 1021]]
[[ 486 1020]] , [[ 486 1021]]
[[ 305 1048]] , [[ 303 1050]]
[[840 926]] , [[840 927]]
[[473 894]] , [[472 895]]
[[841 980]] , [[842 979]]
[[482 992]] , [[482 994]]
[[673 928]] , [[673 935]]
[[ 307 1047]] , [[ 306 1048]]
[[838 922]] , [[837 923]]
[[ 669 1612]] , [[ 668 1613]]
[[ 304 1048]] , [[ 304 1053]]
[[ 722 1611]] , [[ 722 1615]]
[[ 474 1000]] , [[ 474 1009]]
[[ 634 1878]] , [[ 634 1879]]
[[ 502 1018]] , [[ 502 1023]]
[[ 758 1875]] , [[ 757 1876]]
[[ 614 1878]] , [[ 613 1879]]
[[ 788 1611]] , [[ 788 1615]]
[[ 788 1611]] , [[ 788 1615]]
[[ 496 1013]] , [[ 496 1017]]
[[498 993]] , [[498 999]]
[[ 803 1610]] , [[ 802 1611]]
[[ 472 1000]] , [[ 472 1007]]
[[ 297 1044]] , [[ 296 1045]]
[[498 992]] , [[498 999]]
[[ 948 1876]] , [[ 948 1881]]
[[470 832]] , [[470 833]]
[[675 924]] , [[675 927]]
[[836 926]] , [[836 927]]
[[675 924]] , [[675 927]]
[[839 820]] , [[840 819]]
[[675 924]] , [[675 927]]
[[470 830]] , [[470 831]]
[[470 830]] , [[470 831]]
[[470 830]] , [[470 831]]
[[674 924]] , [[674 941]]
[[470 830]] , [[470 831]]
[[ 310 1040]] , [[ 310 1051]]
[[ 482 1022]] , [[ 482 1023]]
[[840 924]] , [[840 925]]
[[338 897]] , [[338 901]]
[[676 932]] , [[676 941]]
[[682 968]] , [[682 983]]
[[ 495 1036]] , [[ 496 1035]]
[[320 905]] , [[320 910]]
[[840 926]] , [[840 927]]
[[ 480 1000]] , [[ 480 1009]]
[[ 302 1026]] , [[ 302 1029]]
[[660 816]] , [[660 831]]
[[310 903]] , [[310 907]]
[[ 802 1610]] , [[ 802 1615]]
[[ 682 1002]] , [[ 682 1007]]
[[812 886]] , [[812 887]]
[[ 474 1022]] , [[ 474 1023]]
[[320 905]] , [[319 906]]
[[ 712 1611]] , [[ 712 1615]]
[[ 490 1019]] , [[ 490 1021]]
[[ 714 1612]] , [[ 714 1616]]
[[ 299 1044]] , [[ 300 1043]]
[[ 307 1027]] , [[ 307 1029]]
[[ 689 1018]] , [[ 690 1017]]
[[ 689 1018]] , [[ 690 1017]]
[[838 926]] , [[838 945]]
[[ 699 1024]] , [[ 700 1023]]
[[318 904]] , [[318 910]]
[[662 892]] , [[662 897]]
[[297 981]] , [[296 982]]
[[316 903]] , [[316 905]]
[[ 682 1016]] , [[ 682 1022]]
[[ 710 1020]] , [[ 710 1027]]
[[ 695 1024]] , [[ 696 1023]]
[[ 486 1000]] , [[ 486 1001]]
[[ 690 1008]] , [[ 690 1009]]
[[ 296 1022]] , [[ 296 1029]]
[[ 303 1049]] , [[ 304 1048]]
[[ 840 1002]] , [[ 840 1003]]
[[311 903]] , [[311 907]]
[[ 502 1018]] , [[ 502 1023]]
[[ 704 1004]] , [[ 704 1005]]
[[ 704 1002]] , [[ 704 1003]]
[[ 699 1022]] , [[ 700 1021]]
[[688 988]] , [[688 991]]
[[ 482 1004]] , [[ 482 1005]]
[[ 493 1013]] , [[ 493 1017]]
[[ 705 1012]] , [[ 706 1011]]
[[ 300 1020]] , [[ 300 1025]]
[[750 880]] , [[750 887]]
[[ 480 1022]] , [[ 480 1025]]
[[744 880]] , [[744 885]]
[[846 964]] , [[846 965]]
[[740 880]] , [[740 885]]
[[ 842 1016]] , [[ 842 1023]]
[[314 744]] , [[314 749]]
[[822 864]] , [[822 866]]
[[662 846]] , [[662 857]]
[[832 858]] , [[832 863]]
[[840 748]] , [[840 749]]
[[356 884]] , [[356 885]]
[[662 853]] , [[660 855]]
[[339 744]] , [[339 749]]
[[830 832]] , [[830 841]]
[[662 830]] , [[662 845]]
[[844 832]] , [[844 837]]
[[662 859]] , [[661 860]]
[[660 820]] , [[660 831]]
[[828 834]] , [[828 847]]
[[666 872]] , [[666 874]]
[[ 477 1036]] , [[ 478 1035]]
[[832 916]] , [[832 917]]
[[ 480 1018]] , [[ 480 1023]]
[[462 894]] , [[462 899]]
[[472 952]] , [[472 959]]
[[488 944]] , [[488 949]]
[[832 910]] , [[832 915]]
[[456 896]] , [[456 901]]
[[830 910]] , [[830 915]]
[[832 880]] , [[832 885]]
[[830 928]] , [[830 945]]
[[835 912]] , [[835 917]]
[[ 496 1018]] , [[ 496 1023]]
[[ 736 1874]] , [[ 735 1875]]
[[ 497 1025]] , [[ 496 1026]]
[[838 958]] , [[838 959]]
[[838 766]] , [[838 783]]
[[803 876]] , [[804 875]]
[[802 864]] , [[802 865]]
[[842 928]] , [[842 933]]
[[812 886]] , [[812 891]]
[[828 874]] , [[828 879]]
[[672 928]] , [[672 933]]
[[648 714]] , [[648 715]]
[[662 860]] , [[662 873]]
[[787 874]] , [[786 875]]
[[ 482 1020]] , [[ 482 1025]]
[[518 896]] , [[518 901]]
[[662 814]] , [[662 829]]
[[520 896]] , [[520 901]]
[[662 866]] , [[662 873]]
[[674 944]] , [[674 953]]
[[656 806]] , [[656 839]]
[[680 958]] , [[680 959]]
[[470 872]] , [[470 879]]
[[ 802 1610]] , [[ 801 1611]]
[[616 894]] , [[616 899]]
[[468 846]] , [[468 879]]
[[672 924]] , [[672 963]]
[[ 482 1004]] , [[ 482 1019]]
[[ 493 1026]] , [[ 494 1025]]
[[672 924]] , [[672 947]]
[[ 487 1014]] , [[ 488 1013]]
[[478 858]] , [[478 863]]
[[ 775 1610]] , [[ 774 1611]]
[[474 520]] , [[474 530]]
[[512 518]] , [[512 525]]
[[744 716]] , [[744 723]]
[[474 520]] , [[474 529]]
[[490 978]] , [[490 989]]
[[851 582]] , [[851 587]]
[[ 490 1008]] , [[ 490 1041]]
[[288 548]] , [[288 549]]
[[ 698 1000]] , [[ 698 1005]]
[[852 580]] , [[852 581]]
[[358 749]] , [[358 753]]
[[304 540]] , [[304 541]]
[[744 716]] , [[743 717]]
[[288 547]] , [[287 548]]
[[768 708]] , [[768 711]]
[[768 708]] , [[768 711]]
[[490 974]] , [[490 991]]
[[763 712]] , [[761 714]]
[[ 698 1000]] , [[ 698 1005]]
[[ 698 1000]] , [[ 698 1003]]
[[700 999]] , [[ 699 1000]]
[[512 518]] , [[512 525]]
[[766 710]] , [[766 711]]
[[766 710]] , [[766 711]]
[[696 980]] , [[696 987]]
[[482 712]] , [[482 717]]
[[359 748]] , [[358 749]]
[[358 748]] , [[358 753]]
[[664 828]] , [[664 841]]
[[678 976]] , [[678 985]]
[[683 994]] , [[684 993]]
[[679 862]] , [[680 861]]
[[674 920]] , [[674 925]]
[[760 712]] , [[759 713]]
[[462 784]] , [[462 791]]
[[357 750]] , [[357 754]]
[[646 723]] , [[646 727]]
[[666 722]] , [[666 727]]
[[666 722]] , [[666 727]]
[[355 750]] , [[355 754]]
[[836 770]] , [[836 831]]
[[656 790]] , [[656 851]]
[[671 858]] , [[672 857]]
[[464 698]] , [[464 703]]
[[484 872]] , [[484 877]]
[[ 703 1018]] , [[ 704 1017]]
[[474 868]] , [[474 872]]
[[482 786]] , [[482 790]]
[[ 703 1018]] , [[ 704 1017]]
[[486 872]] , [[486 877]]
[[674 920]] , [[674 921]]
[[486 872]] , [[486 873]]
[[ 488 1018]] , [[ 488 1019]]
[[354 750]] , [[354 754]]
[[466 860]] , [[466 867]]
[[466 814]] , [[466 849]]
[[671 922]] , [[670 923]]
[[466 857]] , [[466 863]]
[[486 872]] , [[486 873]]
[[466 857]] , [[466 861]]
[[464 862]] , [[464 867]]
[[656 772]] , [[656 781]]
[[483 786]] , [[483 791]]
[[665 868]] , [[666 867]]
[[653 778]] , [[653 783]]
[[468 814]] , [[468 815]]
[[464 862]] , [[464 867]]
[[466 864]] , [[466 873]]
[[480 902]] , [[480 907]]
[[462 784]] , [[462 791]]
[[462 784]] , [[462 791]]
[[654 782]] , [[654 801]]
[[ 693 1611]] , [[ 693 1615]]
[[ 482 1000]] , [[ 482 1005]]
[[ 482 1000]] , [[ 482 1005]]
[[485 872]] , [[484 873]]
[[672 924]] , [[672 935]]
[[462 784]] , [[462 789]]
[[474 894]] , [[474 897]]
[[482 875]] , [[482 879]]
[[482 782]] , [[482 801]]
[[655 780]] , [[654 781]]
[[672 922]] , [[672 923]]
[[656 780]] , [[655 781]]
[[483 874]] , [[482 875]]
[[464 800]] , [[464 817]]
[[ 489 1011]] , [[ 490 1010]]
[[464 664]] , [[464 677]]
[[482 996]] , [[ 482 1003]]
[[466 790]] , [[466 799]]
[[464 800]] , [[464 824]]
[[464 800]] , [[464 824]]
[[ 482 1019]] , [[ 481 1020]]
[[466 792]] , [[466 799]]
[[671 922]] , [[671 923]]
[[671 922]] , [[671 923]]
[[693 984]] , [[694 983]]
[[654 778]] , [[654 785]]
[[671 856]] , [[672 855]]
[[466 806]] , [[466 811]]
[[483 786]] , [[483 791]]
[[483 786]] , [[483 791]]
[[466 806]] , [[466 811]]
[[483 786]] , [[483 791]]
[[468 844]] , [[468 845]]
[[466 802]] , [[466 827]]
[[466 670]] , [[466 675]]
[[650 632]] , [[650 633]]
[[483 799]] , [[483 803]]
[[472 976]] , [[472 981]]
[[466 796]] , [[466 801]]
[[672 920]] , [[672 923]]
[[466 806]] , [[466 840]]
[[483 801]] , [[483 805]]
[[ 781 1611]] , [[ 780 1612]]
[[486 870]] , [[486 871]]
[[ 494 1018]] , [[ 494 1020]]
[[485 790]] , [[485 795]]
[[468 866]] , [[468 871]]
[[672 920]] , [[672 923]]
[[646 616]] , [[646 621]]
[[838 546]] , [[838 547]]
[[648 638]] , [[648 648]]
[[838 732]] , [[838 751]]
[[656 784]] , [[656 797]]
[[650 636]] , [[650 641]]
[[ 838 1016]] , [[ 838 1022]]
[[822 542]] , [[822 546]]
[[656 798]] , [[656 817]]
[[658 786]] , [[658 791]]
[[670 922]] , [[670 931]]
[[670 922]] , [[670 931]]
[[676 948]] , [[676 983]]
[[668 865]] , [[668 867]]
[[ 772 1874]] , [[ 772 1879]]
[[ 496 1030]] , [[ 496 1034]]
[[ 480 1024]] , [[ 479 1025]]
[[684 960]] , [[684 971]]
[[786 710]] , [[786 711]]
[[ 484 1022]] , [[ 484 1023]]
[[ 495 1024]] , [[ 494 1025]]
[[ 901 1874]] , [[ 900 1875]]
[[ 832 1008]] , [[ 832 1018]]
[[ 768 1611]] , [[ 768 1615]]
[[ 828 1010]] , [[ 828 1019]]
[[ 773 1611]] , [[ 773 1615]]
[[ 778 1612]] , [[ 778 1617]]
[[764 710]] , [[764 711]]
[[470 870]] , [[470 879]]
[[702 722]] , [[702 727]]
[[472 878]] , [[472 883]]
[[856 580]] , [[856 587]]
[[468 752]] , [[468 756]]
[[848 558]] , [[848 559]]
[[290 714]] , [[290 719]]
[[480 534]] , [[480 535]]
[[832 942]] , [[832 959]]
[[820 864]] , [[820 865]]
[[ 803 1611]] , [[ 803 1615]]
[[832 944]] , [[832 955]]
[[ 682 1009]] , [[ 682 1011]]
[[839 940]] , [[839 943]]
[[ 883 1875]] , [[ 883 1879]]
[[ 681 1008]] , [[ 680 1009]]
[[ 810 1876]] , [[ 810 1881]]
[[ 472 1034]] , [[ 472 1037]]
[[ 488 1020]] , [[ 488 1025]]
[[838 920]] , [[838 923]]
[[ 302 1048]] , [[ 302 1053]]
[[838 924]] , [[838 927]]
[[672 928]] , [[672 961]]
[[654 776]] , [[654 780]]
[[838 926]] , [[838 927]]
[[656 782]] , [[656 783]]
[[674 932]] , [[674 943]]
[[466 828]] , [[466 843]]
[[ 486 1016]] , [[ 486 1021]]
[[838 926]] , [[838 927]]
[[ 486 1006]] , [[ 486 1011]]
[[ 497 1028]] , [[ 497 1033]]
[[839 924]] , [[839 925]]
[[835 970]] , [[836 969]]
[[ 486 1016]] , [[ 486 1021]]
[[838 926]] , [[838 929]]
[[ 887 1874]] , [[ 886 1875]]
[[ 304 1044]] , [[ 304 1045]]
[[674 928]] , [[674 931]]
[[468 809]] , [[468 813]]
[[ 486 1020]] , [[ 485 1021]]
[[ 486 1003]] , [[ 486 1009]]
[[ 486 1003]] , [[ 486 1009]]
[[838 922]] , [[838 926]]
[[ 486 1021]] , [[ 485 1022]]
[[839 922]] , [[839 926]]
[[ 498 1000]] , [[ 498 1009]]
[[338 886]] , [[338 893]]
[[839 922]] , [[839 926]]
[[343 897]] , [[343 904]]
[[ 304 1046]] , [[ 304 1053]]
[[834 928]] , [[834 935]]
[[ 936 1873]] , [[ 936 1879]]
[[834 928]] , [[834 935]]
[[ 916 1874]] , [[ 916 1878]]
[[ 926 1874]] , [[ 926 1875]]
[[ 702 1877]] , [[ 702 1881]]
[[ 304 1046]] , [[ 304 1051]]
[[ 496 1012]] , [[ 496 1013]]
[[485 774]] , [[485 779]]
[[485 774]] , [[485 782]]
[[838 928]] , [[838 929]]
[[838 928]] , [[838 929]]
[[658 806]] , [[658 815]]
[[682 990]] , [[ 682 1003]]
[[ 816 1612]] , [[ 816 1617]]
[[660 816]] , [[660 821]]
[[834 796]] , [[834 799]]
[[662 846]] , [[662 853]]
[[304 748]] , [[304 752]]
[[834 794]] , [[834 797]]
[[486 990]] , [[486 995]]
[[836 936]] , [[836 943]]
[[761 713]] , [[760 714]]
[[ 686 1010]] , [[ 686 1011]]
[[ 480 1010]] , [[ 480 1015]]
[[838 966]] , [[838 971]]
[[837 564]] , [[836 565]]
[[784 710]] , [[784 715]]
[[822 704]] , [[822 705]]
[[ 710 1016]] , [[ 710 1025]]
[[ 739 1611]] , [[ 739 1615]]
[[ 770 1612]] , [[ 770 1616]]
[[ 496 1028]] , [[ 496 1035]]
[[ 423 1619]] , [[ 423 1623]]
[[ 702 1004]] , [[ 702 1005]]
[[ 479 1014]] , [[ 478 1015]]
[[ 832 1012]] , [[ 830 1014]]
[[ 494 1024]] , [[ 494 1029]]
[[678 977]] , [[678 981]]
[[466 864]] , [[466 879]]
[[ 480 1021]] , [[ 479 1022]]
[[ 494 1021]] , [[ 494 1025]]
[[838 556]] , [[838 557]]
[[472 842]] , [[472 853]]
[[464 672]] , [[464 685]]
[[470 842]] , [[470 849]]
[[652 784]] , [[652 791]]
[[670 926]] , [[670 927]]
[[483 792]] , [[483 793]]
[[680 856]] , [[680 858]]
[[ 816 1875]] , [[ 816 1881]]
[[ 800 1873]] , [[ 800 1877]]
[[478 866]] , [[478 871]]
[[ 848 1616]] , [[ 848 1621]]
[[672 928]] , [[672 931]]
[[487 974]] , [[487 975]]
[[483 876]] , [[483 880]]
[[672 924]] , [[672 933]]
[[483 792]] , [[483 794]]
[[464 801]] , [[464 815]]
[[678 858]] , [[678 867]]
[[470 856]] , [[470 861]]
[[483 792]] , [[483 799]]
[[483 792]] , [[483 794]]
[[464 798]] , [[464 849]]
[[650 770]] , [[650 775]]
[[481 768]] , [[481 770]]
[[650 770]] , [[650 775]]
[[464 640]] , [[464 641]]
[[464 802]] , [[464 849]]
[[464 640]] , [[464 641]]
[[464 640]] , [[464 641]]
[[464 640]] , [[464 641]]
[[480 768]] , [[480 779]]
[[646 624]] , [[646 627]]
[[650 780]] , [[650 783]]
[[282 546]] , [[282 547]]
[[462 721]] , [[462 725]]
[[482 794]] , [[482 799]]
[[671 932]] , [[671 936]]
[[465 814]] , [[465 816]]
[[483 794]] , [[482 795]]
[[482 858]] , [[482 863]]
[[ 816 1613]] , [[ 816 1617]]
[[482 858]] , [[482 863]]
[[482 858]] , [[482 863]]
[[464 640]] , [[464 645]]
[[482 858]] , [[482 863]]
[[652 784]] , [[652 791]]
[[466 846]] , [[466 851]]
[[670 924]] , [[670 929]]
[[672 938]] , [[672 945]]
[[466 852]] , [[466 859]]
[[730 874]] , [[730 893]]
[[652 784]] , [[652 791]]
[[464 644]] , [[464 647]]
[[464 644]] , [[464 647]]
[[466 826]] , [[466 829]]
[[652 784]] , [[652 791]]
[[672 924]] , [[672 933]]
[[466 813]] , [[466 823]]
[[672 938]] , [[672 944]]
[[466 826]] , [[466 829]]
[[457 654]] , [[457 658]]
[[650 782]] , [[650 807]]
[[646 628]] , [[646 629]]
[[650 780]] , [[650 807]]
[[672 938]] , [[672 942]]
[[458 710]] , [[458 717]]
[[730 876]] , [[730 893]]
[[672 934]] , [[672 935]]
[[ 805 1609]] , [[ 804 1610]]
[[470 862]] , [[470 863]]
[[ 486 1002]] , [[ 486 1005]]
[[ 486 1002]] , [[ 486 1015]]
[[ 779 1610]] , [[ 778 1611]]
[[ 791 1611]] , [[ 791 1615]]
[[464 801]] , [[464 805]]
[[466 660]] , [[466 667]]
[[478 870]] , [[478 879]]
[[674 946]] , [[674 947]]
[[ 786 1614]] , [[ 786 1618]]
[[ 487 1011]] , [[ 487 1015]]
[[464 807]] , [[464 813]]
[[467 642]] , [[467 645]]
[[465 630]] , [[465 631]]
[[654 780]] , [[654 781]]
[[486 802]] , [[486 807]]
[[654 780]] , [[654 809]]
[[ 688 1880]] , [[ 688 1885]]
[[675 924]] , [[675 925]]
[[484 854]] , [[484 859]]
[[658 776]] , [[658 781]]
[[672 924]] , [[672 943]]
[[470 812]] , [[470 813]]
[[ 784 1874]] , [[ 784 1878]]
[[489 814]] , [[489 818]]
[[ 494 1022]] , [[ 495 1021]]
[[468 802]] , [[468 817]]
[[444 897]] , [[444 901]]
[[656 782]] , [[656 783]]
[[674 922]] , [[674 929]]
[[674 922]] , [[674 929]]
[[ 800 1610]] , [[ 799 1611]]
[[ 804 1610]] , [[ 803 1611]]
[[468 800]] , [[468 805]]
[[472 850]] , [[472 851]]
[[674 922]] , [[674 957]]
[[484 778]] , [[484 783]]
[[674 922]] , [[674 925]]
[[658 798]] , [[658 805]]
[[469 802]] , [[469 803]]
[[472 852]] , [[472 853]]
[[472 852]] , [[472 853]]
[[833 798]] , [[833 805]]
[[470 798]] , [[470 799]]
[[656 770]] , [[656 795]]
[[468 800]] , [[468 821]]
[[478 708]] , [[478 717]]
[[656 768]] , [[656 785]]
[[656 768]] , [[656 785]]
[[488 800]] , [[488 811]]
[[656 782]] , [[656 795]]
[[844 862]] , [[844 863]]
[[846 864]] , [[846 879]]
[[ 496 1002]] , [[ 496 1007]]
[[664 824]] , [[664 839]]
[[668 832]] , [[668 841]]
[[686 976]] , [[686 993]]
[[702 720]] , [[702 731]]
[[704 988]] , [[704 992]]
[[791 706]] , [[790 707]]
[[480 529]] , [[480 531]]
[[806 704]] , [[805 705]]
[[814 514]] , [[814 515]]
[[306 536]] , [[306 537]]
[[306 536]] , [[306 537]]
[[718 723]] , [[718 727]]
[[480 528]] , [[479 529]]
[[286 546]] , [[286 548]]
[[480 529]] , [[480 531]]
[[294 698]] , [[294 703]]
[[477 534]] , [[477 535]]
[[794 514]] , [[793 515]]
[[477 534]] , [[477 535]]
[[464 723]] , [[463 724]]
[[296 708]] , [[296 709]]
[[722 720]] , [[722 721]]
[[838 938]] , [[838 943]]
[[ 680 1016]] , [[ 680 1022]]
[[ 480 1014]] , [[ 480 1019]]
[[480 998]] , [[ 480 1009]]
[[494 980]] , [[494 991]]
[[ 496 1002]] , [[ 496 1005]]
[[841 978]] , [[842 977]]
[[838 926]] , [[838 931]]
[[838 926]] , [[838 939]]
[[838 924]] , [[838 939]]
[[841 978]] , [[842 977]]
[[841 962]] , [[842 961]]
[[841 978]] , [[842 977]]
[[ 702 1612]] , [[ 702 1616]]
[[ 474 1001]] , [[ 474 1005]]
[[ 494 1016]] , [[ 494 1021]]
[[ 486 1020]] , [[ 486 1021]]
[[ 305 1048]] , [[ 303 1050]]
[[840 926]] , [[840 927]]
[[473 894]] , [[472 895]]
[[841 980]] , [[842 979]]
[[482 992]] , [[482 994]]
[[673 928]] , [[673 935]]
[[ 307 1047]] , [[ 306 1048]]
[[838 922]] , [[837 923]]
[[ 669 1612]] , [[ 668 1613]]
[[ 304 1048]] , [[ 304 1053]]
[[ 722 1611]] , [[ 722 1615]]
[[ 474 1000]] , [[ 474 1009]]
[[ 634 1878]] , [[ 634 1879]]
[[ 502 1018]] , [[ 502 1023]]
[[ 758 1875]] , [[ 757 1876]]
[[ 614 1878]] , [[ 613 1879]]
[[ 788 1611]] , [[ 788 1615]]
[[ 788 1611]] , [[ 788 1615]]
[[ 496 1013]] , [[ 496 1017]]
[[498 993]] , [[498 999]]
[[ 803 1610]] , [[ 802 1611]]
[[ 472 1000]] , [[ 472 1007]]
[[ 297 1044]] , [[ 296 1045]]
[[498 992]] , [[498 999]]
[[ 948 1876]] , [[ 948 1881]]
[[470 832]] , [[470 833]]
[[675 924]] , [[675 927]]
[[836 926]] , [[836 927]]
[[675 924]] , [[675 927]]
[[839 820]] , [[840 819]]
[[675 924]] , [[675 927]]
[[470 830]] , [[470 831]]
[[470 830]] , [[470 831]]
[[470 830]] , [[470 831]]
[[674 924]] , [[674 941]]
[[470 830]] , [[470 831]]
[[ 310 1040]] , [[ 310 1051]]
[[ 482 1022]] , [[ 482 1023]]
[[840 924]] , [[840 925]]
[[338 897]] , [[338 901]]
[[676 932]] , [[676 941]]
[[682 968]] , [[682 983]]
[[ 495 1036]] , [[ 496 1035]]
[[320 905]] , [[320 910]]
[[840 926]] , [[840 927]]
[[ 480 1000]] , [[ 480 1009]]
[[ 302 1026]] , [[ 302 1029]]
[[660 816]] , [[660 831]]
[[310 903]] , [[310 907]]
[[ 802 1610]] , [[ 802 1615]]
[[ 682 1002]] , [[ 682 1007]]
[[812 886]] , [[812 887]]
[[ 474 1022]] , [[ 474 1023]]
[[320 905]] , [[319 906]]
[[ 712 1611]] , [[ 712 1615]]
[[ 490 1019]] , [[ 490 1021]]
[[ 714 1612]] , [[ 714 1616]]
[[ 299 1044]] , [[ 300 1043]]
[[ 307 1027]] , [[ 307 1029]]
[[ 689 1018]] , [[ 690 1017]]
[[ 689 1018]] , [[ 690 1017]]
[[838 926]] , [[838 945]]
[[ 699 1024]] , [[ 700 1023]]
[[318 904]] , [[318 910]]
[[662 892]] , [[662 897]]
[[297 981]] , [[296 982]]
[[316 903]] , [[316 905]]
[[ 682 1016]] , [[ 682 1022]]
[[ 710 1020]] , [[ 710 1027]]
[[ 695 1024]] , [[ 696 1023]]
[[ 486 1000]] , [[ 486 1001]]
[[ 690 1008]] , [[ 690 1009]]
[[ 296 1022]] , [[ 296 1029]]
[[ 303 1049]] , [[ 304 1048]]
[[ 840 1002]] , [[ 840 1003]]
[[311 903]] , [[311 907]]
[[ 502 1018]] , [[ 502 1023]]
[[ 704 1004]] , [[ 704 1005]]
[[ 704 1002]] , [[ 704 1003]]
[[ 699 1022]] , [[ 700 1021]]
[[688 988]] , [[688 991]]
[[ 482 1004]] , [[ 482 1005]]
[[ 493 1013]] , [[ 493 1017]]
[[ 705 1012]] , [[ 706 1011]]
[[ 300 1020]] , [[ 300 1025]]
[[750 880]] , [[750 887]]
[[ 480 1022]] , [[ 480 1025]]
[[744 880]] , [[744 885]]
[[846 964]] , [[846 965]]
[[740 880]] , [[740 885]]
[[ 842 1016]] , [[ 842 1023]]
[[314 744]] , [[314 749]]
[[822 864]] , [[822 866]]
[[662 846]] , [[662 857]]
[[832 858]] , [[832 863]]
[[840 748]] , [[840 749]]
[[356 884]] , [[356 885]]
[[662 853]] , [[660 855]]
[[339 744]] , [[339 749]]
[[830 832]] , [[830 841]]
[[662 830]] , [[662 845]]
[[844 832]] , [[844 837]]
[[662 859]] , [[661 860]]
[[660 820]] , [[660 831]]
[[828 834]] , [[828 847]]
[[666 872]] , [[666 874]]
[[ 477 1036]] , [[ 478 1035]]
[[832 916]] , [[832 917]]
[[ 480 1018]] , [[ 480 1023]]
[[462 894]] , [[462 899]]
[[472 952]] , [[472 959]]
[[488 944]] , [[488 949]]
[[832 910]] , [[832 915]]
[[456 896]] , [[456 901]]
[[830 910]] , [[830 915]]
[[832 880]] , [[832 885]]
[[830 928]] , [[830 945]]
[[835 912]] , [[835 917]]
[[ 496 1018]] , [[ 496 1023]]
[[ 736 1874]] , [[ 735 1875]]
[[ 497 1025]] , [[ 496 1026]]
[[838 958]] , [[838 959]]
[[838 766]] , [[838 783]]
[[803 876]] , [[804 875]]
[[802 864]] , [[802 865]]
[[842 928]] , [[842 933]]
[[812 886]] , [[812 891]]
[[828 874]] , [[828 879]]
[[672 928]] , [[672 933]]
[[648 714]] , [[648 715]]
[[662 860]] , [[662 873]]
[[787 874]] , [[786 875]]
[[ 482 1020]] , [[ 482 1025]]
[[518 896]] , [[518 901]]
[[662 814]] , [[662 829]]
[[520 896]] , [[520 901]]
[[662 866]] , [[662 873]]
[[674 944]] , [[674 953]]
[[656 806]] , [[656 839]]
[[680 958]] , [[680 959]]
[[470 872]] , [[470 879]]
[[ 802 1610]] , [[ 801 1611]]
[[616 894]] , [[616 899]]
[[468 846]] , [[468 879]]
[[672 924]] , [[672 963]]
[[ 482 1004]] , [[ 482 1019]]
[[ 493 1026]] , [[ 494 1025]]
[[672 924]] , [[672 947]]
[[ 487 1014]] , [[ 488 1013]]
[[478 858]] , [[478 863]]
[[ 775 1610]] , [[ 774 1611]]
[[ 752 1016]] , [[ 752 1017]]
[[ 385 1018]] , [[ 385 1019]]
[[ 370 1020]] , [[ 370 1027]]
[[ 370 1020]] , [[ 370 1027]]
[[ 219 1080]] , [[ 220 1079]]
[[ 371 1018]] , [[ 371 1022]]
[[ 378 1188]] , [[ 378 1189]]
[[ 752 1014]] , [[ 752 1015]]
[[ 752 1014]] , [[ 752 1015]]
[[ 542 1008]] , [[ 542 1009]]
[[ 516 1010]] , [[ 516 1011]]
[[644 862]] , [[644 863]]
[[ 534 1010]] , [[ 534 1011]]
[[644 862]] , [[644 863]]
[[300 859]] , [[299 860]]
[[ 750 1016]] , [[ 750 1025]]
[[ 750 1016]] , [[ 750 1025]]
[[ 540 1010]] , [[ 540 1011]]
[[ 231 1278]] , [[ 232 1277]]
[[ 372 1018]] , [[ 372 1019]]
[[ 752 1016]] , [[ 752 1017]]
[[ 370 1018]] , [[ 370 1019]]
[[ 370 1018]] , [[ 370 1019]]
[[ 370 1018]] , [[ 370 1019]]
[[ 376 1188]] , [[ 376 1189]]
[[ 233 1284]] , [[ 234 1283]]
[[ 378 1188]] , [[ 378 1189]]
[[ 216 1166]] , [[ 216 1171]]
[[ 216 1166]] , [[ 216 1171]]
[[ 216 1166]] , [[ 216 1171]]
[[ 235 1274]] , [[ 236 1273]]
[[ 251 1312]] , [[ 252 1311]]
[[ 753 1206]] , [[ 753 1207]]
[[ 232 1102]] , [[ 232 1103]]
[[ 752 1016]] , [[ 752 1021]]
[[ 235 1276]] , [[ 236 1275]]
[[ 374 1190]] , [[ 374 1191]]
[[ 235 1276]] , [[ 236 1275]]
[[ 232 1102]] , [[ 232 1103]]
[[ 756 1016]] , [[ 756 1017]]
[[ 234 1142]] , [[ 234 1147]]
[[ 236 1148]] , [[ 236 1149]]
[[ 234 1144]] , [[ 234 1149]]
[[ 756 1018]] , [[ 756 1019]]
[[ 230 1106]] , [[ 230 1123]]
[[ 230 1106]] , [[ 230 1123]]
[[ 536 1194]] , [[ 536 1195]]
[[ 230 1106]] , [[ 230 1125]]
[[ 382 1188]] , [[ 382 1189]]
[[ 230 1106]] , [[ 230 1125]]
[[ 223 1280]] , [[ 224 1279]]
[[ 230 1106]] , [[ 230 1125]]
[[ 230 1106]] , [[ 230 1125]]
[[640 864]] , [[640 867]]
[[ 372 1018]] , [[ 372 1027]]
[[ 374 1018]] , [[ 374 1023]]
[[ 534 1012]] , [[ 534 1013]]
[[640 862]] , [[640 863]]
[[238 864]] , [[238 869]]
[[ 232 1134]] , [[ 233 1133]]
[[ 520 1012]] , [[ 520 1013]]
[[216 928]] , [[216 935]]
[[ 520 1012]] , [[ 520 1013]]
[[221 902]] , [[221 907]]
[[212 990]] , [[212 995]]
[[ 372 1016]] , [[ 372 1025]]
[[ 542 1010]] , [[ 542 1011]]
[[218 904]] , [[218 911]]
[[218 902]] , [[218 903]]
[[ 218 1034]] , [[ 218 1038]]
[[ 225 1298]] , [[ 226 1297]]
[[ 374 1016]] , [[ 374 1021]]
[[210 976]] , [[210 991]]
[[ 512 1012]] , [[ 512 1013]]
[[ 215 1064]] , [[ 216 1063]]
[[ 370 1016]] , [[ 370 1017]]
[[ 370 1016]] , [[ 370 1017]]
[[ 530 1010]] , [[ 530 1011]]
[[204 930]] , [[204 937]]
[[214 926]] , [[214 931]]
[[ 538 1010]] , [[ 538 1011]]
[[ 368 1018]] , [[ 368 1023]]
[[ 752 1020]] , [[ 752 1021]]
[[202 966]] , [[202 967]]
[[ 508 1012]] , [[ 508 1017]]
[[ 392 1024]] , [[ 392 1029]]
[[ 753 1022]] , [[ 753 1023]]
[[ 396 1092]] , [[ 396 1097]]
[[ 742 1024]] , [[ 742 1025]]
[[ 740 1024]] , [[ 740 1025]]
[[ 361 1032]] , [[ 361 1035]]
[[ 200 1038]] , [[ 200 1043]]
[[ 200 1038]] , [[ 200 1043]]
[[ 198 1042]] , [[ 198 1045]]
[[ 518 1014]] , [[ 518 1015]]
[[ 739 1028]] , [[ 739 1029]]
[[ 365 1120]] , [[ 365 1127]]
[[ 360 1198]] , [[ 360 1201]]
[[ 360 1198]] , [[ 360 1201]]
[[ 742 1226]] , [[ 742 1231]]
[[ 222 1200]] , [[ 222 1201]]
[[ 215 1200]] , [[ 215 1204]]
[[ 226 1338]] , [[ 227 1337]]
[[ 202 1032]] , [[ 202 1033]]
[[ 772 1063]] , [[ 771 1064]]
[[ 770 1061]] , [[ 770 1063]]
[[ 205 1066]] , [[ 206 1065]]
[[ 737 1026]] , [[ 737 1037]]
[[ 504 1014]] , [[ 504 1021]]
[[ 205 1064]] , [[ 206 1063]]
[[ 201 1026]] , [[ 201 1029]]
[[188 988]] , [[188 995]]
[[ 738 1028]] , [[ 738 1029]]
[[186 988]] , [[186 997]]
[[186 988]] , [[186 997]]
[[ 762 1006]] , [[ 762 1015]]
[[186 988]] , [[186 997]]
[[206 992]] , [[206 996]]
[[760 966]] , [[760 973]]
[[ 510 1014]] , [[ 510 1015]]
[[ 510 1014]] , [[ 510 1015]]
[[ 207 1040]] , [[ 208 1039]]
[[180 934]] , [[180 945]]
[[ 506 1014]] , [[ 506 1015]]
[[ 207 1040]] , [[ 208 1039]]
[[ 506 1014]] , [[ 506 1015]]
[[ 506 1014]] , [[ 506 1015]]
[[ 508 1014]] , [[ 508 1015]]
[[ 508 1014]] , [[ 508 1015]]
[[ 188 1032]] , [[ 188 1035]]
[[ 212 1196]] , [[ 212 1199]]
[[ 211 1058]] , [[ 212 1057]]
[[ 219 1064]] , [[ 220 1063]]
[[ 190 1030]] , [[ 190 1031]]
[[ 205 1066]] , [[ 206 1065]]
[[ 207 1066]] , [[ 208 1065]]
[[ 207 1066]] , [[ 208 1065]]
[[ 506 1014]] , [[ 506 1015]]
[[ 207 1066]] , [[ 208 1065]]
[[210 932]] , [[210 951]]
[[ 506 1014]] , [[ 506 1017]]
[[ 203 1028]] , [[ 203 1032]]
[[206 994]] , [[206 999]]
[[762 960]] , [[762 973]]
[[762 974]] , [[762 979]]
[[186 990]] , [[186 995]]
[[ 738 1030]] , [[ 738 1035]]
[[208 996]] , [[ 208 1001]]
[[210 996]] , [[ 210 1001]]
[[ 744 1030]] , [[ 744 1039]]
[[214 996]] , [[ 214 1001]]
[[774 990]] , [[774 993]]
[[194 990]] , [[194 997]]
[[218 958]] , [[218 971]]
[[ 748 1028]] , [[ 748 1039]]
[[ 211 1046]] , [[ 212 1045]]
[[ 213 1046]] , [[ 214 1045]]
[[ 263 1064]] , [[ 264 1063]]
[[ 218 1030]] , [[ 218 1033]]
[[ 263 1064]] , [[ 264 1063]]
[[ 219 1028]] , [[ 218 1029]]
[[ 239 1062]] , [[ 240 1061]]
[[ 209 1074]] , [[ 210 1073]]
[[ 239 1062]] , [[ 240 1061]]
[[ 209 1074]] , [[ 210 1073]]
[[ 207 1076]] , [[ 208 1075]]
[[ 784 1064]] , [[ 784 1069]]
[[ 784 1064]] , [[ 784 1069]]
[[ 784 1064]] , [[ 784 1069]]
[[ 235 1066]] , [[ 236 1065]]
[[ 235 1066]] , [[ 236 1065]]
[[ 257 1064]] , [[ 258 1063]]
[[ 235 1066]] , [[ 236 1065]]
[[ 750 1024]] , [[ 750 1029]]
[[ 213 1082]] , [[ 214 1081]]
[[ 374 1148]] , [[ 374 1171]]
[[ 213 1058]] , [[ 214 1057]]
[[ 217 1030]] , [[ 215 1032]]
[[ 375 1114]] , [[ 375 1115]]
[[ 215 1056]] , [[ 216 1055]]
[[396 992]] , [[396 997]]
[[ 370 1022]] , [[ 370 1027]]
[[ 372 1020]] , [[ 372 1021]]
[[ 515 1014]] , [[ 515 1017]]
[[216 946]] , [[216 953]]
[[ 530 1012]] , [[ 530 1013]]
[[630 864]] , [[630 865]]
[[636 864]] , [[636 865]]
[[220 932]] , [[220 945]]
[[ 241 1064]] , [[ 242 1063]]
[[ 530 1012]] , [[ 530 1013]]
[[ 232 1113]] , [[ 232 1121]]
[[ 759 1020]] , [[ 759 1021]]
[[ 234 1132]] , [[ 234 1133]]
[[ 232 1134]] , [[ 232 1145]]
[[ 374 1018]] , [[ 374 1021]]
[[ 241 1284]] , [[ 242 1283]]
[[ 760 1020]] , [[ 760 1021]]
[[ 760 1020]] , [[ 760 1021]]
[[ 242 1247]] , [[ 242 1255]]
[[ 755 1206]] , [[ 755 1209]]
[[ 238 1143]] , [[ 238 1149]]
[[ 530 1194]] , [[ 530 1197]]
[[ 376 1190]] , [[ 376 1191]]
[[ 200 1072]] , [[ 200 1077]]
[[ 375 1020]] , [[ 375 1021]]
[[754 864]] , [[754 869]]
[[ 536 1014]] , [[ 536 1015]]
[[ 518 1016]] , [[ 518 1017]]
[[ 518 1016]] , [[ 518 1017]]
[[ 542 1014]] , [[ 542 1015]]
[[196 996]] , [[196 997]]
[[194 958]] , [[ 194 1004]]
[[ 530 1016]] , [[ 530 1017]]
[[ 382 1020]] , [[ 382 1021]]
[[ 540 1014]] , [[ 540 1015]]
[[193 942]] , [[193 959]]
[[196 912]] , [[196 923]]
[[ 757 1016]] , [[ 757 1019]]
[[202 942]] , [[202 947]]
[[ 372 1020]] , [[ 372 1021]]
[[ 764 1018]] , [[ 764 1019]]
[[ 754 1204]] , [[ 754 1207]]
[[ 762 1018]] , [[ 762 1019]]
[[ 216 1118]] , [[ 216 1121]]
[[ 213 1136]] , [[ 213 1145]]
[[ 516 1016]] , [[ 516 1021]]
[[ 374 1020]] , [[ 374 1021]]
[[ 544 1014]] , [[ 544 1015]]
[[ 374 1020]] , [[ 374 1021]]
[[ 271 1298]] , [[ 272 1297]]
[[ 516 1016]] , [[ 516 1019]]
[[204 958]] , [[204 963]]
[[ 516 1016]] , [[ 516 1019]]
[[ 213 1058]] , [[ 214 1057]]
[[ 516 1016]] , [[ 516 1019]]
[[ 754 1016]] , [[ 754 1019]]
[[ 516 1016]] , [[ 516 1019]]
[[204 958]] , [[204 963]]
[[204 958]] , [[204 963]]
[[ 516 1016]] , [[ 516 1027]]
[[198 934]] , [[198 941]]
[[ 372 1022]] , [[ 372 1031]]
[[222 948]] , [[222 957]]
[[198 934]] , [[198 941]]
[[ 219 1074]] , [[ 220 1073]]
[[214 974]] , [[214 981]]
[[ 219 1076]] , [[ 220 1075]]
[[ 215 1048]] , [[ 216 1047]]
[[ 215 1048]] , [[ 216 1047]]
[[ 516 1016]] , [[ 516 1023]]
[[206 942]] , [[206 957]]
[[ 386 1020]] , [[ 386 1021]]
[[ 757 1016]] , [[ 757 1019]]
[[ 392 1020]] , [[ 392 1021]]
[[214 928]] , [[214 935]]
[[ 390 1020]] , [[ 390 1021]]
[[ 516 1018]] , [[ 516 1025]]
[[222 930]] , [[222 935]]
[[ 221 1068]] , [[ 222 1067]]
[[ 386 1022]] , [[ 386 1023]]
[[ 221 1068]] , [[ 222 1067]]
[[215 968]] , [[216 967]]
[[203 984]] , [[204 983]]
[[203 984]] , [[204 983]]
[[ 219 1074]] , [[ 220 1073]]
[[203 994]] , [[204 993]]
[[203 994]] , [[204 993]]
[[215 976]] , [[216 975]]
[[215 968]] , [[216 967]]
[[ 219 1012]] , [[ 220 1011]]
[[214 942]] , [[214 951]]
[[214 942]] , [[214 951]]
[[ 211 1076]] , [[ 212 1075]]
[[194 944]] , [[194 979]]
[[ 211 1076]] , [[ 212 1075]]
[[194 944]] , [[194 977]]
[[ 388 1026]] , [[ 388 1027]]
[[ 271 1306]] , [[ 272 1305]]
[[ 757 1028]] , [[ 757 1029]]
[[ 757 1028]] , [[ 757 1029]]
[[ 516 1024]] , [[ 516 1025]]
[[ 384 1026]] , [[ 384 1027]]
[[ 374 1026]] , [[ 374 1027]]
[[186 946]] , [[186 951]]
[[ 360 1026]] , [[ 360 1027]]
[[ 502 1022]] , [[ 502 1033]]
[[ 504 1020]] , [[ 504 1021]]
[[ 364 1190]] , [[ 364 1191]]
[[ 244 1059]] , [[ 244 1063]]
[[ 267 1298]] , [[ 268 1297]]
[[ 279 1052]] , [[ 280 1051]]
[[ 264 1294]] , [[ 265 1293]]
[[ 251 1290]] , [[ 252 1289]]
[[ 253 1280]] , [[ 254 1279]]
[[ 362 1012]] , [[ 362 1013]]
[[ 737 1014]] , [[ 737 1015]]
[[ 360 1014]] , [[ 360 1015]]
[[ 247 1056]] , [[ 248 1055]]
[[ 372 1014]] , [[ 372 1015]]
[[ 269 1058]] , [[ 270 1057]]
[[ 739 1014]] , [[ 739 1017]]
[[ 224 1141]] , [[ 224 1147]]
[[ 358 1014]] , [[ 358 1023]]
[[ 357 1014]] , [[ 357 1025]]
[[ 736 1016]] , [[ 736 1021]]
[[ 223 1300]] , [[ 224 1299]]
[[ 225 1300]] , [[ 226 1299]]
[[ 364 1186]] , [[ 364 1187]]
[[ 361 1114]] , [[ 361 1115]]
[[ 357 1192]] , [[ 357 1197]]
[[ 198 1024]] , [[ 198 1025]]
[[ 764 1046]] , [[ 764 1047]]
[[ 186 1024]] , [[ 186 1037]]
[[ 740 1026]] , [[ 740 1031]]
[[ 502 1010]] , [[ 502 1011]]
[[ 502 1010]] , [[ 502 1011]]
[[ 267 1060]] , [[ 268 1059]]
[[ 267 1060]] , [[ 268 1059]]
[[ 211 1056]] , [[ 212 1055]]
[[ 550 1040]] , [[ 550 1041]]
[[ 194 1018]] , [[ 194 1019]]
[[ 534 1150]] , [[ 534 1167]]
[[ 271 1058]] , [[ 272 1057]]
[[ 229 1058]] , [[ 230 1057]]
[[ 195 1026]] , [[ 196 1025]]
[[ 358 1012]] , [[ 358 1013]]
[[ 193 1042]] , [[ 194 1041]]
[[ 193 1040]] , [[ 194 1039]]
[[ 372 1010]] , [[ 372 1011]]
[[ 227 1056]] , [[ 228 1055]]
[[ 372 1010]] , [[ 372 1011]]
[[ 219 1064]] , [[ 220 1063]]
[[ 229 1056]] , [[ 230 1055]]
[[ 275 1056]] , [[ 276 1055]]
[[ 518 1016]] , [[ 518 1017]]
[[ 358 1014]] , [[ 358 1015]]
[[202 990]] , [[202 991]]
[[ 358 1012]] , [[ 358 1013]]
[[208 932]] , [[208 941]]
[[ 358 1012]] , [[ 358 1013]]
[[ 358 1012]] , [[ 358 1013]]
[[ 514 1012]] , [[ 514 1013]]
[[ 358 1012]] , [[ 358 1013]]
[[204 972]] , [[204 991]]
[[ 197 1024]] , [[ 197 1025]]
[[ 231 1062]] , [[ 232 1061]]
[[ 512 1014]] , [[ 512 1015]]
[[ 204 1194]] , [[ 204 1198]]
[[ 202 1026]] , [[ 202 1027]]
[[ 202 1026]] , [[ 202 1027]]
[[ 221 1068]] , [[ 222 1067]]
[[ 215 1062]] , [[ 216 1061]]
[[ 358 1014]] , [[ 358 1015]]
[[ 508 1014]] , [[ 508 1015]]
[[ 356 1012]] , [[ 356 1013]]
[[ 215 1062]] , [[ 216 1061]]
[[ 356 1012]] , [[ 356 1013]]
[[ 356 1012]] , [[ 356 1013]]
[[ 356 1012]] , [[ 356 1013]]
[[179 960]] , [[179 967]]
[[204 976]] , [[204 989]]
[[ 354 1012]] , [[ 354 1021]]
[[ 356 1012]] , [[ 356 1013]]
[[ 356 1012]] , [[ 356 1013]]
[[ 188 1024]] , [[ 188 1027]]
[[ 188 1024]] , [[ 188 1027]]
[[ 186 1026]] , [[ 186 1027]]
[[ 356 1014]] , [[ 356 1015]]
[[ 356 1014]] , [[ 356 1015]]
[[ 356 1014]] , [[ 356 1015]]
[[204 992]] , [[204 997]]
[[ 508 1014]] , [[ 508 1015]]
[[ 192 1026]] , [[ 192 1027]]
[[ 192 1026]] , [[ 192 1027]]
[[ 356 1014]] , [[ 356 1015]]
[[ 190 1024]] , [[ 190 1025]]
[[ 358 1012]] , [[ 358 1013]]
[[ 358 1012]] , [[ 358 1013]]
[[200 990]] , [[200 995]]
[[ 510 1012]] , [[ 510 1013]]
[[194 974]] , [[194 979]]
[[204 930]] , [[204 931]]
[[214 914]] , [[214 917]]
[[192 926]] , [[192 931]]
[[186 938]] , [[186 945]]
[[186 940]] , [[186 947]]
[[ 366 1030]] , [[ 366 1031]]
[[ 216 1204]] , [[ 216 1205]]
[[189 938]] , [[189 942]]
[[201 990]] , [[202 989]]
[[205 960]] , [[206 959]]
[[ 213 1058]] , [[ 214 1057]]
[[ 540 1018]] , [[ 540 1019]]
[[190 930]] , [[190 937]]
[[ 540 1016]] , [[ 540 1017]]
[[ 372 1018]] , [[ 372 1019]]
[[ 532 1018]] , [[ 532 1019]]
[[ 536 1018]] , [[ 536 1019]]
[[ 372 1018]] , [[ 372 1019]]
[[217 980]] , [[218 979]]
[[ 370 1018]] , [[ 370 1019]]
[[ 370 1018]] , [[ 370 1019]]
[[ 374 1018]] , [[ 374 1019]]
[[ 540 1018]] , [[ 540 1019]]
[[ 380 1018]] , [[ 380 1019]]
[[201 982]] , [[202 981]]
[[201 982]] , [[202 981]]
[[201 982]] , [[202 981]]
[[220 996]] , [[ 220 1003]]
[[220 996]] , [[ 220 1003]]
[[216 926]] , [[216 927]]
[[216 926]] , [[216 927]]
[[220 918]] , [[220 923]]
[[222 924]] , [[222 925]]
[[774 974]] , [[774 975]]
[[748 990]] , [[ 748 1001]]
[[ 526 1016]] , [[ 526 1017]]
[[ 752 1028]] , [[ 752 1029]]
[[ 752 1028]] , [[ 752 1035]]
[[ 752 1026]] , [[ 752 1027]]
[[ 520 1016]] , [[ 520 1017]]
[[ 206 1030]] , [[ 206 1033]]
[[ 208 1030]] , [[ 208 1031]]
[[ 772 1238]] , [[ 772 1249]]
[[ 376 1200]] , [[ 376 1201]]
[[ 566 1258]] , [[ 567 1257]]
[[ 212 1030]] , [[ 212 1031]]
[[ 752 1026]] , [[ 752 1027]]
[[ 243 1076]] , [[ 244 1075]]
[[ 243 1076]] , [[ 244 1075]]
[[ 243 1076]] , [[ 244 1075]]
[[ 241 1076]] , [[ 242 1075]]
[[ 237 1076]] , [[ 238 1075]]
[[ 370 1024]] , [[ 370 1025]]
[[ 224 1122]] , [[ 225 1121]]
[[ 230 1168]] , [[ 230 1173]]
[[ 530 1198]] , [[ 530 1199]]
[[ 241 1074]] , [[ 242 1073]]
[[ 372 1024]] , [[ 372 1025]]
[[ 542 1016]] , [[ 542 1017]]
[[ 766 1024]] , [[ 766 1025]]
[[ 370 1022]] , [[ 370 1027]]
[[ 242 1062]] , [[ 242 1063]]
[[ 768 1020]] , [[ 768 1021]]
[[ 232 1074]] , [[ 232 1077]]
[[ 372 1190]] , [[ 372 1195]]
[[ 374 1190]] , [[ 373 1191]]
[[ 238 1138]] , [[ 238 1153]]
[[ 238 1100]] , [[ 238 1102]]
[[ 238 1100]] , [[ 238 1102]]
[[ 380 1190]] , [[ 380 1191]]
[[ 238 1152]] , [[ 238 1157]]
[[ 239 1153]] , [[ 239 1157]]
[[ 234 1132]] , [[ 233 1133]]
[[ 234 1134]] , [[ 234 1143]]
[[ 238 1132]] , [[ 238 1133]]
[[ 375 1188]] , [[ 375 1189]]
[[ 375 1188]] , [[ 375 1189]]
[[ 238 1132]] , [[ 238 1135]]
[[ 232 1098]] , [[ 232 1103]]
[[ 230 1102]] , [[ 230 1103]]
[[ 238 1078]] , [[ 238 1085]]
[[ 238 1078]] , [[ 238 1085]]
[[ 238 1078]] , [[ 238 1085]]
[[ 282 1072]] , [[ 282 1077]]
[[ 282 1072]] , [[ 282 1077]]
[[ 236 1062]] , [[ 236 1067]]
[[ 256 1088]] , [[ 256 1091]]
[[ 228 1122]] , [[ 228 1131]]
[[ 226 1103]] , [[ 226 1107]]
[[ 226 1103]] , [[ 226 1107]]
[[ 226 1103]] , [[ 226 1107]]
[[ 254 1088]] , [[ 254 1097]]
[[ 238 1132]] , [[ 238 1139]]
[[ 254 1088]] , [[ 254 1096]]
[[ 254 1088]] , [[ 254 1096]]
[[ 240 1148]] , [[ 240 1151]]
[[ 383 1188]] , [[ 383 1189]]
[[ 252 1088]] , [[ 252 1093]]
[[ 542 1196]] , [[ 542 1197]]
[[ 240 1152]] , [[ 240 1153]]
[[ 234 1208]] , [[ 234 1217]]
[[ 384 1194]] , [[ 384 1195]]
[[ 262 1064]] , [[ 262 1065]]
[[ 766 1024]] , [[ 766 1025]]
[[ 228 1152]] , [[ 228 1156]]
[[ 260 1054]] , [[ 260 1059]]
[[ 248 1054]] , [[ 248 1059]]
[[ 230 1152]] , [[ 230 1157]]
[[ 222 1066]] , [[ 222 1071]]
[[ 260 1056]] , [[ 260 1061]]
[[ 260 1060]] , [[ 260 1065]]
[[ 220 1096]] , [[ 220 1101]]
[[ 750 1030]] , [[ 750 1031]]
[[ 244 1064]] , [[ 244 1069]]
[[ 222 1064]] , [[ 222 1065]]
[[ 361 1024]] , [[ 361 1025]]
[[ 363 1020]] , [[ 363 1021]]
[[ 202 1038]] , [[ 202 1039]]
[[ 359 1018]] , [[ 359 1022]]
[[ 226 1142]] , [[ 226 1147]]
[[ 194 1102]] , [[ 194 1119]]
[[ 196 1102]] , [[ 196 1103]]
[[ 196 1102]] , [[ 196 1103]]
[[ 322 1048]] , [[ 322 1049]]
[[ 204 1030]] , [[ 204 1035]]
[[ 296 1052]] , [[ 296 1053]]
[[ 260 1058]] , [[ 260 1059]]
[[ 188 1082]] , [[ 188 1087]]
[[ 184 1040]] , [[ 184 1041]]
[[ 183 1036]] , [[ 183 1037]]
[[ 281 1052]] , [[ 281 1053]]
[[ 256 1050]] , [[ 256 1055]]
[[ 186 1078]] , [[ 186 1083]]
[[ 262 1078]] , [[ 262 1083]]
[[ 248 1078]] , [[ 248 1086]]
[[ 186 1078]] , [[ 186 1083]]
[[ 186 1078]] , [[ 186 1083]]
[[ 186 1078]] , [[ 186 1083]]
[[ 186 1078]] , [[ 186 1083]]
[[ 224 1060]] , [[ 224 1061]]
[[ 224 1060]] , [[ 224 1061]]
[[ 228 1066]] , [[ 228 1073]]
[[ 186 1078]] , [[ 186 1083]]
[[ 184 1060]] , [[ 184 1065]]
[[ 230 1064]] , [[ 230 1065]]
[[ 184 1060]] , [[ 184 1065]]
[[ 230 1064]] , [[ 230 1065]]
[[ 230 1064]] , [[ 230 1065]]
[[ 230 1064]] , [[ 230 1065]]
[[ 232 1052]] , [[ 232 1053]]
[[ 252 1062]] , [[ 252 1073]]
[[ 230 1066]] , [[ 230 1073]]
[[ 262 1064]] , [[ 262 1065]]
[[ 258 1048]] , [[ 258 1053]]
[[ 260 1046]] , [[ 260 1051]]
[[ 238 1048]] , [[ 238 1053]]
[[ 262 1046]] , [[ 262 1053]]
[[ 238 1048]] , [[ 238 1053]]
[[ 273 1046]] , [[ 272 1047]]
[[ 214 1068]] , [[ 214 1071]]
[[ 244 1048]] , [[ 244 1053]]
[[ 198 1040]] , [[ 198 1048]]
[[ 242 1126]] , [[ 242 1135]]
[[ 516 1026]] , [[ 516 1031]]
[[ 218 1022]] , [[ 218 1025]]
[[ 266 1072]] , [[ 266 1077]]
[[ 207 1102]] , [[ 207 1107]]
[[ 244 1050]] , [[ 244 1055]]
[[ 268 1048]] , [[ 268 1053]]
[[ 200 1044]] , [[ 200 1057]]
[[ 266 1048]] , [[ 266 1053]]
[[ 270 1048]] , [[ 270 1053]]
[[ 212 1062]] , [[ 212 1069]]
[[ 240 1090]] , [[ 240 1093]]
[[ 218 1062]] , [[ 218 1069]]
[[ 258 1066]] , [[ 258 1071]]
[[ 242 1092]] , [[ 242 1093]]
[[ 222 1066]] , [[ 222 1069]]
[[ 242 1094]] , [[ 242 1095]]
[[ 753 1018]] , [[ 753 1023]]
[[ 753 1022]] , [[ 753 1023]]
[[ 374 1022]] , [[ 374 1027]]
[[ 226 1142]] , [[ 226 1147]]
[[ 248 1082]] , [[ 248 1085]]
[[ 766 1012]] , [[ 766 1013]]
[[ 753 1010]] , [[ 753 1011]]
[[ 198 1008]] , [[ 198 1023]]
[[ 524 1008]] , [[ 524 1009]]
[[ 522 1010]] , [[ 522 1011]]
[[ 546 1010]] , [[ 546 1011]]
[[200 986]] , [[ 200 1009]]
[[ 205 1010]] , [[ 206 1009]]
[[ 750 1016]] , [[ 750 1029]]
[[ 750 1016]] , [[ 750 1029]]
[[ 378 1188]] , [[ 378 1193]]
[[ 378 1016]] , [[ 378 1019]]
[[ 528 1192]] , [[ 528 1197]]
[[ 542 1008]] , [[ 542 1009]]
[[ 206 1038]] , [[ 206 1089]]
[[ 446 1078]] , [[ 446 1083]]
[[ 210 1090]] , [[ 210 1101]]
[[ 230 1120]] , [[ 230 1135]]
[[ 230 1120]] , [[ 230 1135]]
[[ 766 1014]] , [[ 766 1015]]
[[ 234 1122]] , [[ 234 1133]]
[[ 234 1150]] , [[ 234 1169]]
[[ 752 1016]] , [[ 752 1017]]
[[ 234 1150]] , [[ 234 1169]]
[[ 206 1020]] , [[ 206 1039]]
[[ 206 1022]] , [[ 206 1041]]
