[[161 302]] , [[162 301]]
[[ 698 1000]] , [[ 698 1005]]
[[763 714]] , [[761 716]]
[[ 839 1016]] , [[ 838 1017]]
[[482 986]] , [[482 991]]
[[ 840 1014]] , [[ 840 1015]]
[[ 698 1000]] , [[ 698 1005]]
[[ 640 1874]] , [[ 640 1886]]
[[ 838 1015]] , [[ 837 1016]]
[[ 858 1614]] , [[ 858 1619]]
[[ 826 1012]] , [[ 826 1017]]
[[ 788 1612]] , [[ 788 1616]]
[[ 482 1006]] , [[ 482 1027]]
[[ 807 1611]] , [[ 807 1615]]
[[698 998]] , [[ 698 1006]]
[[ 826 1012]] , [[ 826 1017]]
[[ 482 1006]] , [[ 482 1025]]
[[ 807 1611]] , [[ 807 1615]]
[[ 483 1027]] , [[ 482 1028]]
[[ 848 1874]] , [[ 848 1878]]
[[ 563 1881]] , [[ 562 1882]]
[[ 567 1880]] , [[ 566 1881]]
[[720 721]] , [[720 725]]
[[480 760]] , [[480 765]]
[[ 482 1024]] , [[ 482 1035]]
[[ 679 1614]] , [[ 678 1615]]
[[680 866]] , [[680 871]]
[[696 982]] , [[696 987]]
[[688 974]] , [[688 979]]
[[ 472 1024]] , [[ 472 1029]]
[[ 482 1024]] , [[ 482 1038]]
[[ 482 1024]] , [[ 481 1025]]
[[678 980]] , [[678 987]]
[[ 489 1018]] , [[ 489 1022]]
[[ 703 1016]] , [[ 704 1015]]
[[482 958]] , [[482 963]]
[[ 703 1018]] , [[ 704 1017]]
[[ 703 1018]] , [[ 704 1017]]
[[ 703 1018]] , [[ 704 1017]]
[[ 703 1018]] , [[ 704 1017]]
[[ 703 1018]] , [[ 704 1017]]
[[673 936]] , [[673 941]]
[[673 934]] , [[673 941]]
[[ 703 1018]] , [[ 704 1017]]
[[836 914]] , [[836 923]]
[[ 488 1018]] , [[ 488 1019]]
[[ 730 1880]] , [[ 730 1885]]
[[ 488 1014]] , [[ 488 1015]]
[[674 922]] , [[674 923]]
[[ 848 1876]] , [[ 848 1881]]
[[ 468 1030]] , [[ 468 1047]]
[[ 944 1875]] , [[ 943 1876]]
[[ 822 1611]] , [[ 822 1615]]
[[ 862 1880]] , [[ 862 1881]]
[[486 872]] , [[486 873]]
[[ 520 1033]] , [[ 520 1037]]
[[ 488 1018]] , [[ 488 1019]]
[[ 488 1018]] , [[ 488 1019]]
[[ 488 1018]] , [[ 488 1019]]
[[ 468 1028]] , [[ 468 1037]]
[[ 468 1028]] , [[ 468 1045]]
[[ 794 1612]] , [[ 794 1617]]
[[486 872]] , [[486 873]]
[[486 872]] , [[486 873]]
[[672 922]] , [[672 951]]
[[464 862]] , [[464 867]]
[[488 996]] , [[488 997]]
[[488 996]] , [[488 997]]
[[ 488 1016]] , [[ 488 1017]]
[[ 917 1874]] , [[ 917 1875]]
[[ 490 1016]] , [[ 490 1017]]
[[ 978 1879]] , [[ 978 1881]]
[[486 998]] , [[486 999]]
[[ 598 1882]] , [[ 598 1887]]
[[ 682 1616]] , [[ 682 1621]]
[[ 598 1880]] , [[ 598 1885]]
[[ 693 1611]] , [[ 693 1615]]
[[ 682 1616]] , [[ 682 1621]]
[[482 996]] , [[ 482 1003]]
[[ 770 1876]] , [[ 770 1881]]
[[ 795 1874]] , [[ 794 1875]]
[[482 996]] , [[ 482 1003]]
[[672 923]] , [[672 941]]
[[ 704 1880]] , [[ 704 1887]]
[[482 996]] , [[ 482 1003]]
[[ 958 1879]] , [[ 958 1883]]
[[ 656 1614]] , [[ 656 1618]]
[[ 608 1878]] , [[ 608 1887]]
[[694 968]] , [[694 975]]
[[ 797 1612]] , [[ 797 1616]]
[[ 774 1612]] , [[ 774 1617]]
[[ 512 1033]] , [[ 512 1037]]
[[ 495 1019]] , [[ 494 1020]]
[[ 768 1873]] , [[ 768 1887]]
[[ 482 1019]] , [[ 481 1020]]
[[ 730 1612]] , [[ 730 1616]]
[[ 778 1612]] , [[ 778 1616]]
[[ 834 1616]] , [[ 834 1621]]
[[ 482 1004]] , [[ 482 1007]]
[[ 482 1004]] , [[ 482 1007]]
[[ 482 1004]] , [[ 482 1007]]
[[693 984]] , [[694 983]]
[[693 984]] , [[694 983]]
[[ 482 1004]] , [[ 482 1007]]
[[672 920]] , [[672 923]]
[[ 851 1614]] , [[ 851 1618]]
[[ 512 1032]] , [[ 512 1039]]
[[693 984]] , [[694 983]]
[[466 796]] , [[466 813]]
[[ 878 1876]] , [[ 878 1880]]
[[ 746 1876]] , [[ 745 1877]]
[[ 713 1877]] , [[ 711 1879]]
[[ 938 1876]] , [[ 938 1881]]
[[ 544 1616]] , [[ 544 1617]]
[[ 528 1616]] , [[ 528 1623]]
[[ 642 1877]] , [[ 642 1881]]
[[ 656 1616]] , [[ 656 1620]]
[[ 880 1875]] , [[ 880 1881]]
[[ 480 1008]] , [[ 480 1015]]
[[ 848 1612]] , [[ 848 1617]]
[[ 779 1874]] , [[ 778 1875]]
[[470 792]] , [[470 797]]
[[654 784]] , [[654 817]]
[[470 992]] , [[ 470 1003]]
[[668 924]] , [[668 929]]
[[ 786 1875]] , [[ 786 1879]]
[[656 798]] , [[656 819]]
[[ 552 1881]] , [[ 550 1883]]
[[670 922]] , [[670 923]]
[[ 614 1875]] , [[ 614 1879]]
[[674 950]] , [[674 959]]
[[ 774 1875]] , [[ 774 1879]]
[[ 772 1874]] , [[ 772 1879]]
[[ 772 1874]] , [[ 772 1879]]
[[ 496 1027]] , [[ 496 1035]]
[[ 936 1876]] , [[ 936 1881]]
[[ 728 1876]] , [[ 728 1881]]
[[ 918 1874]] , [[ 918 1878]]
[[ 904 1873]] , [[ 904 1877]]
[[ 779 1611]] , [[ 779 1615]]
[[ 748 1875]] , [[ 748 1881]]
[[ 946 1877]] , [[ 945 1878]]
[[ 650 1879]] , [[ 650 1887]]
[[ 733 1612]] , [[ 732 1613]]
[[ 758 1876]] , [[ 758 1881]]
[[ 840 1872]] , [[ 840 1873]]
[[ 734 1876]] , [[ 734 1880]]
[[ 960 1877]] , [[ 960 1881]]
[[ 831 1618]] , [[ 831 1622]]
[[ 674 1878]] , [[ 673 1879]]
[[ 848 1880]] , [[ 848 1887]]
[[ 664 1879]] , [[ 664 1883]]
[[ 686 1010]] , [[ 686 1011]]
[[ 728 1612]] , [[ 728 1616]]
[[836 988]] , [[836 991]]
[[832 956]] , [[832 961]]
[[832 946]] , [[832 953]]
[[ 782 1874]] , [[ 782 1878]]
[[ 822 1612]] , [[ 822 1616]]
[[ 701 1878]] , [[ 700 1879]]
[[ 844 1874]] , [[ 844 1879]]
[[ 872 1875]] , [[ 872 1879]]
[[ 842 1874]] , [[ 842 1878]]
[[ 598 1880]] , [[ 598 1885]]
[[ 882 1875]] , [[ 882 1879]]
[[ 982 1880]] , [[ 982 1885]]
[[ 892 1875]] , [[ 892 1879]]
[[ 760 1878]] , [[ 760 1882]]
[[ 784 1611]] , [[ 784 1615]]
[[ 611 1877]] , [[ 610 1878]]
[[ 775 1611]] , [[ 774 1612]]
[[ 796 1612]] , [[ 796 1613]]
[[838 926]] , [[838 927]]
[[ 911 1872]] , [[ 910 1873]]
[[ 497 1028]] , [[ 497 1033]]
[[ 731 1611]] , [[ 730 1612]]
[[ 486 1016]] , [[ 486 1021]]
[[ 824 1612]] , [[ 824 1616]]
[[ 770 1610]] , [[ 770 1614]]
[[ 808 1611]] , [[ 808 1615]]
[[ 728 1612]] , [[ 728 1617]]
[[ 886 1874]] , [[ 885 1875]]
[[ 296 1046]] , [[ 296 1051]]
[[ 808 1611]] , [[ 808 1615]]
[[ 708 1611]] , [[ 708 1615]]
[[ 408 1887]] , [[ 407 1888]]
[[ 538 1882]] , [[ 538 1887]]
[[ 711 1611]] , [[ 711 1615]]
[[ 486 1020]] , [[ 485 1021]]
[[ 892 1876]] , [[ 892 1881]]
[[ 904 1872]] , [[ 902 1874]]
[[ 756 1875]] , [[ 756 1879]]
[[ 486 1021]] , [[ 485 1022]]
[[ 820 1612]] , [[ 820 1617]]
[[ 488 1021]] , [[ 487 1022]]
[[ 792 1612]] , [[ 792 1616]]
[[ 495 1012]] , [[ 494 1013]]
[[ 754 1613]] , [[ 754 1617]]
[[ 304 1046]] , [[ 304 1053]]
[[ 552 1881]] , [[ 552 1885]]
[[ 702 1877]] , [[ 702 1881]]
[[ 968 1882]] , [[ 968 1886]]
[[ 738 1611]] , [[ 738 1615]]
[[ 662 1880]] , [[ 661 1881]]
[[ 558 1882]] , [[ 557 1883]]
[[ 557 1883]] , [[ 557 1887]]
[[ 982 1881]] , [[ 982 1885]]
[[ 703 1876]] , [[ 702 1877]]
[[ 484 1014]] , [[ 484 1015]]
[[ 300 1048]] , [[ 300 1053]]
[[ 702 1877]] , [[ 702 1881]]
[[ 701 1876]] , [[ 700 1877]]
[[ 497 1024]] , [[ 496 1025]]
[[ 704 1876]] , [[ 703 1877]]
[[ 718 1877]] , [[ 718 1881]]
[[ 682 1006]] , [[ 682 1007]]
[[ 710 1014]] , [[ 710 1023]]
[[ 474 1032]] , [[ 474 1043]]
[[ 708 1010]] , [[ 708 1023]]
[[ 706 1006]] , [[ 706 1017]]
[[ 472 1618]] , [[ 472 1622]]
[[ 838 1613]] , [[ 838 1617]]
[[ 486 1028]] , [[ 485 1029]]
[[ 472 1618]] , [[ 472 1622]]
[[ 473 1619]] , [[ 473 1623]]
[[ 952 1875]] , [[ 952 1879]]
[[ 472 1040]] , [[ 472 1045]]
[[ 686 1016]] , [[ 686 1023]]
[[ 824 1611]] , [[ 824 1615]]
[[ 427 1618]] , [[ 426 1619]]
[[ 958 1879]] , [[ 958 1883]]
[[ 699 1879]] , [[ 699 1883]]
[[ 850 1874]] , [[ 849 1875]]
[[ 746 1880]] , [[ 746 1884]]
[[ 619 1880]] , [[ 618 1881]]
[[ 732 1877]] , [[ 732 1881]]
[[ 954 1879]] , [[ 954 1883]]
[[ 964 1879]] , [[ 964 1883]]
[[ 850 1873]] , [[ 850 1882]]
[[ 480 1021]] , [[ 479 1022]]
[[ 784 1874]] , [[ 784 1879]]
[[ 562 1880]] , [[ 562 1886]]
[[669 926]] , [[669 927]]
[[ 850 1612]] , [[ 850 1616]]
[[836 956]] , [[836 957]]
[[ 486 1011]] , [[ 486 1013]]
[[ 489 1009]] , [[ 489 1011]]
[[ 856 1873]] , [[ 855 1874]]
[[ 486 1006]] , [[ 486 1013]]
[[ 832 1612]] , [[ 832 1617]]
[[ 754 1880]] , [[ 754 1887]]
[[ 965 1880]] , [[ 965 1884]]
[[ 819 1874]] , [[ 817 1876]]
[[ 660 1876]] , [[ 660 1878]]
[[ 660 1876]] , [[ 660 1878]]
[[ 704 1876]] , [[ 704 1877]]
[[ 486 1002]] , [[ 486 1009]]
[[ 646 1879]] , [[ 646 1883]]
[[ 848 1616]] , [[ 848 1621]]
[[ 848 1616]] , [[ 848 1621]]
[[ 848 1616]] , [[ 848 1621]]
[[ 867 1616]] , [[ 867 1620]]
[[ 486 1006]] , [[ 486 1010]]
[[ 801 1611]] , [[ 801 1615]]
[[ 848 1616]] , [[ 848 1621]]
[[ 486 1006]] , [[ 486 1011]]
[[464 802]] , [[464 849]]
[[770 868]] , [[770 873]]
[[464 802]] , [[464 849]]
[[ 928 1878]] , [[ 928 1883]]
[[466 853]] , [[466 863]]
[[465 813]] , [[465 814]]
[[466 814]] , [[465 815]]
[[672 928]] , [[672 929]]
[[466 814]] , [[465 815]]
[[ 486 1006]] , [[ 486 1015]]
[[482 794]] , [[482 799]]
[[742 874]] , [[742 879]]
[[672 942]] , [[672 953]]
[[ 958 1877]] , [[ 958 1883]]
[[ 938 1875]] , [[ 938 1879]]
[[ 486 1000]] , [[ 486 1005]]
[[ 805 1611]] , [[ 805 1615]]
[[ 699 1878]] , [[ 696 1881]]
[[ 486 1000]] , [[ 486 1017]]
[[ 838 1875]] , [[ 838 1879]]
[[768 868]] , [[768 872]]
[[ 871 1618]] , [[ 871 1622]]
[[ 486 1004]] , [[ 486 1014]]
[[ 754 1874]] , [[ 754 1879]]
[[ 670 1616]] , [[ 670 1623]]
[[ 784 1611]] , [[ 784 1615]]
[[ 478 1020]] , [[ 478 1021]]
[[ 478 1020]] , [[ 478 1021]]
[[674 950]] , [[674 951]]
[[672 938]] , [[672 944]]
[[672 938]] , [[672 943]]
[[ 926 1876]] , [[ 926 1880]]
[[ 485 1006]] , [[ 484 1007]]
[[ 869 1618]] , [[ 869 1622]]
[[ 485 1006]] , [[ 484 1007]]
[[ 862 1615]] , [[ 862 1619]]
[[ 808 1611]] , [[ 808 1615]]
[[ 788 1612]] , [[ 788 1616]]
[[ 484 1002]] , [[ 484 1009]]
[[ 484 1002]] , [[ 484 1009]]
[[ 724 1611]] , [[ 724 1615]]
[[ 850 1613]] , [[ 850 1617]]
[[672 938]] , [[672 942]]
[[ 862 1616]] , [[ 862 1621]]
[[ 924 1874]] , [[ 924 1878]]
[[ 762 1874]] , [[ 762 1881]]
[[ 688 1611]] , [[ 688 1617]]
[[ 847 1613]] , [[ 847 1617]]
[[ 752 1613]] , [[ 752 1617]]
[[ 752 1875]] , [[ 752 1879]]
[[ 942 1877]] , [[ 941 1878]]
[[ 695 1612]] , [[ 695 1616]]
[[ 486 1006]] , [[ 486 1007]]
[[ 788 1612]] , [[ 788 1613]]
[[ 862 1616]] , [[ 862 1620]]
[[ 297 1882]] , [[ 296 1883]]
[[ 884 1876]] , [[ 884 1885]]
[[ 786 1614]] , [[ 786 1618]]
[[ 488 1009]] , [[ 488 1016]]
[[ 488 1009]] , [[ 488 1016]]
[[ 817 1611]] , [[ 816 1612]]
[[ 328 1623]] , [[ 328 1629]]
[[468 846]] , [[468 851]]
[[ 816 1892]] , [[ 816 1895]]
[[ 901 1876]] , [[ 901 1880]]
[[ 830 1612]] , [[ 830 1618]]
[[672 924]] , [[672 935]]
[[ 600 1882]] , [[ 600 1887]]
[[ 326 1624]] , [[ 326 1629]]
[[ 952 1878]] , [[ 952 1882]]
[[ 718 1611]] , [[ 718 1615]]
[[ 842 1872]] , [[ 839 1875]]
[[ 800 1611]] , [[ 800 1615]]
[[ 820 1612]] , [[ 820 1616]]
[[834 924]] , [[834 925]]
[[ 870 1618]] , [[ 870 1623]]
[[ 853 1614]] , [[ 853 1618]]
[[ 870 1619]] , [[ 870 1623]]
[[ 753 1874]] , [[ 752 1875]]
[[ 797 1611]] , [[ 796 1612]]
[[ 771 1612]] , [[ 770 1613]]
[[ 820 1612]] , [[ 820 1617]]
[[ 490 1002]] , [[ 490 1007]]
[[ 846 1875]] , [[ 846 1879]]
[[675 920]] , [[675 921]]
[[ 802 1611]] , [[ 801 1612]]
[[ 914 1874]] , [[ 914 1878]]
[[ 902 1873]] , [[ 902 1877]]
[[ 472 1006]] , [[ 472 1011]]
[[ 472 1004]] , [[ 472 1011]]
[[ 496 1002]] , [[ 496 1007]]
[[ 494 1000]] , [[ 494 1013]]
[[478 856]] , [[478 861]]
[[672 920]] , [[672 921]]
[[674 920]] , [[674 921]]
[[847 966]] , [[847 970]]
[[846 960]] , [[846 977]]
[[ 474 1016]] , [[ 474 1019]]
[[ 721 1611]] , [[ 721 1615]]
[[ 833 1612]] , [[ 833 1616]]
[[ 762 1611]] , [[ 762 1615]]
[[ 808 1612]] , [[ 808 1617]]
[[ 763 1611]] , [[ 763 1615]]
[[ 832 1010]] , [[ 832 1019]]
[[ 774 1612]] , [[ 774 1617]]
[[ 832 1004]] , [[ 832 1005]]
[[704 996]] , [[ 704 1009]]
[[ 496 1024]] , [[ 496 1033]]
[[702 721]] , [[702 727]]
[[808 868]] , [[808 877]]
[[808 868]] , [[808 877]]
[[ 710 1012]] , [[ 710 1025]]
[[698 722]] , [[698 727]]
[[836 958]] , [[836 977]]
[[816 866]] , [[816 867]]
[[838 942]] , [[838 943]]
[[810 866]] , [[810 869]]
[[294 698]] , [[294 703]]
[[840 956]] , [[840 959]]
[[ 480 1024]] , [[ 480 1033]]
[[838 956]] , [[838 959]]
[[ 480 1022]] , [[ 480 1023]]
[[ 832 1612]] , [[ 832 1616]]
[[ 700 1876]] , [[ 700 1885]]
[[ 948 1878]] , [[ 948 1883]]
[[ 469 1025]] , [[ 469 1026]]
[[ 495 1022]] , [[ 494 1023]]
[[ 671 1613]] , [[ 671 1617]]
[[ 496 1000]] , [[ 496 1013]]
[[ 841 1611]] , [[ 840 1612]]
[[ 496 1012]] , [[ 496 1016]]
[[ 834 1873]] , [[ 833 1874]]
[[ 495 1013]] , [[ 495 1020]]
[[ 495 1026]] , [[ 496 1025]]
[[ 960 1877]] , [[ 960 1881]]
[[ 588 1881]] , [[ 588 1885]]
[[ 846 1875]] , [[ 846 1879]]
[[ 756 1874]] , [[ 755 1875]]
[[ 920 1874]] , [[ 920 1878]]
[[ 914 1876]] , [[ 914 1880]]
[[ 762 1616]] , [[ 762 1620]]
[[ 731 1611]] , [[ 731 1615]]
[[ 305 1048]] , [[ 304 1049]]
[[ 864 1616]] , [[ 864 1620]]
[[ 768 1611]] , [[ 768 1615]]
[[ 710 1612]] , [[ 710 1616]]
[[ 734 1611]] , [[ 734 1615]]
[[ 768 1874]] , [[ 768 1878]]
[[ 766 1874]] , [[ 765 1875]]
[[ 613 1878]] , [[ 612 1879]]
[[ 760 1616]] , [[ 760 1620]]
[[ 995 1888]] , [[ 995 1893]]
[[ 966 1878]] , [[ 966 1887]]
[[ 497 1881]] , [[ 495 1883]]
[[ 468 1886]] , [[ 468 1891]]
[[ 819 1875]] , [[ 819 1879]]
[[ 816 1875]] , [[ 816 1879]]
[[ 864 1616]] , [[ 864 1623]]
[[ 742 1611]] , [[ 742 1615]]
[[ 636 1878]] , [[ 636 1883]]
[[ 756 1875]] , [[ 755 1876]]
[[ 838 1875]] , [[ 838 1879]]
[[ 758 1875]] , [[ 758 1879]]
[[ 972 1882]] , [[ 972 1887]]
[[ 495 1012]] , [[ 494 1013]]
[[ 768 1874]] , [[ 767 1875]]
[[ 662 1876]] , [[ 661 1877]]
[[ 760 1616]] , [[ 760 1620]]
[[675 924]] , [[675 927]]
[[ 824 1612]] , [[ 824 1616]]
[[ 827 1611]] , [[ 826 1612]]
[[ 489 1021]] , [[ 488 1022]]
[[ 847 1612]] , [[ 847 1616]]
[[ 763 1874]] , [[ 762 1875]]
[[ 482 1022]] , [[ 482 1023]]
[[ 858 1875]] , [[ 858 1879]]
[[ 806 1616]] , [[ 806 1621]]
[[ 804 1616]] , [[ 804 1621]]
[[ 296 1030]] , [[ 296 1031]]
[[ 848 1613]] , [[ 848 1619]]
[[ 806 1616]] , [[ 806 1621]]
[[  26 1626]] , [[  26 1631]]
[[ 495 1036]] , [[ 496 1035]]
[[ 307 1028]] , [[ 307 1029]]
[[ 702 1875]] , [[ 702 1879]]
[[ 860 1875]] , [[ 860 1879]]
[[ 490 1018]] , [[ 490 1021]]
[[ 490 1018]] , [[ 490 1021]]
[[ 680 1880]] , [[ 680 1884]]
[[ 750 1880]] , [[ 750 1885]]
[[ 488 1022]] , [[ 486 1024]]
[[ 585 1615]] , [[ 584 1616]]
[[ 712 1611]] , [[ 712 1615]]
[[ 696 1880]] , [[ 696 1884]]
[[ 802 1612]] , [[ 802 1616]]
[[ 960 1880]] , [[ 960 1881]]
[[ 724 1612]] , [[ 724 1616]]
[[ 656 1614]] , [[ 656 1619]]
[[ 709 1611]] , [[ 709 1615]]
[[ 296 1030]] , [[ 296 1031]]
[[ 490 1019]] , [[ 490 1021]]
[[ 723 1877]] , [[ 722 1878]]
[[ 298 1030]] , [[ 298 1035]]
[[ 682 1016]] , [[ 682 1023]]
[[ 298 1022]] , [[ 298 1023]]
[[ 490 1018]] , [[ 490 1019]]
[[ 657 1874]] , [[ 657 1878]]
[[ 832 1874]] , [[ 832 1878]]
[[ 624 1877]] , [[ 624 1878]]
[[ 488 1020]] , [[ 487 1021]]
[[ 776 1611]] , [[ 776 1615]]
[[ 684 1881]] , [[ 683 1882]]
[[ 831 1875]] , [[ 831 1879]]
[[ 830 1875]] , [[ 830 1879]]
[[ 292 1022]] , [[ 292 1027]]
[[ 760 1618]] , [[ 760 1623]]
[[ 296 1022]] , [[ 296 1031]]
[[ 756 1874]] , [[ 756 1879]]
[[ 309 1026]] , [[ 309 1027]]
[[ 808 1611]] , [[ 808 1615]]
[[ 760 1618]] , [[ 760 1623]]
[[ 848 1611]] , [[ 847 1612]]
[[ 298 1024]] , [[ 298 1037]]
[[ 760 1618]] , [[ 760 1623]]
[[ 290 1048]] , [[ 290 1055]]
[[ 880 1878]] , [[ 880 1885]]
[[ 718 1612]] , [[ 718 1616]]
[[ 846 1613]] , [[ 846 1617]]
[[ 484 1018]] , [[ 484 1019]]
[[ 809 1876]] , [[ 809 1880]]
[[686 984]] , [[686 985]]
[[682 970]] , [[682 995]]
[[686 964]] , [[686 965]]
[[ 296 1038]] , [[ 296 1055]]
[[838 904]] , [[838 913]]
[[ 497 1020]] , [[ 497 1021]]
[[ 500 1004]] , [[ 500 1013]]
[[ 839 1014]] , [[ 840 1013]]
[[ 839 1014]] , [[ 840 1013]]
[[676 954]] , [[676 959]]
[[ 839 1014]] , [[ 840 1013]]
[[ 839 1014]] , [[ 840 1013]]
[[686 918]] , [[686 929]]
[[ 839 1014]] , [[ 840 1013]]
[[ 484 1008]] , [[ 484 1015]]
[[ 704 1878]] , [[ 703 1879]]
[[ 694 1610]] , [[ 693 1611]]
[[ 704 1876]] , [[ 704 1883]]
[[ 753 1614]] , [[ 753 1618]]
[[ 772 1878]] , [[ 772 1883]]
[[ 702 1877]] , [[ 701 1878]]
[[ 752 1613]] , [[ 752 1617]]
[[ 752 1613]] , [[ 752 1617]]
[[ 751 1613]] , [[ 751 1617]]
[[830 928]] , [[830 945]]
[[ 553 1880]] , [[ 552 1881]]
[[ 549 1881]] , [[ 549 1885]]
[[ 497 1881]] , [[ 496 1882]]
[[ 551 1881]] , [[ 551 1885]]
[[ 850 1876]] , [[ 850 1880]]
[[ 338 1619]] , [[ 338 1623]]
[[835 968]] , [[835 973]]
[[832 996]] , [[832 997]]
[[ 306 1050]] , [[ 306 1057]]
[[ 786 1610]] , [[ 786 1614]]
[[ 786 1610]] , [[ 786 1615]]
[[ 786 1610]] , [[ 786 1615]]
[[ 826 1611]] , [[ 826 1615]]
[[840 956]] , [[840 970]]
[[684 990]] , [[684 991]]
[[ 679 1878]] , [[ 678 1879]]
[[ 619 1880]] , [[ 616 1883]]
[[ 680 1878]] , [[ 680 1883]]
[[ 496 1012]] , [[ 496 1013]]
[[ 966 1880]] , [[ 966 1884]]
[[ 480 1020]] , [[ 480 1021]]
[[ 490 1000]] , [[ 490 1005]]
[[ 476 1000]] , [[ 476 1005]]
[[ 843 1872]] , [[ 843 1877]]
[[ 812 1611]] , [[ 812 1617]]
[[ 872 1876]] , [[ 872 1880]]
[[ 781 1611]] , [[ 781 1615]]
[[ 800 1610]] , [[ 799 1611]]
[[ 834 1874]] , [[ 834 1879]]
[[ 720 1877]] , [[ 720 1885]]
[[ 702 1876]] , [[ 702 1881]]
[[ 788 1611]] , [[ 788 1615]]
[[ 822 1611]] , [[ 822 1615]]
[[ 790 1611]] , [[ 790 1615]]
[[ 542 1888]] , [[ 542 1893]]
[[ 698 1000]] , [[ 698 1005]]
[[763 714]] , [[761 716]]
[[ 839 1016]] , [[ 838 1017]]
[[482 986]] , [[482 991]]
[[ 840 1014]] , [[ 840 1015]]
[[ 698 1000]] , [[ 698 1005]]
[[ 640 1874]] , [[ 640 1886]]
[[ 838 1015]] , [[ 837 1016]]
[[ 858 1614]] , [[ 858 1619]]
[[ 826 1012]] , [[ 826 1017]]
[[ 788 1612]] , [[ 788 1616]]
[[ 482 1006]] , [[ 482 1027]]
[[ 807 1611]] , [[ 807 1615]]
[[698 998]] , [[ 698 1006]]
[[ 826 1012]] , [[ 826 1017]]
[[ 482 1006]] , [[ 482 1025]]
[[ 807 1611]] , [[ 807 1615]]
[[ 483 1027]] , [[ 482 1028]]
[[ 848 1874]] , [[ 848 1878]]
[[ 563 1881]] , [[ 562 1882]]
[[ 567 1880]] , [[ 566 1881]]
[[720 721]] , [[720 725]]
[[480 760]] , [[480 765]]
[[ 482 1024]] , [[ 482 1035]]
[[ 679 1614]] , [[ 678 1615]]
[[680 866]] , [[680 871]]
[[696 982]] , [[696 987]]
[[688 974]] , [[688 979]]
[[ 472 1024]] , [[ 472 1029]]
[[ 482 1024]] , [[ 482 1038]]
[[ 482 1024]] , [[ 481 1025]]
[[678 980]] , [[678 987]]
[[ 489 1018]] , [[ 489 1022]]
[[ 703 1016]] , [[ 704 1015]]
[[482 958]] , [[482 963]]
[[ 703 1018]] , [[ 704 1017]]
[[ 703 1018]] , [[ 704 1017]]
[[ 703 1018]] , [[ 704 1017]]
[[ 703 1018]] , [[ 704 1017]]
[[ 703 1018]] , [[ 704 1017]]
[[673 936]] , [[673 941]]
[[673 934]] , [[673 941]]
[[ 703 1018]] , [[ 704 1017]]
[[836 914]] , [[836 923]]
[[ 488 1018]] , [[ 488 1019]]
[[ 730 1880]] , [[ 730 1885]]
[[ 488 1014]] , [[ 488 1015]]
[[674 922]] , [[674 923]]
[[ 848 1876]] , [[ 848 1881]]
[[ 468 1030]] , [[ 468 1047]]
[[ 944 1875]] , [[ 943 1876]]
[[ 822 1611]] , [[ 822 1615]]
[[ 862 1880]] , [[ 862 1881]]
[[486 872]] , [[486 873]]
[[ 520 1033]] , [[ 520 1037]]
[[ 488 1018]] , [[ 488 1019]]
[[ 488 1018]] , [[ 488 1019]]
[[ 488 1018]] , [[ 488 1019]]
[[ 468 1028]] , [[ 468 1037]]
[[ 468 1028]] , [[ 468 1045]]
[[ 794 1612]] , [[ 794 1617]]
[[486 872]] , [[486 873]]
[[486 872]] , [[486 873]]
[[672 922]] , [[672 951]]
[[464 862]] , [[464 867]]
[[488 996]] , [[488 997]]
[[488 996]] , [[488 997]]
[[ 488 1016]] , [[ 488 1017]]
[[ 917 1874]] , [[ 917 1875]]
[[ 490 1016]] , [[ 490 1017]]
[[ 978 1879]] , [[ 978 1881]]
[[486 998]] , [[486 999]]
[[ 598 1882]] , [[ 598 1887]]
[[ 682 1616]] , [[ 682 1621]]
[[ 598 1880]] , [[ 598 1885]]
[[ 693 1611]] , [[ 693 1615]]
[[ 682 1616]] , [[ 682 1621]]
[[482 996]] , [[ 482 1003]]
[[ 770 1876]] , [[ 770 1881]]
[[ 795 1874]] , [[ 794 1875]]
[[482 996]] , [[ 482 1003]]
[[672 923]] , [[672 941]]
[[ 704 1880]] , [[ 704 1887]]
[[482 996]] , [[ 482 1003]]
[[ 958 1879]] , [[ 958 1883]]
[[ 656 1614]] , [[ 656 1618]]
[[ 608 1878]] , [[ 608 1887]]
[[694 968]] , [[694 975]]
[[ 797 1612]] , [[ 797 1616]]
[[ 774 1612]] , [[ 774 1617]]
[[ 512 1033]] , [[ 512 1037]]
[[ 495 1019]] , [[ 494 1020]]
[[ 768 1873]] , [[ 768 1887]]
[[ 482 1019]] , [[ 481 1020]]
[[ 730 1612]] , [[ 730 1616]]
[[ 778 1612]] , [[ 778 1616]]
[[ 834 1616]] , [[ 834 1621]]
[[ 482 1004]] , [[ 482 1007]]
[[ 482 1004]] , [[ 482 1007]]
[[ 482 1004]] , [[ 482 1007]]
[[693 984]] , [[694 983]]
[[693 984]] , [[694 983]]
[[ 482 1004]] , [[ 482 1007]]
[[672 920]] , [[672 923]]
[[ 851 1614]] , [[ 851 1618]]
[[ 512 1032]] , [[ 512 1039]]
[[693 984]] , [[694 983]]
[[466 796]] , [[466 813]]
[[ 878 1876]] , [[ 878 1880]]
[[ 746 1876]] , [[ 745 1877]]
[[ 713 1877]] , [[ 711 1879]]
[[ 938 1876]] , [[ 938 1881]]
[[ 544 1616]] , [[ 544 1617]]
[[ 528 1616]] , [[ 528 1623]]
[[ 642 1877]] , [[ 642 1881]]
[[ 656 1616]] , [[ 656 1620]]
[[ 880 1875]] , [[ 880 1881]]
[[ 480 1008]] , [[ 480 1015]]
[[ 848 1612]] , [[ 848 1617]]
[[ 779 1874]] , [[ 778 1875]]
[[470 792]] , [[470 797]]
[[654 784]] , [[654 817]]
[[470 992]] , [[ 470 1003]]
[[668 924]] , [[668 929]]
[[ 786 1875]] , [[ 786 1879]]
[[656 798]] , [[656 819]]
[[ 552 1881]] , [[ 550 1883]]
[[670 922]] , [[670 923]]
[[ 614 1875]] , [[ 614 1879]]
[[674 950]] , [[674 959]]
[[ 774 1875]] , [[ 774 1879]]
[[ 772 1874]] , [[ 772 1879]]
[[ 772 1874]] , [[ 772 1879]]
[[ 496 1027]] , [[ 496 1035]]
[[ 936 1876]] , [[ 936 1881]]
[[ 728 1876]] , [[ 728 1881]]
[[ 918 1874]] , [[ 918 1878]]
[[ 904 1873]] , [[ 904 1877]]
[[ 779 1611]] , [[ 779 1615]]
[[ 748 1875]] , [[ 748 1881]]
[[ 946 1877]] , [[ 945 1878]]
[[ 650 1879]] , [[ 650 1887]]
[[ 733 1612]] , [[ 732 1613]]
[[ 758 1876]] , [[ 758 1881]]
[[ 840 1872]] , [[ 840 1873]]
[[ 734 1876]] , [[ 734 1880]]
[[ 960 1877]] , [[ 960 1881]]
[[ 831 1618]] , [[ 831 1622]]
[[ 674 1878]] , [[ 673 1879]]
[[ 848 1880]] , [[ 848 1887]]
[[ 664 1879]] , [[ 664 1883]]
[[ 686 1010]] , [[ 686 1011]]
[[ 728 1612]] , [[ 728 1616]]
[[836 988]] , [[836 991]]
[[832 956]] , [[832 961]]
[[832 946]] , [[832 953]]
[[ 782 1874]] , [[ 782 1878]]
[[ 822 1612]] , [[ 822 1616]]
[[ 701 1878]] , [[ 700 1879]]
[[ 844 1874]] , [[ 844 1879]]
[[ 872 1875]] , [[ 872 1879]]
[[ 842 1874]] , [[ 842 1878]]
[[ 598 1880]] , [[ 598 1885]]
[[ 882 1875]] , [[ 882 1879]]
[[ 982 1880]] , [[ 982 1885]]
[[ 892 1875]] , [[ 892 1879]]
[[ 760 1878]] , [[ 760 1882]]
[[ 784 1611]] , [[ 784 1615]]
[[ 611 1877]] , [[ 610 1878]]
[[ 775 1611]] , [[ 774 1612]]
[[ 796 1612]] , [[ 796 1613]]
[[838 926]] , [[838 927]]
[[ 911 1872]] , [[ 910 1873]]
[[ 497 1028]] , [[ 497 1033]]
[[ 731 1611]] , [[ 730 1612]]
[[ 486 1016]] , [[ 486 1021]]
[[ 824 1612]] , [[ 824 1616]]
[[ 770 1610]] , [[ 770 1614]]
[[ 808 1611]] , [[ 808 1615]]
[[ 728 1612]] , [[ 728 1617]]
[[ 886 1874]] , [[ 885 1875]]
[[ 296 1046]] , [[ 296 1051]]
[[ 808 1611]] , [[ 808 1615]]
[[ 708 1611]] , [[ 708 1615]]
[[ 408 1887]] , [[ 407 1888]]
[[ 538 1882]] , [[ 538 1887]]
[[ 711 1611]] , [[ 711 1615]]
[[ 486 1020]] , [[ 485 1021]]
[[ 892 1876]] , [[ 892 1881]]
[[ 904 1872]] , [[ 902 1874]]
[[ 756 1875]] , [[ 756 1879]]
[[ 486 1021]] , [[ 485 1022]]
[[ 820 1612]] , [[ 820 1617]]
[[ 488 1021]] , [[ 487 1022]]
[[ 792 1612]] , [[ 792 1616]]
[[ 495 1012]] , [[ 494 1013]]
[[ 754 1613]] , [[ 754 1617]]
[[ 304 1046]] , [[ 304 1053]]
[[ 552 1881]] , [[ 552 1885]]
[[ 702 1877]] , [[ 702 1881]]
[[ 968 1882]] , [[ 968 1886]]
[[ 738 1611]] , [[ 738 1615]]
[[ 662 1880]] , [[ 661 1881]]
[[ 558 1882]] , [[ 557 1883]]
[[ 557 1883]] , [[ 557 1887]]
[[ 982 1881]] , [[ 982 1885]]
[[ 703 1876]] , [[ 702 1877]]
[[ 484 1014]] , [[ 484 1015]]
[[ 300 1048]] , [[ 300 1053]]
[[ 702 1877]] , [[ 702 1881]]
[[ 701 1876]] , [[ 700 1877]]
[[ 497 1024]] , [[ 496 1025]]
[[ 704 1876]] , [[ 703 1877]]
[[ 718 1877]] , [[ 718 1881]]
[[ 682 1006]] , [[ 682 1007]]
[[ 710 1014]] , [[ 710 1023]]
[[ 474 1032]] , [[ 474 1043]]
[[ 708 1010]] , [[ 708 1023]]
[[ 706 1006]] , [[ 706 1017]]
[[ 472 1618]] , [[ 472 1622]]
[[ 838 1613]] , [[ 838 1617]]
[[ 486 1028]] , [[ 485 1029]]
[[ 472 1618]] , [[ 472 1622]]
[[ 473 1619]] , [[ 473 1623]]
[[ 952 1875]] , [[ 952 1879]]
[[ 472 1040]] , [[ 472 1045]]
[[ 686 1016]] , [[ 686 1023]]
[[ 824 1611]] , [[ 824 1615]]
[[ 427 1618]] , [[ 426 1619]]
[[ 958 1879]] , [[ 958 1883]]
[[ 699 1879]] , [[ 699 1883]]
[[ 850 1874]] , [[ 849 1875]]
[[ 746 1880]] , [[ 746 1884]]
[[ 619 1880]] , [[ 618 1881]]
[[ 732 1877]] , [[ 732 1881]]
[[ 954 1879]] , [[ 954 1883]]
[[ 964 1879]] , [[ 964 1883]]
[[ 850 1873]] , [[ 850 1882]]
[[ 480 1021]] , [[ 479 1022]]
[[ 784 1874]] , [[ 784 1879]]
[[ 562 1880]] , [[ 562 1886]]
[[669 926]] , [[669 927]]
[[ 850 1612]] , [[ 850 1616]]
[[836 956]] , [[836 957]]
[[ 486 1011]] , [[ 486 1013]]
[[ 489 1009]] , [[ 489 1011]]
[[ 856 1873]] , [[ 855 1874]]
[[ 486 1006]] , [[ 486 1013]]
[[ 832 1612]] , [[ 832 1617]]
[[ 754 1880]] , [[ 754 1887]]
[[ 965 1880]] , [[ 965 1884]]
[[ 819 1874]] , [[ 817 1876]]
[[ 660 1876]] , [[ 660 1878]]
[[ 660 1876]] , [[ 660 1878]]
[[ 704 1876]] , [[ 704 1877]]
[[ 486 1002]] , [[ 486 1009]]
[[ 646 1879]] , [[ 646 1883]]
[[ 848 1616]] , [[ 848 1621]]
[[ 848 1616]] , [[ 848 1621]]
[[ 848 1616]] , [[ 848 1621]]
[[ 867 1616]] , [[ 867 1620]]
[[ 486 1006]] , [[ 486 1010]]
[[ 801 1611]] , [[ 801 1615]]
[[ 848 1616]] , [[ 848 1621]]
[[ 486 1006]] , [[ 486 1011]]
[[464 802]] , [[464 849]]
[[770 868]] , [[770 873]]
[[464 802]] , [[464 849]]
[[ 928 1878]] , [[ 928 1883]]
[[466 853]] , [[466 863]]
[[465 813]] , [[465 814]]
[[466 814]] , [[465 815]]
[[672 928]] , [[672 929]]
[[466 814]] , [[465 815]]
[[ 486 1006]] , [[ 486 1015]]
[[482 794]] , [[482 799]]
[[742 874]] , [[742 879]]
[[672 942]] , [[672 953]]
[[ 958 1877]] , [[ 958 1883]]
[[ 938 1875]] , [[ 938 1879]]
[[ 486 1000]] , [[ 486 1005]]
[[ 805 1611]] , [[ 805 1615]]
[[ 699 1878]] , [[ 696 1881]]
[[ 486 1000]] , [[ 486 1017]]
[[ 838 1875]] , [[ 838 1879]]
[[768 868]] , [[768 872]]
[[ 871 1618]] , [[ 871 1622]]
[[ 486 1004]] , [[ 486 1014]]
[[ 754 1874]] , [[ 754 1879]]
[[ 670 1616]] , [[ 670 1623]]
[[ 784 1611]] , [[ 784 1615]]
[[ 478 1020]] , [[ 478 1021]]
[[ 478 1020]] , [[ 478 1021]]
[[674 950]] , [[674 951]]
[[672 938]] , [[672 944]]
[[672 938]] , [[672 943]]
[[ 926 1876]] , [[ 926 1880]]
[[ 485 1006]] , [[ 484 1007]]
[[ 869 1618]] , [[ 869 1622]]
[[ 485 1006]] , [[ 484 1007]]
[[ 862 1615]] , [[ 862 1619]]
[[ 808 1611]] , [[ 808 1615]]
[[ 788 1612]] , [[ 788 1616]]
[[ 484 1002]] , [[ 484 1009]]
[[ 484 1002]] , [[ 484 1009]]
[[ 724 1611]] , [[ 724 1615]]
[[ 850 1613]] , [[ 850 1617]]
[[672 938]] , [[672 942]]
[[ 862 1616]] , [[ 862 1621]]
[[ 924 1874]] , [[ 924 1878]]
[[ 762 1874]] , [[ 762 1881]]
[[ 688 1611]] , [[ 688 1617]]
[[ 847 1613]] , [[ 847 1617]]
[[ 752 1613]] , [[ 752 1617]]
[[ 752 1875]] , [[ 752 1879]]
[[ 942 1877]] , [[ 941 1878]]
[[ 695 1612]] , [[ 695 1616]]
[[ 486 1006]] , [[ 486 1007]]
[[ 788 1612]] , [[ 788 1613]]
[[ 862 1616]] , [[ 862 1620]]
[[ 297 1882]] , [[ 296 1883]]
[[ 884 1876]] , [[ 884 1885]]
[[ 786 1614]] , [[ 786 1618]]
[[ 488 1009]] , [[ 488 1016]]
[[ 488 1009]] , [[ 488 1016]]
[[ 817 1611]] , [[ 816 1612]]
[[ 328 1623]] , [[ 328 1629]]
[[468 846]] , [[468 851]]
[[ 816 1892]] , [[ 816 1895]]
[[ 901 1876]] , [[ 901 1880]]
[[ 830 1612]] , [[ 830 1618]]
[[672 924]] , [[672 935]]
[[ 600 1882]] , [[ 600 1887]]
[[ 326 1624]] , [[ 326 1629]]
[[ 952 1878]] , [[ 952 1882]]
[[ 718 1611]] , [[ 718 1615]]
[[ 842 1872]] , [[ 839 1875]]
[[ 800 1611]] , [[ 800 1615]]
[[ 820 1612]] , [[ 820 1616]]
[[834 924]] , [[834 925]]
[[ 870 1618]] , [[ 870 1623]]
[[ 853 1614]] , [[ 853 1618]]
[[ 870 1619]] , [[ 870 1623]]
[[ 753 1874]] , [[ 752 1875]]
[[ 797 1611]] , [[ 796 1612]]
[[ 771 1612]] , [[ 770 1613]]
[[ 820 1612]] , [[ 820 1617]]
[[ 490 1002]] , [[ 490 1007]]
[[ 846 1875]] , [[ 846 1879]]
[[675 920]] , [[675 921]]
[[ 802 1611]] , [[ 801 1612]]
[[ 914 1874]] , [[ 914 1878]]
[[ 902 1873]] , [[ 902 1877]]
[[ 472 1006]] , [[ 472 1011]]
[[ 472 1004]] , [[ 472 1011]]
[[ 496 1002]] , [[ 496 1007]]
[[ 494 1000]] , [[ 494 1013]]
[[478 856]] , [[478 861]]
[[672 920]] , [[672 921]]
[[674 920]] , [[674 921]]
[[847 966]] , [[847 970]]
[[846 960]] , [[846 977]]
[[ 474 1016]] , [[ 474 1019]]
[[ 721 1611]] , [[ 721 1615]]
[[ 833 1612]] , [[ 833 1616]]
[[ 762 1611]] , [[ 762 1615]]
[[ 808 1612]] , [[ 808 1617]]
[[ 763 1611]] , [[ 763 1615]]
[[ 832 1010]] , [[ 832 1019]]
[[ 774 1612]] , [[ 774 1617]]
[[ 832 1004]] , [[ 832 1005]]
[[704 996]] , [[ 704 1009]]
[[ 496 1024]] , [[ 496 1033]]
[[702 721]] , [[702 727]]
[[808 868]] , [[808 877]]
[[808 868]] , [[808 877]]
[[ 710 1012]] , [[ 710 1025]]
[[698 722]] , [[698 727]]
[[836 958]] , [[836 977]]
[[816 866]] , [[816 867]]
[[838 942]] , [[838 943]]
[[810 866]] , [[810 869]]
[[294 698]] , [[294 703]]
[[840 956]] , [[840 959]]
[[ 480 1024]] , [[ 480 1033]]
[[838 956]] , [[838 959]]
[[ 480 1022]] , [[ 480 1023]]
[[ 832 1612]] , [[ 832 1616]]
[[ 700 1876]] , [[ 700 1885]]
[[ 948 1878]] , [[ 948 1883]]
[[ 469 1025]] , [[ 469 1026]]
[[ 495 1022]] , [[ 494 1023]]
[[ 671 1613]] , [[ 671 1617]]
[[ 496 1000]] , [[ 496 1013]]
[[ 841 1611]] , [[ 840 1612]]
[[ 496 1012]] , [[ 496 1016]]
[[ 834 1873]] , [[ 833 1874]]
[[ 495 1013]] , [[ 495 1020]]
[[ 495 1026]] , [[ 496 1025]]
[[ 960 1877]] , [[ 960 1881]]
[[ 588 1881]] , [[ 588 1885]]
[[ 846 1875]] , [[ 846 1879]]
[[ 756 1874]] , [[ 755 1875]]
[[ 920 1874]] , [[ 920 1878]]
[[ 914 1876]] , [[ 914 1880]]
[[ 762 1616]] , [[ 762 1620]]
[[ 731 1611]] , [[ 731 1615]]
[[ 305 1048]] , [[ 304 1049]]
[[ 864 1616]] , [[ 864 1620]]
[[ 768 1611]] , [[ 768 1615]]
[[ 710 1612]] , [[ 710 1616]]
[[ 734 1611]] , [[ 734 1615]]
[[ 768 1874]] , [[ 768 1878]]
[[ 766 1874]] , [[ 765 1875]]
[[ 613 1878]] , [[ 612 1879]]
[[ 760 1616]] , [[ 760 1620]]
[[ 995 1888]] , [[ 995 1893]]
[[ 966 1878]] , [[ 966 1887]]
[[ 497 1881]] , [[ 495 1883]]
[[ 468 1886]] , [[ 468 1891]]
[[ 819 1875]] , [[ 819 1879]]
[[ 816 1875]] , [[ 816 1879]]
[[ 864 1616]] , [[ 864 1623]]
[[ 742 1611]] , [[ 742 1615]]
[[ 636 1878]] , [[ 636 1883]]
[[ 756 1875]] , [[ 755 1876]]
[[ 838 1875]] , [[ 838 1879]]
[[ 758 1875]] , [[ 758 1879]]
[[ 972 1882]] , [[ 972 1887]]
[[ 495 1012]] , [[ 494 1013]]
[[ 768 1874]] , [[ 767 1875]]
[[ 662 1876]] , [[ 661 1877]]
[[ 760 1616]] , [[ 760 1620]]
[[675 924]] , [[675 927]]
[[ 824 1612]] , [[ 824 1616]]
[[ 827 1611]] , [[ 826 1612]]
[[ 489 1021]] , [[ 488 1022]]
[[ 847 1612]] , [[ 847 1616]]
[[ 763 1874]] , [[ 762 1875]]
[[ 482 1022]] , [[ 482 1023]]
[[ 858 1875]] , [[ 858 1879]]
[[ 806 1616]] , [[ 806 1621]]
[[ 804 1616]] , [[ 804 1621]]
[[ 296 1030]] , [[ 296 1031]]
[[ 848 1613]] , [[ 848 1619]]
[[ 806 1616]] , [[ 806 1621]]
[[  26 1626]] , [[  26 1631]]
[[ 495 1036]] , [[ 496 1035]]
[[ 307 1028]] , [[ 307 1029]]
[[ 702 1875]] , [[ 702 1879]]
[[ 860 1875]] , [[ 860 1879]]
[[ 490 1018]] , [[ 490 1021]]
[[ 490 1018]] , [[ 490 1021]]
[[ 680 1880]] , [[ 680 1884]]
[[ 750 1880]] , [[ 750 1885]]
[[ 488 1022]] , [[ 486 1024]]
[[ 585 1615]] , [[ 584 1616]]
[[ 712 1611]] , [[ 712 1615]]
[[ 696 1880]] , [[ 696 1884]]
[[ 802 1612]] , [[ 802 1616]]
[[ 960 1880]] , [[ 960 1881]]
[[ 724 1612]] , [[ 724 1616]]
[[ 656 1614]] , [[ 656 1619]]
[[ 709 1611]] , [[ 709 1615]]
[[ 296 1030]] , [[ 296 1031]]
[[ 490 1019]] , [[ 490 1021]]
[[ 723 1877]] , [[ 722 1878]]
[[ 298 1030]] , [[ 298 1035]]
[[ 682 1016]] , [[ 682 1023]]
[[ 298 1022]] , [[ 298 1023]]
[[ 490 1018]] , [[ 490 1019]]
[[ 657 1874]] , [[ 657 1878]]
[[ 832 1874]] , [[ 832 1878]]
[[ 624 1877]] , [[ 624 1878]]
[[ 488 1020]] , [[ 487 1021]]
[[ 776 1611]] , [[ 776 1615]]
[[ 684 1881]] , [[ 683 1882]]
[[ 831 1875]] , [[ 831 1879]]
[[ 830 1875]] , [[ 830 1879]]
[[ 292 1022]] , [[ 292 1027]]
[[ 760 1618]] , [[ 760 1623]]
[[ 296 1022]] , [[ 296 1031]]
[[ 756 1874]] , [[ 756 1879]]
[[ 309 1026]] , [[ 309 1027]]
[[ 808 1611]] , [[ 808 1615]]
[[ 760 1618]] , [[ 760 1623]]
[[ 848 1611]] , [[ 847 1612]]
[[ 298 1024]] , [[ 298 1037]]
[[ 760 1618]] , [[ 760 1623]]
[[ 290 1048]] , [[ 290 1055]]
[[ 880 1878]] , [[ 880 1885]]
[[ 718 1612]] , [[ 718 1616]]
[[ 846 1613]] , [[ 846 1617]]
[[ 484 1018]] , [[ 484 1019]]
[[ 809 1876]] , [[ 809 1880]]
[[686 984]] , [[686 985]]
[[682 970]] , [[682 995]]
[[686 964]] , [[686 965]]
[[ 296 1038]] , [[ 296 1055]]
[[838 904]] , [[838 913]]
[[ 497 1020]] , [[ 497 1021]]
[[ 500 1004]] , [[ 500 1013]]
[[ 839 1014]] , [[ 840 1013]]
[[ 839 1014]] , [[ 840 1013]]
[[676 954]] , [[676 959]]
[[ 839 1014]] , [[ 840 1013]]
[[ 839 1014]] , [[ 840 1013]]
[[686 918]] , [[686 929]]
[[ 839 1014]] , [[ 840 1013]]
[[ 484 1008]] , [[ 484 1015]]
[[ 704 1878]] , [[ 703 1879]]
[[ 694 1610]] , [[ 693 1611]]
[[ 704 1876]] , [[ 704 1883]]
[[ 753 1614]] , [[ 753 1618]]
[[ 772 1878]] , [[ 772 1883]]
[[ 702 1877]] , [[ 701 1878]]
[[ 752 1613]] , [[ 752 1617]]
[[ 752 1613]] , [[ 752 1617]]
[[ 751 1613]] , [[ 751 1617]]
[[830 928]] , [[830 945]]
[[ 553 1880]] , [[ 552 1881]]
[[ 549 1881]] , [[ 549 1885]]
[[ 497 1881]] , [[ 496 1882]]
[[ 551 1881]] , [[ 551 1885]]
[[ 850 1876]] , [[ 850 1880]]
[[ 338 1619]] , [[ 338 1623]]
[[835 968]] , [[835 973]]
[[832 996]] , [[832 997]]
[[ 306 1050]] , [[ 306 1057]]
[[ 786 1610]] , [[ 786 1614]]
[[ 786 1610]] , [[ 786 1615]]
[[ 786 1610]] , [[ 786 1615]]
[[ 826 1611]] , [[ 826 1615]]
[[840 956]] , [[840 970]]
[[684 990]] , [[684 991]]
[[ 679 1878]] , [[ 678 1879]]
[[ 619 1880]] , [[ 616 1883]]
[[ 680 1878]] , [[ 680 1883]]
[[ 496 1012]] , [[ 496 1013]]
[[ 966 1880]] , [[ 966 1884]]
[[ 480 1020]] , [[ 480 1021]]
[[ 490 1000]] , [[ 490 1005]]
[[ 476 1000]] , [[ 476 1005]]
[[ 843 1872]] , [[ 843 1877]]
[[ 812 1611]] , [[ 812 1617]]
[[ 872 1876]] , [[ 872 1880]]
[[ 781 1611]] , [[ 781 1615]]
[[ 800 1610]] , [[ 799 1611]]
[[ 834 1874]] , [[ 834 1879]]
[[ 720 1877]] , [[ 720 1885]]
[[ 702 1876]] , [[ 702 1881]]
[[ 788 1611]] , [[ 788 1615]]
[[ 822 1611]] , [[ 822 1615]]
[[ 790 1611]] , [[ 790 1615]]
[[ 542 1888]] , [[ 542 1893]]
[[ 538 1190]] , [[ 538 1191]]
[[ 755 1206]] , [[ 755 1207]]
[[ 546 1354]] , [[ 546 1355]]
[[ 756 1206]] , [[ 756 1207]]
[[ 752 1206]] , [[ 752 1207]]
[[ 281 1468]] , [[ 282 1467]]
[[ 540 1352]] , [[ 540 1357]]
[[ 281 1466]] , [[ 282 1465]]
[[ 281 1466]] , [[ 282 1465]]
[[ 378 1188]] , [[ 378 1189]]
[[ 752 1206]] , [[ 752 1207]]
[[ 376 1190]] , [[ 376 1191]]
[[ 538 1192]] , [[ 538 1193]]
[[ 384 1188]] , [[ 384 1189]]
[[ 374 1190]] , [[ 374 1191]]
[[ 376 1188]] , [[ 376 1189]]
[[ 226 1194]] , [[ 226 1201]]
[[ 538 1192]] , [[ 538 1193]]
[[ 756 1206]] , [[ 756 1207]]
[[ 528 1194]] , [[ 528 1195]]
[[ 226 1194]] , [[ 226 1199]]
[[ 228 1194]] , [[ 228 1199]]
[[ 228 1194]] , [[ 228 1199]]
[[ 229 1196]] , [[ 229 1200]]
[[ 760 1785]] , [[ 760 1789]]
[[ 230 1216]] , [[ 230 1233]]
[[ 229 1249]] , [[ 229 1253]]
[[ 230 1214]] , [[ 230 1231]]
[[ 231 1210]] , [[ 230 1211]]
[[ 754 1206]] , [[ 754 1207]]
[[ 236 1310]] , [[ 236 1311]]
[[ 236 1310]] , [[ 236 1311]]
[[ 738 1788]] , [[ 738 1793]]
[[ 755 1206]] , [[ 755 1207]]
[[ 534 1194]] , [[ 534 1195]]
[[ 234 1239]] , [[ 234 1245]]
[[ 230 1302]] , [[ 230 1309]]
[[ 240 1216]] , [[ 240 1227]]
[[ 238 1214]] , [[ 238 1220]]
[[ 754 1204]] , [[ 754 1207]]
[[ 546 1350]] , [[ 546 1351]]
[[ 752 1204]] , [[ 752 1207]]
[[ 754 1206]] , [[ 754 1209]]
[[ 752 1206]] , [[ 752 1207]]
[[ 240 1218]] , [[ 240 1229]]
[[ 752 1206]] , [[ 752 1211]]
[[ 960 1600]] , [[ 960 1605]]
[[ 240 1216]] , [[ 240 1229]]
[[ 238 1232]] , [[ 238 1237]]
[[ 752 1206]] , [[ 752 1209]]
[[ 752 1206]] , [[ 752 1209]]
[[ 752 1206]] , [[ 752 1209]]
[[ 752 1206]] , [[ 752 1209]]
[[ 373 1190]] , [[ 373 1196]]
[[ 528 1196]] , [[ 528 1197]]
[[ 528 1196]] , [[ 528 1197]]
[[ 382 1188]] , [[ 382 1189]]
[[ 382 1188]] , [[ 382 1189]]
[[ 754 1016]] , [[ 754 1017]]
[[ 528 1194]] , [[ 528 1195]]
[[ 749 1288]] , [[ 750 1287]]
[[ 379 1190]] , [[ 379 1191]]
[[ 379 1190]] , [[ 379 1191]]
[[ 377 1190]] , [[ 377 1191]]
[[ 372 1190]] , [[ 372 1199]]
[[ 755 1208]] , [[ 755 1209]]
[[ 754 1208]] , [[ 754 1209]]
[[ 528 1194]] , [[ 528 1195]]
[[ 528 1194]] , [[ 528 1195]]
[[ 748 1212]] , [[ 748 1213]]
[[ 224 1334]] , [[ 224 1339]]
[[ 232 1200]] , [[ 232 1205]]
[[ 524 1194]] , [[ 524 1197]]
[[ 746 1210]] , [[ 746 1213]]
[[ 524 1194]] , [[ 524 1195]]
[[ 524 1194]] , [[ 524 1195]]
[[ 749 1210]] , [[ 749 1213]]
[[ 743 1208]] , [[ 743 1212]]
[[ 524 1194]] , [[ 524 1195]]
[[ 524 1194]] , [[ 524 1195]]
[[ 748 1210]] , [[ 748 1213]]
[[ 750 1212]] , [[ 750 1215]]
[[ 741 1353]] , [[ 741 1357]]
[[ 368 1190]] , [[ 368 1199]]
[[ 749 1212]] , [[ 749 1213]]
[[ 736 1296]] , [[ 736 1297]]
[[ 746 1294]] , [[ 745 1295]]
[[ 732 1298]] , [[ 732 1333]]
[[ 748 1297]] , [[ 747 1298]]
[[ 516 1196]] , [[ 516 1199]]
[[ 736 1220]] , [[ 736 1221]]
[[ 743 1236]] , [[ 744 1235]]
[[ 735 1222]] , [[ 735 1223]]
[[ 734 1226]] , [[ 734 1227]]
[[ 734 1228]] , [[ 734 1229]]
[[ 744 1232]] , [[ 744 1233]]
[[ 744 1228]] , [[ 744 1229]]
[[ 730 1308]] , [[ 730 1309]]
[[ 730 1308]] , [[ 730 1309]]
[[ 734 1316]] , [[ 734 1327]]
[[ 760 1298]] , [[ 760 1299]]
[[ 758 1296]] , [[ 758 1297]]
[[ 740 1228]] , [[ 740 1229]]
[[ 749 1377]] , [[ 750 1378]]
[[ 756 1216]] , [[ 756 1225]]
[[ 760 1212]] , [[ 760 1215]]
[[ 378 1196]] , [[ 378 1197]]
[[ 762 1118]] , [[ 762 1139]]
[[ 764 1096]] , [[ 764 1111]]
[[ 738 1124]] , [[ 738 1135]]
[[ 736 1130]] , [[ 736 1135]]
[[ 200 1030]] , [[ 200 1031]]
[[ 207 1316]] , [[ 208 1315]]
[[ 202 1030]] , [[ 202 1031]]
[[ 738 1030]] , [[ 738 1039]]
[[ 566 1048]] , [[ 565 1049]]
[[ 737 1034]] , [[ 737 1039]]
[[ 218 1173]] , [[ 218 1177]]
[[ 211 1319]] , [[ 212 1318]]
[[ 366 1196]] , [[ 366 1197]]
[[ 216 1173]] , [[ 216 1177]]
[[ 211 1319]] , [[ 212 1318]]
[[ 550 1048]] , [[ 550 1079]]
[[ 550 1048]] , [[ 550 1049]]
[[ 211 1319]] , [[ 212 1318]]
[[ 213 1196]] , [[ 213 1199]]
[[ 213 1196]] , [[ 213 1199]]
[[ 550 1048]] , [[ 550 1049]]
[[ 542 1206]] , [[ 542 1207]]
[[ 226 1330]] , [[ 226 1335]]
[[1070 1816]] , [[1070 1820]]
[[ 360 1198]] , [[ 360 1202]]
[[ 360 1198]] , [[ 360 1202]]
[[ 360 1198]] , [[ 360 1202]]
[[ 214 1196]] , [[ 214 1199]]
[[ 360 1198]] , [[ 360 1202]]
[[ 542 1208]] , [[ 542 1209]]
[[ 214 1196]] , [[ 214 1199]]
[[ 368 1198]] , [[ 368 1199]]
[[ 194 1028]] , [[ 194 1031]]
[[ 214 1196]] , [[ 214 1199]]
[[ 364 1198]] , [[ 364 1199]]
[[ 370 1198]] , [[ 370 1199]]
[[ 222 1200]] , [[ 222 1201]]
[[ 219 1200]] , [[ 219 1201]]
[[ 736 1046]] , [[ 736 1049]]
[[ 558 1254]] , [[ 558 1261]]
[[ 522 1198]] , [[ 522 1199]]
[[ 526 1196]] , [[ 526 1199]]
[[ 220 1050]] , [[ 220 1059]]
[[ 748 1030]] , [[ 748 1033]]
[[ 213 1030]] , [[ 213 1031]]
[[ 213 1028]] , [[ 213 1033]]
[[ 748 1044]] , [[ 748 1049]]
[[ 238 1200]] , [[ 238 1201]]
[[ 225 1200]] , [[ 225 1201]]
[[ 225 1200]] , [[ 225 1201]]
[[ 230 1198]] , [[ 230 1199]]
[[ 388 1198]] , [[ 388 1201]]
[[ 772 1128]] , [[ 772 1151]]
[[ 534 1196]] , [[ 534 1197]]
[[ 528 1196]] , [[ 528 1199]]
[[ 225 1200]] , [[ 225 1201]]
[[ 528 1196]] , [[ 528 1199]]
[[ 230 1198]] , [[ 230 1199]]
[[ 772 1202]] , [[ 772 1203]]
[[ 390 1194]] , [[ 390 1195]]
[[ 225 1196]] , [[ 225 1199]]
[[ 225 1196]] , [[ 225 1199]]
[[ 528 1194]] , [[ 528 1195]]
[[ 225 1196]] , [[ 225 1199]]
[[ 225 1196]] , [[ 225 1199]]
[[ 225 1196]] , [[ 225 1199]]
[[ 232 1196]] , [[ 232 1197]]
[[ 528 1196]] , [[ 528 1197]]
[[ 768 1236]] , [[ 768 1240]]
[[ 528 1194]] , [[ 528 1195]]
[[ 745 1222]] , [[ 745 1229]]
[[ 749 1298]] , [[ 748 1299]]
[[ 528 1196]] , [[ 528 1197]]
[[ 526 1196]] , [[ 526 1251]]
[[ 528 1196]] , [[ 528 1197]]
[[ 528 1196]] , [[ 528 1197]]
[[ 374 1192]] , [[ 374 1195]]
[[ 216 1038]] , [[ 216 1041]]
[[ 528 1194]] , [[ 528 1195]]
[[ 216 1040]] , [[ 216 1049]]
[[ 528 1194]] , [[ 528 1195]]
[[ 526 1194]] , [[ 526 1197]]
[[ 236 1202]] , [[ 236 1215]]
[[ 374 1188]] , [[ 374 1189]]
[[ 238 1202]] , [[ 238 1203]]
[[ 526 1196]] , [[ 526 1197]]
[[ 232 1241]] , [[ 232 1245]]
[[ 232 1241]] , [[ 232 1245]]
[[ 756 1208]] , [[ 756 1211]]
[[ 242 1246]] , [[ 242 1255]]
[[ 242 1246]] , [[ 242 1255]]
[[ 755 1206]] , [[ 755 1209]]
[[ 540 1354]] , [[ 540 1355]]
[[ 542 1354]] , [[ 542 1355]]
[[ 232 1330]] , [[ 232 1335]]
[[ 232 1314]] , [[ 232 1327]]
[[ 229 1302]] , [[ 228 1303]]
[[ 236 1274]] , [[ 236 1281]]
[[ 750 1210]] , [[ 750 1211]]
[[ 199 1061]] , [[ 198 1062]]
[[ 382 1190]] , [[ 382 1193]]
[[ 382 1190]] , [[ 382 1193]]
[[ 382 1190]] , [[ 382 1193]]
[[ 382 1190]] , [[ 382 1191]]
[[ 382 1190]] , [[ 382 1191]]
[[ 530 1196]] , [[ 530 1197]]
[[ 759 1206]] , [[ 759 1207]]
[[ 217 1292]] , [[ 217 1293]]
[[ 754 1206]] , [[ 754 1207]]
[[ 532 1194]] , [[ 532 1195]]
[[ 376 1188]] , [[ 376 1189]]
[[ 234 1280]] , [[ 234 1287]]
[[ 372 1188]] , [[ 372 1211]]
[[ 248 1318]] , [[ 248 1323]]
[[ 220 1292]] , [[ 220 1293]]
[[ 958 1600]] , [[ 958 1604]]
[[ 238 1276]] , [[ 238 1281]]
[[ 221 1317]] , [[ 222 1316]]
[[ 223 1346]] , [[ 224 1345]]
[[ 752 1206]] , [[ 752 1207]]
[[ 217 1218]] , [[ 217 1219]]
[[ 754 1204]] , [[ 754 1205]]
[[ 750 1206]] , [[ 750 1207]]
[[ 748 1206]] , [[ 748 1207]]
[[ 218 1206]] , [[ 218 1215]]
[[ 374 1188]] , [[ 374 1189]]
[[ 757 1202]] , [[ 757 1203]]
[[ 376 1188]] , [[ 376 1189]]
[[ 757 1202]] , [[ 757 1203]]
[[ 258 1288]] , [[ 258 1295]]
[[ 748 1206]] , [[ 748 1207]]
[[ 530 1196]] , [[ 530 1197]]
[[ 530 1196]] , [[ 530 1197]]
[[ 748 1202]] , [[ 748 1207]]
[[ 530 1196]] , [[ 530 1197]]
[[ 274 1300]] , [[ 274 1305]]
[[ 530 1196]] , [[ 530 1197]]
[[ 530 1196]] , [[ 530 1197]]
[[ 372 1022]] , [[ 372 1033]]
[[ 283 1298]] , [[ 284 1297]]
[[ 283 1298]] , [[ 284 1297]]
[[ 372 1022]] , [[ 372 1033]]
[[ 372 1022]] , [[ 372 1033]]
[[ 782 1758]] , [[ 782 1765]]
[[ 532 1196]] , [[ 532 1197]]
[[ 753 1200]] , [[ 753 1205]]
[[ 753 1200]] , [[ 753 1205]]
[[ 754 1198]] , [[ 754 1199]]
[[ 544 1196]] , [[ 544 1197]]
[[ 960 1600]] , [[ 960 1601]]
[[ 754 1198]] , [[ 754 1202]]
[[ 530 1198]] , [[ 530 1199]]
[[ 378 1190]] , [[ 378 1191]]
[[ 262 1296]] , [[ 262 1301]]
[[ 380 1190]] , [[ 380 1191]]
[[ 386 1022]] , [[ 386 1023]]
[[ 394 1188]] , [[ 394 1189]]
[[ 390 1188]] , [[ 390 1189]]
[[ 394 1188]] , [[ 394 1189]]
[[ 752 1020]] , [[ 752 1021]]
[[ 542 1016]] , [[ 542 1017]]
[[ 544 1016]] , [[ 544 1017]]
[[ 520 1018]] , [[ 520 1019]]
[[ 756 1020]] , [[ 756 1021]]
[[ 538 1198]] , [[ 538 1199]]
[[ 530 1200]] , [[ 530 1201]]
[[ 382 1192]] , [[ 382 1193]]
[[ 530 1202]] , [[ 530 1203]]
[[ 374 1194]] , [[ 374 1201]]
[[ 530 1202]] , [[ 530 1203]]
[[ 528 1204]] , [[ 528 1205]]
[[1059 1828]] , [[1059 1829]]
[[ 746 1216]] , [[ 746 1217]]
[[ 746 1216]] , [[ 746 1217]]
[[ 768 1214]] , [[ 768 1215]]
[[1061 1826]] , [[1061 1827]]
[[ 250 1290]] , [[ 250 1307]]
[[ 532 1202]] , [[ 532 1203]]
[[ 737 1214]] , [[ 737 1215]]
[[ 732 1214]] , [[ 732 1226]]
[[ 528 1198]] , [[ 528 1199]]
[[ 946 1598]] , [[ 946 1603]]
[[ 522 1196]] , [[ 522 1197]]
[[ 946 1590]] , [[ 946 1595]]
[[ 207 1242]] , [[ 207 1245]]
[[ 788 1765]] , [[ 787 1766]]
[[ 744 1190]] , [[ 744 1193]]
[[ 203 1357]] , [[ 204 1356]]
[[ 734 1198]] , [[ 734 1199]]
[[ 205 1276]] , [[ 205 1279]]
[[ 202 1312]] , [[ 202 1319]]
[[ 516 1192]] , [[ 516 1193]]
[[ 732 1206]] , [[ 732 1207]]
[[ 520 1192]] , [[ 520 1193]]
[[ 206 1294]] , [[ 206 1299]]
[[ 224 1230]] , [[ 224 1247]]
[[ 526 1192]] , [[ 526 1193]]
[[ 203 1312]] , [[ 203 1319]]
[[ 738 1287]] , [[ 737 1288]]
[[ 384 1328]] , [[ 384 1335]]
[[ 215 1330]] , [[ 214 1331]]
[[ 526 1352]] , [[ 526 1353]]
[[ 740 1232]] , [[ 740 1235]]
[[ 752 1248]] , [[ 752 1259]]
[[ 752 1198]] , [[ 752 1199]]
[[ 378 1192]] , [[ 378 1193]]
[[ 376 1192]] , [[ 376 1193]]
[[ 372 1192]] , [[ 372 1193]]
[[ 224 1188]] , [[ 224 1189]]
[[ 562 1040]] , [[ 562 1041]]
[[ 544 1232]] , [[ 544 1237]]
[[ 360 1190]] , [[ 360 1191]]
[[ 216 1186]] , [[ 216 1187]]
[[ 211 1320]] , [[ 211 1324]]
[[ 211 1320]] , [[ 211 1324]]
[[ 177 1769]] , [[ 177 1773]]
[[ 360 1192]] , [[ 360 1193]]
[[ 214 1160]] , [[ 214 1165]]
[[ 213 1188]] , [[ 213 1189]]
[[ 213 1188]] , [[ 213 1189]]
[[ 192 1022]] , [[ 192 1025]]
[[ 212 1186]] , [[ 212 1187]]
[[ 212 1186]] , [[ 212 1187]]
[[ 366 1192]] , [[ 366 1193]]
[[ 212 1186]] , [[ 212 1187]]
[[ 212 1186]] , [[ 212 1187]]
[[ 217 1186]] , [[ 217 1187]]
[[ 516 1198]] , [[ 516 1199]]
[[ 360 1196]] , [[ 360 1207]]
[[ 368 1194]] , [[ 368 1195]]
[[ 360 1194]] , [[ 360 1197]]
[[ 362 1192]] , [[ 362 1193]]
[[ 214 1164]] , [[ 214 1169]]
[[ 214 1164]] , [[ 214 1169]]
[[ 360 1194]] , [[ 360 1201]]
[[ 360 1194]] , [[ 360 1195]]
[[ 362 1194]] , [[ 362 1195]]
[[ 215 1190]] , [[ 213 1192]]
[[ 205 1328]] , [[ 204 1329]]
[[ 270 1286]] , [[ 270 1305]]
[[ 360 1196]] , [[ 360 1197]]
[[ 225 1328]] , [[ 225 1333]]
[[ 268 1290]] , [[ 268 1293]]
[[ 269 1288]] , [[ 269 1289]]
[[ 516 1198]] , [[ 516 1199]]
[[ 360 1198]] , [[ 360 1199]]
[[ 208 1194]] , [[ 208 1197]]
[[ 358 1198]] , [[ 358 1199]]
[[ 360 1196]] , [[ 360 1197]]
[[ 514 1198]] , [[ 514 1251]]
[[ 208 1190]] , [[ 208 1191]]
[[ 208 1190]] , [[ 208 1191]]
[[ 208 1190]] , [[ 208 1191]]
[[ 225 1312]] , [[ 226 1311]]
[[ 225 1312]] , [[ 226 1311]]
[[ 208 1190]] , [[ 208 1191]]
[[ 208 1192]] , [[ 208 1203]]
[[ 208 1192]] , [[ 208 1193]]
[[ 222 1320]] , [[ 222 1327]]
[[ 222 1320]] , [[ 222 1327]]
[[ 266 1302]] , [[ 266 1306]]
[[ 514 1198]] , [[ 514 1201]]
[[ 514 1198]] , [[ 514 1201]]
[[ 514 1198]] , [[ 514 1201]]
[[ 370 1196]] , [[ 370 1197]]
[[ 518 1198]] , [[ 518 1199]]
[[ 268 1302]] , [[ 268 1307]]
[[ 264 1284]] , [[ 264 1291]]
[[ 520 1196]] , [[ 520 1197]]
[[ 237 1313]] , [[ 237 1317]]
[[ 360 1196]] , [[ 360 1197]]
[[ 374 1194]] , [[ 374 1195]]
[[ 364 1194]] , [[ 364 1195]]
[[ 520 1194]] , [[ 520 1195]]
[[ 229 1064]] , [[ 230 1063]]
[[ 208 1192]] , [[ 208 1203]]
[[ 196 1028]] , [[ 196 1031]]
[[ 218 1200]] , [[ 218 1201]]
[[ 220 1204]] , [[ 220 1205]]
[[ 246 1326]] , [[ 247 1325]]
[[ 368 1212]] , [[ 368 1213]]
[[ 240 1382]] , [[ 240 1387]]
[[ 218 1038]] , [[ 218 1041]]
[[ 228 1179]] , [[ 228 1183]]
[[ 228 1179]] , [[ 228 1183]]
[[ 231 1334]] , [[ 232 1333]]
[[ 233 1334]] , [[ 234 1333]]
[[ 220 1198]] , [[ 220 1205]]
[[ 216 1028]] , [[ 216 1029]]
[[ 238 1196]] , [[ 238 1197]]
[[ 236 1196]] , [[ 236 1197]]
[[ 376 1200]] , [[ 376 1201]]
[[ 236 1196]] , [[ 236 1197]]
[[ 236 1196]] , [[ 236 1197]]
[[ 215 1364]] , [[ 215 1369]]
[[ 530 1202]] , [[ 530 1203]]
[[ 532 1202]] , [[ 532 1203]]
[[ 219 1326]] , [[ 219 1331]]
[[ 546 1202]] , [[ 546 1203]]
[[ 201 1032]] , [[ 201 1033]]
[[ 219 1050]] , [[ 220 1049]]
[[ 202 1030]] , [[ 202 1031]]
[[ 210 1030]] , [[ 210 1031]]
[[ 721 1062]] , [[ 722 1061]]
[[ 202 1030]] , [[ 202 1033]]
[[ 552 1166]] , [[ 552 1177]]
[[ 570 1048]] , [[ 570 1049]]
[[ 230 1200]] , [[ 230 1201]]
[[ 230 1200]] , [[ 230 1201]]
[[ 530 1200]] , [[ 530 1201]]
[[ 756 1046]] , [[ 756 1051]]
[[ 228 1200]] , [[ 228 1201]]
[[ 530 1200]] , [[ 530 1201]]
[[ 228 1200]] , [[ 228 1203]]
[[ 232 1200]] , [[ 232 1201]]
[[ 232 1200]] , [[ 232 1201]]
[[ 750 1244]] , [[ 750 1245]]
[[ 221 1330]] , [[ 221 1331]]
[[ 744 1300]] , [[ 744 1301]]
[[ 746 1297]] , [[ 746 1298]]
[[ 750 1298]] , [[ 749 1299]]
[[ 222 1330]] , [[ 222 1335]]
[[ 754 1295]] , [[ 754 1296]]
[[ 580 1260]] , [[ 580 1265]]
[[ 749 1222]] , [[ 749 1223]]
[[ 218 1198]] , [[ 218 1202]]
[[ 374 1194]] , [[ 374 1201]]
[[ 750 1218]] , [[ 750 1221]]
[[ 750 1218]] , [[ 750 1221]]
[[ 218 1280]] , [[ 218 1285]]
[[ 219 1310]] , [[ 219 1317]]
[[ 550 1198]] , [[ 550 1199]]
[[ 238 1202]] , [[ 238 1203]]
[[ 528 1200]] , [[ 528 1201]]
[[ 240 1202]] , [[ 240 1203]]
[[ 753 1208]] , [[ 753 1211]]
[[ 240 1202]] , [[ 240 1203]]
[[ 748 1210]] , [[ 748 1211]]
[[ 749 1210]] , [[ 749 1211]]
[[ 240 1262]] , [[ 240 1273]]
[[ 240 1262]] , [[ 240 1273]]
[[ 238 1242]] , [[ 238 1245]]
[[ 240 1216]] , [[ 240 1225]]
[[ 749 1212]] , [[ 749 1213]]
[[ 238 1264]] , [[ 238 1273]]
[[ 240 1230]] , [[ 240 1231]]
[[ 240 1230]] , [[ 240 1247]]
[[ 240 1230]] , [[ 240 1247]]
[[ 751 1210]] , [[ 751 1211]]
[[ 240 1232]] , [[ 240 1247]]
[[ 749 1210]] , [[ 749 1211]]
[[ 240 1232]] , [[ 240 1247]]
[[ 755 1294]] , [[ 756 1293]]
[[ 749 1292]] , [[ 750 1291]]
[[ 749 1292]] , [[ 750 1291]]
[[ 240 1208]] , [[ 240 1211]]
[[ 534 1194]] , [[ 534 1195]]
[[ 530 1194]] , [[ 530 1195]]
[[ 373 1188]] , [[ 373 1191]]
[[ 373 1188]] , [[ 373 1191]]
[[ 373 1188]] , [[ 373 1191]]
[[ 528 1194]] , [[ 528 1195]]
[[ 240 1208]] , [[ 240 1209]]
[[ 240 1208]] , [[ 240 1209]]
[[ 240 1208]] , [[ 240 1209]]
[[ 240 1208]] , [[ 240 1209]]
[[ 528 1194]] , [[ 528 1195]]
[[ 746 1208]] , [[ 746 1209]]
[[ 746 1208]] , [[ 746 1209]]
[[ 746 1208]] , [[ 746 1209]]
[[ 552 1352]] , [[ 552 1353]]
[[ 954 1610]] , [[ 954 1615]]
[[ 528 1196]] , [[ 528 1197]]
[[ 200 1759]] , [[ 200 1763]]
[[ 242 1241]] , [[ 242 1256]]
[[ 336 1759]] , [[ 336 1763]]
[[ 233 1230]] , [[ 233 1234]]
[[ 238 1210]] , [[ 238 1215]]
[[ 238 1210]] , [[ 238 1215]]
[[ 746 1210]] , [[ 746 1211]]
[[ 384 1186]] , [[ 384 1187]]
[[ 528 1190]] , [[ 528 1191]]
[[ 747 1204]] , [[ 747 1205]]
[[ 528 1192]] , [[ 528 1193]]
[[ 238 1144]] , [[ 238 1153]]
[[ 375 1192]] , [[ 373 1194]]
[[ 526 1202]] , [[ 526 1203]]
[[ 234 1150]] , [[ 234 1155]]
[[ 234 1150]] , [[ 234 1155]]
[[ 230 1144]] , [[ 230 1157]]
[[ 224 1118]] , [[ 224 1131]]
[[ 215 1205]] , [[ 216 1204]]
[[ 528 1194]] , [[ 528 1195]]
[[ 366 1190]] , [[ 366 1191]]
[[ 760 1278]] , [[ 760 1293]]
[[ 359 1232]] , [[ 359 1239]]
[[ 743 1150]] , [[ 741 1152]]
[[ 215 1192]] , [[ 215 1193]]
[[ 210 1126]] , [[ 210 1131]]
[[ 208 1194]] , [[ 208 1197]]
[[ 220 1196]] , [[ 220 1197]]
[[ 224 1335]] , [[ 224 1339]]
[[ 538 1206]] , [[ 538 1207]]
[[ 208 1098]] , [[ 208 1103]]
[[ 190 1086]] , [[ 190 1091]]
[[ 192 1102]] , [[ 192 1111]]
[[ 192 1100]] , [[ 192 1109]]
[[ 516 1192]] , [[ 516 1193]]
[[ 362 1190]] , [[ 362 1191]]
[[ 372 1190]] , [[ 372 1191]]
[[ 224 1188]] , [[ 224 1189]]
[[ 224 1188]] , [[ 224 1189]]
[[ 224 1186]] , [[ 224 1187]]
[[ 215 1186]] , [[ 215 1187]]
[[ 216 1184]] , [[ 216 1185]]
[[ 216 1184]] , [[ 216 1185]]
[[ 214 1186]] , [[ 214 1187]]
[[ 214 1186]] , [[ 214 1187]]
[[ 194 1098]] , [[ 194 1099]]
[[ 214 1186]] , [[ 214 1187]]
[[ 194 1098]] , [[ 194 1099]]
[[ 240 1084]] , [[ 240 1089]]
[[ 210 1188]] , [[ 210 1189]]
[[ 364 1192]] , [[ 364 1197]]
[[ 348 1106]] , [[ 348 1112]]
[[ 364 1194]] , [[ 364 1197]]
[[ 348 1106]] , [[ 348 1112]]
[[ 214 1188]] , [[ 214 1189]]
[[ 222 1122]] , [[ 222 1129]]
[[ 244 1082]] , [[ 244 1086]]
[[ 244 1082]] , [[ 244 1086]]
[[ 366 1192]] , [[ 366 1195]]
[[ 220 1186]] , [[ 220 1187]]
[[ 222 1186]] , [[ 222 1187]]
[[ 240 1120]] , [[ 240 1129]]
[[ 226 1186]] , [[ 226 1187]]
[[ 242 1126]] , [[ 242 1135]]
[[ 530 1196]] , [[ 530 1197]]
[[ 229 1146]] , [[ 230 1145]]
[[ 229 1146]] , [[ 230 1145]]
[[ 526 1136]] , [[ 526 1151]]
[[ 380 1190]] , [[ 380 1191]]
[[ 232 1142]] , [[ 232 1147]]
[[ 236 1086]] , [[ 236 1087]]
[[ 228 1076]] , [[ 228 1081]]
[[ 236 1086]] , [[ 236 1087]]
[[ 240 1072]] , [[ 240 1085]]
[[ 772 1200]] , [[ 772 1209]]
[[ 747 1234]] , [[ 747 1235]]
[[ 748 1212]] , [[ 748 1213]]
[[ 528 1190]] , [[ 528 1193]]
[[ 761 1330]] , [[ 762 1329]]
[[ 378 1190]] , [[ 378 1193]]
[[ 741 1296]] , [[ 742 1295]]
[[ 218 1120]] , [[ 218 1135]]
[[ 376 1192]] , [[ 376 1193]]
[[ 376 1192]] , [[ 376 1193]]
[[ 238 1230]] , [[ 238 1249]]
[[ 751 1204]] , [[ 751 1205]]
[[ 532 1190]] , [[ 532 1191]]
[[ 378 1180]] , [[ 378 1181]]
[[ 378 1180]] , [[ 378 1181]]
[[ 530 1190]] , [[ 530 1191]]
[[ 540 1190]] , [[ 540 1191]]
[[ 530 1192]] , [[ 530 1193]]
[[ 378 1186]] , [[ 378 1187]]
[[ 378 1188]] , [[ 378 1189]]
[[ 747 1296]] , [[ 748 1295]]
[[ 741 1298]] , [[ 742 1297]]
[[1068 1816]] , [[1068 1820]]
[[ 741 1296]] , [[ 742 1295]]
[[ 236 1260]] , [[ 236 1263]]
[[ 378 1184]] , [[ 378 1185]]
[[ 748 1200]] , [[ 748 1201]]
[[ 548 1188]] , [[ 548 1189]]
[[ 544 1186]] , [[ 544 1189]]
[[ 230 1192]] , [[ 230 1193]]
[[ 757 1198]] , [[ 757 1201]]
[[ 534 1184]] , [[ 534 1187]]
[[ 313 1464]] , [[ 314 1463]]
[[ 229 1458]] , [[ 230 1457]]
[[ 534 1186]] , [[ 534 1187]]
[[ 313 1464]] , [[ 314 1463]]
[[ 227 1458]] , [[ 228 1457]]
[[ 374 1186]] , [[ 374 1187]]
