[[289 238]] , [[290 237]]
[[302 542]] , [[302 545]]
[[474 520]] , [[474 529]]
[[490 978]] , [[490 989]]
[[304 542]] , [[304 543]]
[[482 986]] , [[482 991]]
[[763 714]] , [[761 716]]
[[ 838 1015]] , [[ 837 1016]]
[[763 714]] , [[762 715]]
[[ 491 1008]] , [[ 490 1009]]
[[763 714]] , [[762 715]]
[[490 974]] , [[490 991]]
[[763 714]] , [[762 715]]
[[358 749]] , [[358 753]]
[[762 714]] , [[761 715]]
[[358 749]] , [[358 753]]
[[803 710]] , [[803 714]]
[[701 999]] , [[ 700 1000]]
[[742 716]] , [[742 718]]
[[ 482 1010]] , [[ 482 1021]]
[[ 838 1014]] , [[ 838 1019]]
[[ 838 1014]] , [[ 837 1015]]
[[304 540]] , [[304 541]]
[[484 712]] , [[484 717]]
[[744 716]] , [[744 718]]
[[ 483 1001]] , [[ 482 1002]]
[[744 716]] , [[744 718]]
[[478 760]] , [[478 765]]
[[664 833]] , [[664 837]]
[[678 864]] , [[678 871]]
[[696 980]] , [[696 995]]
[[676 974]] , [[676 985]]
[[672 850]] , [[672 863]]
[[ 703 1018]] , [[ 704 1017]]
[[722 718]] , [[721 719]]
[[656 790]] , [[656 797]]
[[671 860]] , [[672 859]]
[[355 750]] , [[355 754]]
[[355 750]] , [[355 754]]
[[352 750]] , [[352 755]]
[[840 798]] , [[840 799]]
[[671 858]] , [[672 857]]
[[484 872]] , [[484 877]]
[[656 790]] , [[656 803]]
[[756 716]] , [[756 721]]
[[ 703 1018]] , [[ 704 1017]]
[[674 923]] , [[674 927]]
[[484 872]] , [[484 877]]
[[656 786]] , [[656 797]]
[[674 920]] , [[674 921]]
[[ 703 1018]] , [[ 704 1017]]
[[482 998]] , [[ 482 1007]]
[[674 920]] , [[674 921]]
[[ 518 1033]] , [[ 518 1037]]
[[656 782]] , [[656 789]]
[[486 872]] , [[486 873]]
[[486 872]] , [[486 873]]
[[482 978]] , [[482 983]]
[[486 872]] , [[486 873]]
[[670 922]] , [[670 928]]
[[486 872]] , [[486 873]]
[[486 872]] , [[486 873]]
[[464 784]] , [[464 801]]
[[665 868]] , [[666 867]]
[[656 800]] , [[656 813]]
[[485 780]] , [[485 781]]
[[464 862]] , [[464 867]]
[[485 873]] , [[484 874]]
[[485 873]] , [[484 874]]
[[672 924]] , [[672 933]]
[[483 874]] , [[483 879]]
[[480 902]] , [[480 907]]
[[462 784]] , [[462 791]]
[[ 809 1611]] , [[ 809 1615]]
[[ 710 1611]] , [[ 710 1615]]
[[ 710 1611]] , [[ 710 1615]]
[[474 894]] , [[474 897]]
[[482 996]] , [[ 482 1003]]
[[464 800]] , [[464 811]]
[[672 922]] , [[672 935]]
[[470 898]] , [[470 903]]
[[462 784]] , [[462 791]]
[[482 782]] , [[482 799]]
[[482 996]] , [[ 482 1003]]
[[482 784]] , [[482 799]]
[[672 922]] , [[672 923]]
[[483 874]] , [[482 875]]
[[482 996]] , [[ 482 1003]]
[[654 780]] , [[654 781]]
[[ 766 1611]] , [[ 766 1615]]
[[672 922]] , [[672 923]]
[[484 872]] , [[484 877]]
[[464 830]] , [[464 841]]
[[ 513 1032]] , [[ 512 1033]]
[[484 872]] , [[483 873]]
[[694 968]] , [[694 975]]
[[694 968]] , [[694 975]]
[[671 922]] , [[671 923]]
[[466 796]] , [[466 801]]
[[652 778]] , [[652 785]]
[[466 815]] , [[466 827]]
[[466 796]] , [[466 801]]
[[466 796]] , [[466 801]]
[[466 815]] , [[466 827]]
[[466 806]] , [[466 811]]
[[693 984]] , [[694 983]]
[[468 844]] , [[468 845]]
[[652 780]] , [[652 795]]
[[466 670]] , [[466 675]]
[[672 920]] , [[672 923]]
[[ 482 1004]] , [[ 482 1005]]
[[483 799]] , [[483 803]]
[[482 997]] , [[ 482 1005]]
[[358 887]] , [[358 891]]
[[466 806]] , [[466 834]]
[[ 823 1612]] , [[ 823 1616]]
[[672 922]] , [[672 935]]
[[ 528 1616]] , [[ 528 1623]]
[[656 796]] , [[656 797]]
[[486 870]] , [[486 871]]
[[ 488 1003]] , [[ 488 1007]]
[[450 726]] , [[450 731]]
[[284 548]] , [[283 549]]
[[654 652]] , [[654 653]]
[[842 764]] , [[842 765]]
[[810 884]] , [[810 893]]
[[648 644]] , [[648 659]]
[[ 486 1020]] , [[ 486 1021]]
[[282 548]] , [[282 549]]
[[664 868]] , [[664 869]]
[[656 798]] , [[656 811]]
[[674 950]] , [[674 961]]
[[677 950]] , [[677 955]]
[[ 486 1023]] , [[ 483 1026]]
[[672 924]] , [[672 929]]
[[ 897 1874]] , [[ 896 1875]]
[[ 906 1874]] , [[ 906 1878]]
[[ 496 1030]] , [[ 496 1034]]
[[686 976]] , [[ 686 1025]]
[[742 719]] , [[742 723]]
[[ 496 1025]] , [[ 496 1026]]
[[ 803 1610]] , [[ 802 1611]]
[[ 914 1874]] , [[ 914 1881]]
[[ 801 1610]] , [[ 800 1611]]
[[ 779 1611]] , [[ 779 1615]]
[[ 488 1018]] , [[ 488 1023]]
[[ 788 1611]] , [[ 788 1615]]
[[ 873 1618]] , [[ 873 1622]]
[[712 720]] , [[711 721]]
[[835 974]] , [[835 975]]
[[470 870]] , [[470 879]]
[[835 964]] , [[835 965]]
[[820 700]] , [[820 701]]
[[840 989]] , [[839 990]]
[[856 582]] , [[856 587]]
[[474 752]] , [[474 756]]
[[824 534]] , [[824 539]]
[[ 688 1011]] , [[ 688 1012]]
[[832 942]] , [[832 959]]
[[ 825 1611]] , [[ 824 1612]]
[[ 480 1008]] , [[ 480 1037]]
[[ 482 1022]] , [[ 482 1025]]
[[ 683 1009]] , [[ 682 1010]]
[[ 768 1878]] , [[ 768 1883]]
[[ 488 1022]] , [[ 488 1024]]
[[ 953 1876]] , [[ 952 1877]]
[[ 784 1611]] , [[ 784 1615]]
[[ 792 1612]] , [[ 792 1616]]
[[672 936]] , [[672 941]]
[[ 790 1612]] , [[ 790 1616]]
[[685 990]] , [[686 989]]
[[ 488 1026]] , [[ 487 1027]]
[[656 796]] , [[656 805]]
[[672 928]] , [[672 961]]
[[470 866]] , [[470 870]]
[[ 482 1024]] , [[ 481 1025]]
[[470 866]] , [[470 870]]
[[ 496 1024]] , [[ 496 1032]]
[[672 932]] , [[672 957]]
[[ 487 1014]] , [[ 486 1015]]
[[ 297 1046]] , [[ 296 1047]]
[[672 928]] , [[672 957]]
[[839 924]] , [[839 925]]
[[ 497 1018]] , [[ 496 1019]]
[[ 691 1020]] , [[ 692 1019]]
[[ 729 1876]] , [[ 727 1878]]
[[ 710 1611]] , [[ 710 1615]]
[[832 928]] , [[832 941]]
[[470 866]] , [[470 873]]
[[ 304 1044]] , [[ 304 1045]]
[[ 496 1014]] , [[ 496 1019]]
[[ 496 1014]] , [[ 496 1019]]
[[674 928]] , [[674 953]]
[[ 304 1044]] , [[ 304 1045]]
[[674 926]] , [[674 953]]
[[ 495 1012]] , [[ 494 1013]]
[[343 897]] , [[343 904]]
[[674 924]] , [[674 941]]
[[839 922]] , [[839 926]]
[[ 707 1611]] , [[ 707 1615]]
[[ 486 1006]] , [[ 486 1011]]
[[ 918 1875]] , [[ 918 1879]]
[[ 486 1006]] , [[ 486 1011]]
[[ 927 1874]] , [[ 925 1876]]
[[ 704 1878]] , [[ 704 1883]]
[[ 662 1878]] , [[ 662 1879]]
[[ 662 1878]] , [[ 662 1879]]
[[ 304 1046]] , [[ 304 1051]]
[[470 798]] , [[470 813]]
[[470 798]] , [[470 813]]
[[ 484 1014]] , [[ 484 1015]]
[[676 960]] , [[676 965]]
[[295 888]] , [[294 889]]
[[ 497 1022]] , [[ 497 1023]]
[[ 832 1612]] , [[ 832 1617]]
[[662 824]] , [[662 831]]
[[662 846]] , [[662 852]]
[[665 855]] , [[665 860]]
[[840 778]] , [[840 785]]
[[462 896]] , [[462 901]]
[[ 683 1008]] , [[ 682 1009]]
[[488 986]] , [[488 993]]
[[728 718]] , [[728 723]]
[[ 484 1020]] , [[ 484 1025]]
[[ 684 1012]] , [[ 684 1013]]
[[ 686 1012]] , [[ 686 1013]]
[[824 700]] , [[824 701]]
[[762 712]] , [[762 713]]
[[480 758]] , [[480 767]]
[[ 688 1024]] , [[ 688 1029]]
[[ 767 1611]] , [[ 767 1615]]
[[ 630 1613]] , [[ 630 1617]]
[[ 738 1611]] , [[ 738 1615]]
[[ 759 1873]] , [[ 758 1874]]
[[ 829 1012]] , [[ 827 1014]]
[[ 762 1612]] , [[ 762 1616]]
[[ 476 1016]] , [[ 476 1021]]
[[ 550 1614]] , [[ 549 1615]]
[[ 481 1023]] , [[ 480 1024]]
[[473 892]] , [[471 894]]
[[ 823 1611]] , [[ 823 1615]]
[[ 481 1022]] , [[ 479 1024]]
[[644 628]] , [[644 635]]
[[679 856]] , [[678 857]]
[[652 782]] , [[652 789]]
[[680 855]] , [[680 857]]
[[483 792]] , [[482 793]]
[[695 972]] , [[695 977]]
[[652 796]] , [[652 801]]
[[470 875]] , [[470 879]]
[[ 864 1876]] , [[ 864 1887]]
[[ 762 1874]] , [[ 761 1875]]
[[672 926]] , [[672 927]]
[[ 998 1830]] , [[ 998 1834]]
[[ 486 1002]] , [[ 486 1013]]
[[ 486 1002]] , [[ 486 1009]]
[[496 898]] , [[496 903]]
[[ 486 1002]] , [[ 486 1005]]
[[464 802]] , [[464 835]]
[[466 852]] , [[466 863]]
[[672 925]] , [[672 931]]
[[678 858]] , [[678 867]]
[[464 802]] , [[464 849]]
[[464 802]] , [[464 849]]
[[671 930]] , [[671 931]]
[[481 782]] , [[481 787]]
[[650 770]] , [[650 775]]
[[481 782]] , [[481 787]]
[[481 768]] , [[481 772]]
[[672 924]] , [[672 927]]
[[480 768]] , [[480 777]]
[[480 768]] , [[480 777]]
[[652 764]] , [[652 769]]
[[650 770]] , [[650 774]]
[[464 642]] , [[464 645]]
[[483 792]] , [[483 793]]
[[646 626]] , [[646 631]]
[[480 770]] , [[480 781]]
[[465 810]] , [[464 811]]
[[672 942]] , [[672 953]]
[[482 858]] , [[482 863]]
[[465 812]] , [[465 816]]
[[768 868]] , [[768 872]]
[[ 850 1616]] , [[ 850 1620]]
[[768 868]] , [[768 872]]
[[768 868]] , [[768 872]]
[[286 713]] , [[286 717]]
[[768 868]] , [[768 872]]
[[465 812]] , [[464 813]]
[[670 924]] , [[670 925]]
[[ 701 1020]] , [[ 702 1019]]
[[ 699 1020]] , [[ 700 1019]]
[[672 924]] , [[672 933]]
[[672 924]] , [[672 933]]
[[466 813]] , [[466 849]]
[[550 728]] , [[550 733]]
[[550 728]] , [[550 733]]
[[672 924]] , [[672 933]]
[[466 813]] , [[466 823]]
[[672 938]] , [[672 944]]
[[466 826]] , [[466 829]]
[[ 484 1002]] , [[ 484 1009]]
[[742 872]] , [[742 873]]
[[650 782]] , [[650 807]]
[[464 801]] , [[464 823]]
[[465 654]] , [[465 655]]
[[464 801]] , [[464 814]]
[[ 484 1002]] , [[ 484 1009]]
[[650 780]] , [[650 807]]
[[672 926]] , [[672 932]]
[[ 484 1002]] , [[ 484 1009]]
[[ 729 1611]] , [[ 729 1615]]
[[730 876]] , [[730 891]]
[[ 732 1610]] , [[ 732 1614]]
[[ 734 1611]] , [[ 734 1615]]
[[ 725 1611]] , [[ 725 1615]]
[[ 766 1612]] , [[ 766 1616]]
[[464 807]] , [[464 845]]
[[650 780]] , [[650 807]]
[[672 926]] , [[672 935]]
[[ 491 1024]] , [[ 492 1023]]
[[ 920 1874]] , [[ 920 1878]]
[[ 480 1020]] , [[ 480 1021]]
[[672 930]] , [[672 937]]
[[654 782]] , [[654 783]]
[[646 636]] , [[646 651]]
[[468 814]] , [[468 833]]
[[468 814]] , [[468 833]]
[[486 784]] , [[486 791]]
[[ 386 1883]] , [[ 386 1890]]
[[ 490 1000]] , [[ 490 1001]]
[[674 924]] , [[674 925]]
[[486 782]] , [[486 797]]
[[ 491 1011]] , [[ 491 1012]]
[[472 864]] , [[472 871]]
[[ 763 1875]] , [[ 763 1879]]
[[488 826]] , [[488 831]]
[[480 992]] , [[480 997]]
[[489 804]] , [[488 805]]
[[674 922]] , [[674 923]]
[[489 784]] , [[489 788]]
[[482 976]] , [[482 981]]
[[ 490 1002]] , [[ 490 1007]]
[[ 843 1611]] , [[ 843 1613]]
[[ 764 1612]] , [[ 763 1613]]
[[472 850]] , [[472 851]]
[[680 921]] , [[679 922]]
[[482 976]] , [[482 981]]
[[489 802]] , [[489 803]]
[[ 490 1002]] , [[ 490 1007]]
[[469 806]] , [[468 807]]
[[483 842]] , [[482 843]]
[[695 984]] , [[696 983]]
[[673 920]] , [[673 921]]
[[469 802]] , [[468 803]]
[[472 852]] , [[472 853]]
[[468 800]] , [[468 813]]
[[472 850]] , [[472 851]]
[[702 722]] , [[702 727]]
[[486 770]] , [[486 787]]
[[486 770]] , [[486 787]]
[[840 808]] , [[840 815]]
[[488 800]] , [[488 811]]
[[844 900]] , [[844 905]]
[[496 896]] , [[496 903]]
[[ 481 1026]] , [[ 482 1025]]
[[666 846]] , [[666 851]]
[[676 934]] , [[676 941]]
[[480 996]] , [[ 480 1003]]
[[680 845]] , [[680 849]]
[[ 486 1006]] , [[ 486 1011]]
[[718 723]] , [[718 727]]
[[306 538]] , [[306 547]]
[[694 720]] , [[694 727]]
[[480 529]] , [[480 532]]
[[286 546]] , [[286 547]]
[[286 546]] , [[286 548]]
[[360 747]] , [[360 751]]
[[306 536]] , [[306 537]]
[[814 700]] , [[814 701]]
[[306 536]] , [[306 537]]
[[814 700]] , [[814 701]]
[[832 696]] , [[832 699]]
[[380 515]] , [[380 519]]
[[832 696]] , [[832 697]]
[[836 836]] , [[836 839]]
[[722 720]] , [[722 721]]
[[838 800]] , [[838 801]]
[[ 692 1008]] , [[ 691 1009]]
[[ 480 1020]] , [[ 480 1021]]
[[ 812 1611]] , [[ 812 1617]]
[[ 683 1008]] , [[ 682 1009]]
[[480 996]] , [[ 480 1001]]
[[ 712 1012]] , [[ 712 1017]]
[[840 926]] , [[840 927]]
[[674 928]] , [[674 945]]
[[674 928]] , [[674 945]]
[[674 928]] , [[674 929]]
[[838 924]] , [[838 939]]
[[841 978]] , [[842 977]]
[[838 924]] , [[838 937]]
[[ 762 1616]] , [[ 762 1620]]
[[ 486 1022]] , [[ 486 1023]]
[[ 304 1050]] , [[ 304 1051]]
[[ 305 1048]] , [[ 303 1050]]
[[ 704 1611]] , [[ 704 1615]]
[[674 928]] , [[674 935]]
[[838 926]] , [[838 933]]
[[838 926]] , [[838 933]]
[[ 496 1036]] , [[ 497 1035]]
[[496 990]] , [[496 999]]
[[ 734 1611]] , [[ 734 1615]]
[[674 928]] , [[674 941]]
[[ 504 1616]] , [[ 504 1620]]
[[ 722 1611]] , [[ 722 1615]]
[[ 710 1612]] , [[ 710 1616]]
[[ 502 1018]] , [[ 502 1023]]
[[ 576 1881]] , [[ 576 1886]]
[[ 480 1020]] , [[ 480 1026]]
[[ 888 1875]] , [[ 888 1879]]
[[ 634 1878]] , [[ 633 1879]]
[[ 800 1611]] , [[ 800 1615]]
[[ 804 1611]] , [[ 804 1615]]
[[ 789 1611]] , [[ 789 1615]]
[[ 472 1000]] , [[ 472 1007]]
[[ 786 1611]] , [[ 786 1615]]
[[ 470 1021]] , [[ 470 1023]]
[[ 786 1611]] , [[ 786 1615]]
[[ 472 1000]] , [[ 472 1007]]
[[ 872 1877]] , [[ 872 1881]]
[[675 924]] , [[675 927]]
[[836 926]] , [[836 927]]
[[498 992]] , [[498 997]]
[[836 926]] , [[836 936]]
[[835 862]] , [[836 861]]
[[836 926]] , [[836 936]]
[[334 904]] , [[334 909]]
[[473 866]] , [[473 871]]
[[675 924]] , [[675 927]]
[[840 924]] , [[840 931]]
[[320 906]] , [[320 911]]
[[ 805 1610]] , [[ 804 1611]]
[[ 309 1032]] , [[ 309 1038]]
[[488 970]] , [[488 975]]
[[311 906]] , [[311 910]]
[[ 482 1001]] , [[ 482 1005]]
[[482 999]] , [[ 482 1003]]
[[ 490 1015]] , [[ 490 1017]]
[[840 926]] , [[840 927]]
[[ 690 1000]] , [[ 690 1001]]
[[ 688 1006]] , [[ 688 1009]]
[[ 774 1344]] , [[ 774 1349]]
[[310 896]] , [[310 909]]
[[840 926]] , [[840 927]]
[[ 673 1611]] , [[ 672 1612]]
[[ 490 1018]] , [[ 490 1021]]
[[672 896]] , [[672 901]]
[[ 306 1026]] , [[ 306 1029]]
[[836 922]] , [[836 925]]
[[ 814 1611]] , [[ 814 1615]]
[[ 299 1044]] , [[ 300 1043]]
[[ 804 1612]] , [[ 804 1617]]
[[ 298 1030]] , [[ 298 1035]]
[[ 709 1611]] , [[ 708 1612]]
[[ 687 1020]] , [[ 688 1019]]
[[ 688 1020]] , [[ 689 1019]]
[[ 689 1018]] , [[ 690 1017]]
[[ 690 1008]] , [[ 690 1009]]
[[838 924]] , [[838 925]]
[[318 904]] , [[318 905]]
[[ 711 1014]] , [[ 711 1019]]
[[836 918]] , [[836 919]]
[[ 488 1020]] , [[ 488 1021]]
[[ 296 1024]] , [[ 296 1029]]
[[ 690 1008]] , [[ 690 1009]]
[[ 689 1018]] , [[ 690 1017]]
[[ 836 1008]] , [[ 836 1010]]
[[ 698 1611]] , [[ 698 1615]]
[[ 296 1022]] , [[ 296 1029]]
[[ 489 1019]] , [[ 488 1020]]
[[840 998]] , [[840 999]]
[[ 489 1019]] , [[ 488 1020]]
[[ 684 1006]] , [[ 684 1011]]
[[ 480 1006]] , [[ 480 1013]]
[[ 693 1026]] , [[ 694 1025]]
[[ 482 1004]] , [[ 482 1005]]
[[ 490 1019]] , [[ 489 1020]]
[[ 299 1024]] , [[ 298 1025]]
[[ 707 1020]] , [[ 708 1019]]
[[ 489 1020]] , [[ 488 1021]]
[[359 887]] , [[359 891]]
[[ 295 1042]] , [[ 294 1043]]
[[839 966]] , [[839 971]]
[[686 988]] , [[686 989]]
[[842 962]] , [[842 969]]
[[ 483 1042]] , [[ 484 1041]]
[[838 836]] , [[838 847]]
[[724 876]] , [[724 883]]
[[816 868]] , [[816 869]]
[[838 906]] , [[838 913]]
[[832 830]] , [[832 847]]
[[835 994]] , [[836 993]]
[[840 904]] , [[840 909]]
[[654 753]] , [[654 757]]
[[660 851]] , [[660 879]]
[[840 902]] , [[840 907]]
[[662 846]] , [[662 855]]
[[832 862]] , [[832 871]]
[[844 830]] , [[844 839]]
[[826 858]] , [[826 859]]
[[ 839 1014]] , [[ 840 1013]]
[[ 470 1006]] , [[ 470 1035]]
[[830 926]] , [[830 945]]
[[ 692 1611]] , [[ 692 1615]]
[[831 910]] , [[831 915]]
[[701 994]] , [[700 995]]
[[478 950]] , [[478 951]]
[[488 944]] , [[488 949]]
[[832 910]] , [[832 915]]
[[472 952]] , [[472 959]]
[[690 886]] , [[690 891]]
[[684 976]] , [[684 979]]
[[830 928]] , [[830 945]]
[[ 773 1874]] , [[ 772 1875]]
[[ 850 1874]] , [[ 850 1878]]
[[ 460 1026]] , [[ 460 1033]]
[[686 990]] , [[686 991]]
[[842 830]] , [[842 849]]
[[801 878]] , [[802 877]]
[[804 884]] , [[804 889]]
[[686 990]] , [[686 991]]
[[682 990]] , [[682 997]]
[[809 886]] , [[809 891]]
[[688 990]] , [[688 991]]
[[830 816]] , [[830 825]]
[[778 874]] , [[778 879]]
[[692 884]] , [[692 888]]
[[ 768 1874]] , [[ 767 1875]]
[[674 930]] , [[674 937]]
[[662 864]] , [[662 871]]
[[674 928]] , [[674 929]]
[[520 896]] , [[520 901]]
[[681 958]] , [[680 959]]
[[672 928]] , [[672 945]]
[[ 482 1018]] , [[ 482 1019]]
[[674 920]] , [[674 921]]
[[ 812 1611]] , [[ 812 1615]]
[[674 920]] , [[674 921]]
[[608 894]] , [[608 899]]
[[ 493 1026]] , [[ 494 1025]]
[[ 796 1611]] , [[ 796 1615]]
[[482 999]] , [[ 482 1019]]
[[482 986]] , [[482 991]]
[[482 999]] , [[ 482 1005]]
[[469 870]] , [[469 877]]
[[ 790 1610]] , [[ 790 1614]]
[[302 542]] , [[302 545]]
[[474 520]] , [[474 529]]
[[490 978]] , [[490 989]]
[[304 542]] , [[304 543]]
[[482 986]] , [[482 991]]
[[763 714]] , [[761 716]]
[[ 838 1015]] , [[ 837 1016]]
[[763 714]] , [[762 715]]
[[ 491 1008]] , [[ 490 1009]]
[[763 714]] , [[762 715]]
[[490 974]] , [[490 991]]
[[763 714]] , [[762 715]]
[[358 749]] , [[358 753]]
[[762 714]] , [[761 715]]
[[358 749]] , [[358 753]]
[[803 710]] , [[803 714]]
[[701 999]] , [[ 700 1000]]
[[742 716]] , [[742 718]]
[[ 482 1010]] , [[ 482 1021]]
[[ 838 1014]] , [[ 838 1019]]
[[ 838 1014]] , [[ 837 1015]]
[[304 540]] , [[304 541]]
[[484 712]] , [[484 717]]
[[744 716]] , [[744 718]]
[[ 483 1001]] , [[ 482 1002]]
[[744 716]] , [[744 718]]
[[478 760]] , [[478 765]]
[[664 833]] , [[664 837]]
[[678 864]] , [[678 871]]
[[696 980]] , [[696 995]]
[[676 974]] , [[676 985]]
[[672 850]] , [[672 863]]
[[ 703 1018]] , [[ 704 1017]]
[[722 718]] , [[721 719]]
[[656 790]] , [[656 797]]
[[671 860]] , [[672 859]]
[[355 750]] , [[355 754]]
[[355 750]] , [[355 754]]
[[352 750]] , [[352 755]]
[[840 798]] , [[840 799]]
[[671 858]] , [[672 857]]
[[484 872]] , [[484 877]]
[[656 790]] , [[656 803]]
[[756 716]] , [[756 721]]
[[ 703 1018]] , [[ 704 1017]]
[[674 923]] , [[674 927]]
[[484 872]] , [[484 877]]
[[656 786]] , [[656 797]]
[[674 920]] , [[674 921]]
[[ 703 1018]] , [[ 704 1017]]
[[482 998]] , [[ 482 1007]]
[[674 920]] , [[674 921]]
[[ 518 1033]] , [[ 518 1037]]
[[656 782]] , [[656 789]]
[[486 872]] , [[486 873]]
[[486 872]] , [[486 873]]
[[482 978]] , [[482 983]]
[[486 872]] , [[486 873]]
[[670 922]] , [[670 928]]
[[486 872]] , [[486 873]]
[[486 872]] , [[486 873]]
[[464 784]] , [[464 801]]
[[665 868]] , [[666 867]]
[[656 800]] , [[656 813]]
[[485 780]] , [[485 781]]
[[464 862]] , [[464 867]]
[[485 873]] , [[484 874]]
[[485 873]] , [[484 874]]
[[672 924]] , [[672 933]]
[[483 874]] , [[483 879]]
[[480 902]] , [[480 907]]
[[462 784]] , [[462 791]]
[[ 809 1611]] , [[ 809 1615]]
[[ 710 1611]] , [[ 710 1615]]
[[ 710 1611]] , [[ 710 1615]]
[[474 894]] , [[474 897]]
[[482 996]] , [[ 482 1003]]
[[464 800]] , [[464 811]]
[[672 922]] , [[672 935]]
[[470 898]] , [[470 903]]
[[462 784]] , [[462 791]]
[[482 782]] , [[482 799]]
[[482 996]] , [[ 482 1003]]
[[482 784]] , [[482 799]]
[[672 922]] , [[672 923]]
[[483 874]] , [[482 875]]
[[482 996]] , [[ 482 1003]]
[[654 780]] , [[654 781]]
[[ 766 1611]] , [[ 766 1615]]
[[672 922]] , [[672 923]]
[[484 872]] , [[484 877]]
[[464 830]] , [[464 841]]
[[ 513 1032]] , [[ 512 1033]]
[[484 872]] , [[483 873]]
[[694 968]] , [[694 975]]
[[694 968]] , [[694 975]]
[[671 922]] , [[671 923]]
[[466 796]] , [[466 801]]
[[652 778]] , [[652 785]]
[[466 815]] , [[466 827]]
[[466 796]] , [[466 801]]
[[466 796]] , [[466 801]]
[[466 815]] , [[466 827]]
[[466 806]] , [[466 811]]
[[693 984]] , [[694 983]]
[[468 844]] , [[468 845]]
[[652 780]] , [[652 795]]
[[466 670]] , [[466 675]]
[[672 920]] , [[672 923]]
[[ 482 1004]] , [[ 482 1005]]
[[483 799]] , [[483 803]]
[[482 997]] , [[ 482 1005]]
[[358 887]] , [[358 891]]
[[466 806]] , [[466 834]]
[[ 823 1612]] , [[ 823 1616]]
[[672 922]] , [[672 935]]
[[ 528 1616]] , [[ 528 1623]]
[[656 796]] , [[656 797]]
[[486 870]] , [[486 871]]
[[ 488 1003]] , [[ 488 1007]]
[[450 726]] , [[450 731]]
[[284 548]] , [[283 549]]
[[654 652]] , [[654 653]]
[[842 764]] , [[842 765]]
[[810 884]] , [[810 893]]
[[648 644]] , [[648 659]]
[[ 486 1020]] , [[ 486 1021]]
[[282 548]] , [[282 549]]
[[664 868]] , [[664 869]]
[[656 798]] , [[656 811]]
[[674 950]] , [[674 961]]
[[677 950]] , [[677 955]]
[[ 486 1023]] , [[ 483 1026]]
[[672 924]] , [[672 929]]
[[ 897 1874]] , [[ 896 1875]]
[[ 906 1874]] , [[ 906 1878]]
[[ 496 1030]] , [[ 496 1034]]
[[686 976]] , [[ 686 1025]]
[[742 719]] , [[742 723]]
[[ 496 1025]] , [[ 496 1026]]
[[ 803 1610]] , [[ 802 1611]]
[[ 914 1874]] , [[ 914 1881]]
[[ 801 1610]] , [[ 800 1611]]
[[ 779 1611]] , [[ 779 1615]]
[[ 488 1018]] , [[ 488 1023]]
[[ 788 1611]] , [[ 788 1615]]
[[ 873 1618]] , [[ 873 1622]]
[[712 720]] , [[711 721]]
[[835 974]] , [[835 975]]
[[470 870]] , [[470 879]]
[[835 964]] , [[835 965]]
[[820 700]] , [[820 701]]
[[840 989]] , [[839 990]]
[[856 582]] , [[856 587]]
[[474 752]] , [[474 756]]
[[824 534]] , [[824 539]]
[[ 688 1011]] , [[ 688 1012]]
[[832 942]] , [[832 959]]
[[ 825 1611]] , [[ 824 1612]]
[[ 480 1008]] , [[ 480 1037]]
[[ 482 1022]] , [[ 482 1025]]
[[ 683 1009]] , [[ 682 1010]]
[[ 768 1878]] , [[ 768 1883]]
[[ 488 1022]] , [[ 488 1024]]
[[ 953 1876]] , [[ 952 1877]]
[[ 784 1611]] , [[ 784 1615]]
[[ 792 1612]] , [[ 792 1616]]
[[672 936]] , [[672 941]]
[[ 790 1612]] , [[ 790 1616]]
[[685 990]] , [[686 989]]
[[ 488 1026]] , [[ 487 1027]]
[[656 796]] , [[656 805]]
[[672 928]] , [[672 961]]
[[470 866]] , [[470 870]]
[[ 482 1024]] , [[ 481 1025]]
[[470 866]] , [[470 870]]
[[ 496 1024]] , [[ 496 1032]]
[[672 932]] , [[672 957]]
[[ 487 1014]] , [[ 486 1015]]
[[ 297 1046]] , [[ 296 1047]]
[[672 928]] , [[672 957]]
[[839 924]] , [[839 925]]
[[ 497 1018]] , [[ 496 1019]]
[[ 691 1020]] , [[ 692 1019]]
[[ 729 1876]] , [[ 727 1878]]
[[ 710 1611]] , [[ 710 1615]]
[[832 928]] , [[832 941]]
[[470 866]] , [[470 873]]
[[ 304 1044]] , [[ 304 1045]]
[[ 496 1014]] , [[ 496 1019]]
[[ 496 1014]] , [[ 496 1019]]
[[674 928]] , [[674 953]]
[[ 304 1044]] , [[ 304 1045]]
[[674 926]] , [[674 953]]
[[ 495 1012]] , [[ 494 1013]]
[[343 897]] , [[343 904]]
[[674 924]] , [[674 941]]
[[839 922]] , [[839 926]]
[[ 707 1611]] , [[ 707 1615]]
[[ 486 1006]] , [[ 486 1011]]
[[ 918 1875]] , [[ 918 1879]]
[[ 486 1006]] , [[ 486 1011]]
[[ 927 1874]] , [[ 925 1876]]
[[ 704 1878]] , [[ 704 1883]]
[[ 662 1878]] , [[ 662 1879]]
[[ 662 1878]] , [[ 662 1879]]
[[ 304 1046]] , [[ 304 1051]]
[[470 798]] , [[470 813]]
[[470 798]] , [[470 813]]
[[ 484 1014]] , [[ 484 1015]]
[[676 960]] , [[676 965]]
[[295 888]] , [[294 889]]
[[ 497 1022]] , [[ 497 1023]]
[[ 832 1612]] , [[ 832 1617]]
[[662 824]] , [[662 831]]
[[662 846]] , [[662 852]]
[[665 855]] , [[665 860]]
[[840 778]] , [[840 785]]
[[462 896]] , [[462 901]]
[[ 683 1008]] , [[ 682 1009]]
[[488 986]] , [[488 993]]
[[728 718]] , [[728 723]]
[[ 484 1020]] , [[ 484 1025]]
[[ 684 1012]] , [[ 684 1013]]
[[ 686 1012]] , [[ 686 1013]]
[[824 700]] , [[824 701]]
[[762 712]] , [[762 713]]
[[480 758]] , [[480 767]]
[[ 688 1024]] , [[ 688 1029]]
[[ 767 1611]] , [[ 767 1615]]
[[ 630 1613]] , [[ 630 1617]]
[[ 738 1611]] , [[ 738 1615]]
[[ 759 1873]] , [[ 758 1874]]
[[ 829 1012]] , [[ 827 1014]]
[[ 762 1612]] , [[ 762 1616]]
[[ 476 1016]] , [[ 476 1021]]
[[ 550 1614]] , [[ 549 1615]]
[[ 481 1023]] , [[ 480 1024]]
[[473 892]] , [[471 894]]
[[ 823 1611]] , [[ 823 1615]]
[[ 481 1022]] , [[ 479 1024]]
[[644 628]] , [[644 635]]
[[679 856]] , [[678 857]]
[[652 782]] , [[652 789]]
[[680 855]] , [[680 857]]
[[483 792]] , [[482 793]]
[[695 972]] , [[695 977]]
[[652 796]] , [[652 801]]
[[470 875]] , [[470 879]]
[[ 864 1876]] , [[ 864 1887]]
[[ 762 1874]] , [[ 761 1875]]
[[672 926]] , [[672 927]]
[[ 998 1830]] , [[ 998 1834]]
[[ 486 1002]] , [[ 486 1013]]
[[ 486 1002]] , [[ 486 1009]]
[[496 898]] , [[496 903]]
[[ 486 1002]] , [[ 486 1005]]
[[464 802]] , [[464 835]]
[[466 852]] , [[466 863]]
[[672 925]] , [[672 931]]
[[678 858]] , [[678 867]]
[[464 802]] , [[464 849]]
[[464 802]] , [[464 849]]
[[671 930]] , [[671 931]]
[[481 782]] , [[481 787]]
[[650 770]] , [[650 775]]
[[481 782]] , [[481 787]]
[[481 768]] , [[481 772]]
[[672 924]] , [[672 927]]
[[480 768]] , [[480 777]]
[[480 768]] , [[480 777]]
[[652 764]] , [[652 769]]
[[650 770]] , [[650 774]]
[[464 642]] , [[464 645]]
[[483 792]] , [[483 793]]
[[646 626]] , [[646 631]]
[[480 770]] , [[480 781]]
[[465 810]] , [[464 811]]
[[672 942]] , [[672 953]]
[[482 858]] , [[482 863]]
[[465 812]] , [[465 816]]
[[768 868]] , [[768 872]]
[[ 850 1616]] , [[ 850 1620]]
[[768 868]] , [[768 872]]
[[768 868]] , [[768 872]]
[[286 713]] , [[286 717]]
[[768 868]] , [[768 872]]
[[465 812]] , [[464 813]]
[[670 924]] , [[670 925]]
[[ 701 1020]] , [[ 702 1019]]
[[ 699 1020]] , [[ 700 1019]]
[[672 924]] , [[672 933]]
[[672 924]] , [[672 933]]
[[466 813]] , [[466 849]]
[[550 728]] , [[550 733]]
[[550 728]] , [[550 733]]
[[672 924]] , [[672 933]]
[[466 813]] , [[466 823]]
[[672 938]] , [[672 944]]
[[466 826]] , [[466 829]]
[[ 484 1002]] , [[ 484 1009]]
[[742 872]] , [[742 873]]
[[650 782]] , [[650 807]]
[[464 801]] , [[464 823]]
[[465 654]] , [[465 655]]
[[464 801]] , [[464 814]]
[[ 484 1002]] , [[ 484 1009]]
[[650 780]] , [[650 807]]
[[672 926]] , [[672 932]]
[[ 484 1002]] , [[ 484 1009]]
[[ 729 1611]] , [[ 729 1615]]
[[730 876]] , [[730 891]]
[[ 732 1610]] , [[ 732 1614]]
[[ 734 1611]] , [[ 734 1615]]
[[ 725 1611]] , [[ 725 1615]]
[[ 766 1612]] , [[ 766 1616]]
[[464 807]] , [[464 845]]
[[650 780]] , [[650 807]]
[[672 926]] , [[672 935]]
[[ 491 1024]] , [[ 492 1023]]
[[ 920 1874]] , [[ 920 1878]]
[[ 480 1020]] , [[ 480 1021]]
[[672 930]] , [[672 937]]
[[654 782]] , [[654 783]]
[[646 636]] , [[646 651]]
[[468 814]] , [[468 833]]
[[468 814]] , [[468 833]]
[[486 784]] , [[486 791]]
[[ 386 1883]] , [[ 386 1890]]
[[ 490 1000]] , [[ 490 1001]]
[[674 924]] , [[674 925]]
[[486 782]] , [[486 797]]
[[ 491 1011]] , [[ 491 1012]]
[[472 864]] , [[472 871]]
[[ 763 1875]] , [[ 763 1879]]
[[488 826]] , [[488 831]]
[[480 992]] , [[480 997]]
[[489 804]] , [[488 805]]
[[674 922]] , [[674 923]]
[[489 784]] , [[489 788]]
[[482 976]] , [[482 981]]
[[ 490 1002]] , [[ 490 1007]]
[[ 843 1611]] , [[ 843 1613]]
[[ 764 1612]] , [[ 763 1613]]
[[472 850]] , [[472 851]]
[[680 921]] , [[679 922]]
[[482 976]] , [[482 981]]
[[489 802]] , [[489 803]]
[[ 490 1002]] , [[ 490 1007]]
[[469 806]] , [[468 807]]
[[483 842]] , [[482 843]]
[[695 984]] , [[696 983]]
[[673 920]] , [[673 921]]
[[469 802]] , [[468 803]]
[[472 852]] , [[472 853]]
[[468 800]] , [[468 813]]
[[472 850]] , [[472 851]]
[[702 722]] , [[702 727]]
[[486 770]] , [[486 787]]
[[486 770]] , [[486 787]]
[[840 808]] , [[840 815]]
[[488 800]] , [[488 811]]
[[844 900]] , [[844 905]]
[[496 896]] , [[496 903]]
[[ 481 1026]] , [[ 482 1025]]
[[666 846]] , [[666 851]]
[[676 934]] , [[676 941]]
[[480 996]] , [[ 480 1003]]
[[680 845]] , [[680 849]]
[[ 486 1006]] , [[ 486 1011]]
[[718 723]] , [[718 727]]
[[306 538]] , [[306 547]]
[[694 720]] , [[694 727]]
[[480 529]] , [[480 532]]
[[286 546]] , [[286 547]]
[[286 546]] , [[286 548]]
[[360 747]] , [[360 751]]
[[306 536]] , [[306 537]]
[[814 700]] , [[814 701]]
[[306 536]] , [[306 537]]
[[814 700]] , [[814 701]]
[[832 696]] , [[832 699]]
[[380 515]] , [[380 519]]
[[832 696]] , [[832 697]]
[[836 836]] , [[836 839]]
[[722 720]] , [[722 721]]
[[838 800]] , [[838 801]]
[[ 692 1008]] , [[ 691 1009]]
[[ 480 1020]] , [[ 480 1021]]
[[ 812 1611]] , [[ 812 1617]]
[[ 683 1008]] , [[ 682 1009]]
[[480 996]] , [[ 480 1001]]
[[ 712 1012]] , [[ 712 1017]]
[[840 926]] , [[840 927]]
[[674 928]] , [[674 945]]
[[674 928]] , [[674 945]]
[[674 928]] , [[674 929]]
[[838 924]] , [[838 939]]
[[841 978]] , [[842 977]]
[[838 924]] , [[838 937]]
[[ 762 1616]] , [[ 762 1620]]
[[ 486 1022]] , [[ 486 1023]]
[[ 304 1050]] , [[ 304 1051]]
[[ 305 1048]] , [[ 303 1050]]
[[ 704 1611]] , [[ 704 1615]]
[[674 928]] , [[674 935]]
[[838 926]] , [[838 933]]
[[838 926]] , [[838 933]]
[[ 496 1036]] , [[ 497 1035]]
[[496 990]] , [[496 999]]
[[ 734 1611]] , [[ 734 1615]]
[[674 928]] , [[674 941]]
[[ 504 1616]] , [[ 504 1620]]
[[ 722 1611]] , [[ 722 1615]]
[[ 710 1612]] , [[ 710 1616]]
[[ 502 1018]] , [[ 502 1023]]
[[ 576 1881]] , [[ 576 1886]]
[[ 480 1020]] , [[ 480 1026]]
[[ 888 1875]] , [[ 888 1879]]
[[ 634 1878]] , [[ 633 1879]]
[[ 800 1611]] , [[ 800 1615]]
[[ 804 1611]] , [[ 804 1615]]
[[ 789 1611]] , [[ 789 1615]]
[[ 472 1000]] , [[ 472 1007]]
[[ 786 1611]] , [[ 786 1615]]
[[ 470 1021]] , [[ 470 1023]]
[[ 786 1611]] , [[ 786 1615]]
[[ 472 1000]] , [[ 472 1007]]
[[ 872 1877]] , [[ 872 1881]]
[[675 924]] , [[675 927]]
[[836 926]] , [[836 927]]
[[498 992]] , [[498 997]]
[[836 926]] , [[836 936]]
[[835 862]] , [[836 861]]
[[836 926]] , [[836 936]]
[[334 904]] , [[334 909]]
[[473 866]] , [[473 871]]
[[675 924]] , [[675 927]]
[[840 924]] , [[840 931]]
[[320 906]] , [[320 911]]
[[ 805 1610]] , [[ 804 1611]]
[[ 309 1032]] , [[ 309 1038]]
[[488 970]] , [[488 975]]
[[311 906]] , [[311 910]]
[[ 482 1001]] , [[ 482 1005]]
[[482 999]] , [[ 482 1003]]
[[ 490 1015]] , [[ 490 1017]]
[[840 926]] , [[840 927]]
[[ 690 1000]] , [[ 690 1001]]
[[ 688 1006]] , [[ 688 1009]]
[[ 774 1344]] , [[ 774 1349]]
[[310 896]] , [[310 909]]
[[840 926]] , [[840 927]]
[[ 673 1611]] , [[ 672 1612]]
[[ 490 1018]] , [[ 490 1021]]
[[672 896]] , [[672 901]]
[[ 306 1026]] , [[ 306 1029]]
[[836 922]] , [[836 925]]
[[ 814 1611]] , [[ 814 1615]]
[[ 299 1044]] , [[ 300 1043]]
[[ 804 1612]] , [[ 804 1617]]
[[ 298 1030]] , [[ 298 1035]]
[[ 709 1611]] , [[ 708 1612]]
[[ 687 1020]] , [[ 688 1019]]
[[ 688 1020]] , [[ 689 1019]]
[[ 689 1018]] , [[ 690 1017]]
[[ 690 1008]] , [[ 690 1009]]
[[838 924]] , [[838 925]]
[[318 904]] , [[318 905]]
[[ 711 1014]] , [[ 711 1019]]
[[836 918]] , [[836 919]]
[[ 488 1020]] , [[ 488 1021]]
[[ 296 1024]] , [[ 296 1029]]
[[ 690 1008]] , [[ 690 1009]]
[[ 689 1018]] , [[ 690 1017]]
[[ 836 1008]] , [[ 836 1010]]
[[ 698 1611]] , [[ 698 1615]]
[[ 296 1022]] , [[ 296 1029]]
[[ 489 1019]] , [[ 488 1020]]
[[840 998]] , [[840 999]]
[[ 489 1019]] , [[ 488 1020]]
[[ 684 1006]] , [[ 684 1011]]
[[ 480 1006]] , [[ 480 1013]]
[[ 693 1026]] , [[ 694 1025]]
[[ 482 1004]] , [[ 482 1005]]
[[ 490 1019]] , [[ 489 1020]]
[[ 299 1024]] , [[ 298 1025]]
[[ 707 1020]] , [[ 708 1019]]
[[ 489 1020]] , [[ 488 1021]]
[[359 887]] , [[359 891]]
[[ 295 1042]] , [[ 294 1043]]
[[839 966]] , [[839 971]]
[[686 988]] , [[686 989]]
[[842 962]] , [[842 969]]
[[ 483 1042]] , [[ 484 1041]]
[[838 836]] , [[838 847]]
[[724 876]] , [[724 883]]
[[816 868]] , [[816 869]]
[[838 906]] , [[838 913]]
[[832 830]] , [[832 847]]
[[835 994]] , [[836 993]]
[[840 904]] , [[840 909]]
[[654 753]] , [[654 757]]
[[660 851]] , [[660 879]]
[[840 902]] , [[840 907]]
[[662 846]] , [[662 855]]
[[832 862]] , [[832 871]]
[[844 830]] , [[844 839]]
[[826 858]] , [[826 859]]
[[ 839 1014]] , [[ 840 1013]]
[[ 470 1006]] , [[ 470 1035]]
[[830 926]] , [[830 945]]
[[ 692 1611]] , [[ 692 1615]]
[[831 910]] , [[831 915]]
[[701 994]] , [[700 995]]
[[478 950]] , [[478 951]]
[[488 944]] , [[488 949]]
[[832 910]] , [[832 915]]
[[472 952]] , [[472 959]]
[[690 886]] , [[690 891]]
[[684 976]] , [[684 979]]
[[830 928]] , [[830 945]]
[[ 773 1874]] , [[ 772 1875]]
[[ 850 1874]] , [[ 850 1878]]
[[ 460 1026]] , [[ 460 1033]]
[[686 990]] , [[686 991]]
[[842 830]] , [[842 849]]
[[801 878]] , [[802 877]]
[[804 884]] , [[804 889]]
[[686 990]] , [[686 991]]
[[682 990]] , [[682 997]]
[[809 886]] , [[809 891]]
[[688 990]] , [[688 991]]
[[830 816]] , [[830 825]]
[[778 874]] , [[778 879]]
[[692 884]] , [[692 888]]
[[ 768 1874]] , [[ 767 1875]]
[[674 930]] , [[674 937]]
[[662 864]] , [[662 871]]
[[674 928]] , [[674 929]]
[[520 896]] , [[520 901]]
[[681 958]] , [[680 959]]
[[672 928]] , [[672 945]]
[[ 482 1018]] , [[ 482 1019]]
[[674 920]] , [[674 921]]
[[ 812 1611]] , [[ 812 1615]]
[[674 920]] , [[674 921]]
[[608 894]] , [[608 899]]
[[ 493 1026]] , [[ 494 1025]]
[[ 796 1611]] , [[ 796 1615]]
[[482 999]] , [[ 482 1019]]
[[482 986]] , [[482 991]]
[[482 999]] , [[ 482 1005]]
[[469 870]] , [[469 877]]
[[ 790 1610]] , [[ 790 1614]]
[[ 372 1018]] , [[ 372 1019]]
[[ 752 1018]] , [[ 752 1019]]
[[ 232 1072]] , [[ 232 1073]]
[[ 232 1058]] , [[ 232 1067]]
[[ 373 1018]] , [[ 373 1019]]
[[ 235 1336]] , [[ 236 1335]]
[[ 546 1190]] , [[ 546 1191]]
[[ 378 1016]] , [[ 378 1017]]
[[ 378 1016]] , [[ 378 1017]]
[[ 752 1014]] , [[ 752 1017]]
[[ 752 1014]] , [[ 752 1017]]
[[296 886]] , [[296 891]]
[[ 752 1014]] , [[ 752 1017]]
[[ 540 1010]] , [[ 540 1011]]
[[648 862]] , [[648 863]]
[[ 379 1018]] , [[ 379 1019]]
[[ 372 1018]] , [[ 372 1019]]
[[ 750 1016]] , [[ 750 1025]]
[[ 233 1284]] , [[ 234 1283]]
[[ 220 1166]] , [[ 220 1171]]
[[ 370 1018]] , [[ 370 1019]]
[[ 215 1166]] , [[ 215 1171]]
[[ 215 1166]] , [[ 215 1171]]
[[ 216 1166]] , [[ 216 1171]]
[[ 530 1194]] , [[ 530 1195]]
[[ 378 1188]] , [[ 378 1189]]
[[ 530 1194]] , [[ 530 1195]]
[[ 231 1282]] , [[ 232 1281]]
[[ 231 1282]] , [[ 232 1281]]
[[ 235 1274]] , [[ 236 1273]]
[[ 376 1188]] , [[ 376 1189]]
[[ 376 1188]] , [[ 376 1189]]
[[ 238 1220]] , [[ 237 1221]]
[[ 234 1142]] , [[ 234 1149]]
[[ 374 1018]] , [[ 374 1021]]
[[ 382 1190]] , [[ 382 1191]]
[[ 536 1194]] , [[ 536 1195]]
[[ 376 1188]] , [[ 376 1189]]
[[ 234 1142]] , [[ 234 1147]]
[[ 232 1102]] , [[ 232 1103]]
[[ 376 1186]] , [[ 376 1187]]
[[ 373 1188]] , [[ 373 1193]]
[[ 243 1313]] , [[ 244 1312]]
[[ 230 1106]] , [[ 230 1123]]
[[ 234 1144]] , [[ 234 1147]]
[[ 234 1144]] , [[ 234 1147]]
[[ 232 1204]] , [[ 232 1208]]
[[ 223 1280]] , [[ 224 1279]]
[[ 532 1194]] , [[ 532 1195]]
[[ 223 1280]] , [[ 224 1279]]
[[ 225 1284]] , [[ 226 1283]]
[[ 223 1280]] , [[ 224 1279]]
[[ 223 1280]] , [[ 224 1279]]
[[ 542 1012]] , [[ 542 1013]]
[[ 756 1018]] , [[ 756 1019]]
[[ 758 1018]] , [[ 758 1019]]
[[ 373 1018]] , [[ 373 1022]]
[[ 522 1012]] , [[ 522 1013]]
[[222 898]] , [[222 899]]
[[ 233 1138]] , [[ 234 1137]]
[[ 372 1016]] , [[ 372 1027]]
[[ 520 1012]] , [[ 520 1013]]
[[ 750 1016]] , [[ 750 1025]]
[[214 982]] , [[214 987]]
[[ 518 1012]] , [[ 518 1013]]
[[ 760 1018]] , [[ 760 1019]]
[[ 371 1016]] , [[ 371 1020]]
[[ 540 1010]] , [[ 540 1011]]
[[ 540 1010]] , [[ 540 1011]]
[[ 225 1296]] , [[ 226 1295]]
[[ 372 1190]] , [[ 372 1197]]
[[ 758 1020]] , [[ 758 1021]]
[[ 516 1010]] , [[ 516 1011]]
[[ 370 1018]] , [[ 370 1021]]
[[ 370 1016]] , [[ 370 1017]]
[[ 753 1020]] , [[ 753 1021]]
[[ 752 1020]] , [[ 752 1021]]
[[ 369 1016]] , [[ 369 1017]]
[[ 530 1010]] , [[ 530 1011]]
[[ 510 1012]] , [[ 510 1019]]
[[ 369 1018]] , [[ 369 1021]]
[[ 749 1022]] , [[ 749 1023]]
[[ 368 1190]] , [[ 368 1195]]
[[ 508 1012]] , [[ 508 1017]]
[[ 366 1016]] , [[ 366 1021]]
[[ 225 1301]] , [[ 226 1300]]
[[ 217 1168]] , [[ 217 1172]]
[[ 222 1168]] , [[ 222 1173]]
[[ 198 1054]] , [[ 198 1059]]
[[ 207 1056]] , [[ 208 1055]]
[[ 392 1116]] , [[ 392 1117]]
[[ 360 1038]] , [[ 359 1039]]
[[ 357 1038]] , [[ 357 1039]]
[[ 216 1056]] , [[ 216 1061]]
[[ 744 1024]] , [[ 744 1025]]
[[ 206 1036]] , [[ 206 1041]]
[[ 390 1158]] , [[ 390 1165]]
[[ 516 1202]] , [[ 516 1203]]
[[ 516 1202]] , [[ 516 1203]]
[[ 740 1254]] , [[ 740 1259]]
[[ 358 1200]] , [[ 358 1207]]
[[ 360 1200]] , [[ 360 1215]]
[[ 214 1198]] , [[ 214 1205]]
[[ 382 1196]] , [[ 382 1197]]
[[ 382 1196]] , [[ 382 1197]]
[[ 760 1190]] , [[ 760 1195]]
[[ 202 1028]] , [[ 202 1033]]
[[ 205 1066]] , [[ 206 1065]]
[[ 738 1026]] , [[ 738 1027]]
[[ 200 1026]] , [[ 200 1031]]
[[ 737 1084]] , [[ 738 1083]]
[[ 504 1014]] , [[ 504 1023]]
[[ 197 1060]] , [[ 198 1059]]
[[ 739 1002]] , [[ 739 1007]]
[[ 506 1014]] , [[ 506 1019]]
[[ 506 1014]] , [[ 506 1017]]
[[206 992]] , [[206 996]]
[[ 506 1014]] , [[ 506 1019]]
[[186 988]] , [[186 993]]
[[ 197 1042]] , [[ 198 1041]]
[[ 195 1042]] , [[ 196 1041]]
[[ 197 1044]] , [[ 198 1043]]
[[ 506 1014]] , [[ 506 1017]]
[[ 207 1040]] , [[ 208 1039]]
[[ 197 1044]] , [[ 198 1043]]
[[ 197 1044]] , [[ 198 1043]]
[[ 197 1044]] , [[ 198 1043]]
[[ 197 1044]] , [[ 198 1043]]
[[ 206 1028]] , [[ 206 1035]]
[[ 550 1048]] , [[ 550 1049]]
[[ 360 1198]] , [[ 360 1202]]
[[ 219 1064]] , [[ 220 1063]]
[[ 188 1032]] , [[ 188 1035]]
[[ 550 1048]] , [[ 550 1055]]
[[ 189 1030]] , [[ 189 1031]]
[[ 190 1032]] , [[ 188 1034]]
[[ 190 1032]] , [[ 188 1034]]
[[ 195 1072]] , [[ 196 1071]]
[[ 195 1072]] , [[ 196 1071]]
[[180 938]] , [[180 945]]
[[ 208 1033]] , [[ 209 1032]]
[[ 212 1030]] , [[ 212 1033]]
[[ 506 1014]] , [[ 506 1015]]
[[ 508 1014]] , [[ 508 1015]]
[[186 990]] , [[186 995]]
[[206 996]] , [[ 206 1001]]
[[ 202 1032]] , [[ 202 1035]]
[[ 508 1016]] , [[ 508 1017]]
[[ 510 1016]] , [[ 510 1017]]
[[ 257 1062]] , [[ 258 1061]]
[[ 514 1016]] , [[ 514 1019]]
[[216 996]] , [[ 216 1001]]
[[216 996]] , [[ 216 1001]]
[[194 990]] , [[194 997]]
[[ 261 1064]] , [[ 262 1063]]
[[ 261 1064]] , [[ 262 1063]]
[[ 263 1064]] , [[ 264 1063]]
[[ 218 1030]] , [[ 218 1033]]
[[ 780 1054]] , [[ 780 1083]]
[[ 219 1028]] , [[ 218 1029]]
[[ 207 1030]] , [[ 207 1034]]
[[ 261 1062]] , [[ 262 1061]]
[[ 204 1028]] , [[ 204 1032]]
[[ 209 1074]] , [[ 210 1073]]
[[ 204 1028]] , [[ 204 1033]]
[[ 214 1034]] , [[ 214 1035]]
[[ 780 1088]] , [[ 780 1094]]
[[ 780 1088]] , [[ 780 1096]]
[[ 780 1088]] , [[ 780 1094]]
[[ 213 1026]] , [[ 212 1027]]
[[ 213 1026]] , [[ 213 1029]]
[[ 235 1066]] , [[ 236 1065]]
[[ 216 1026]] , [[ 215 1027]]
[[ 213 1042]] , [[ 214 1041]]
[[ 214 1028]] , [[ 214 1031]]
[[ 526 1196]] , [[ 526 1253]]
[[ 223 1070]] , [[ 224 1069]]
[[ 378 1132]] , [[ 378 1135]]
[[ 532 1196]] , [[ 532 1197]]
[[ 227 1070]] , [[ 228 1069]]
[[ 516 1014]] , [[ 516 1017]]
[[ 755 1022]] , [[ 755 1023]]
[[ 752 1022]] , [[ 752 1023]]
[[ 368 1020]] , [[ 368 1025]]
[[216 974]] , [[216 981]]
[[ 370 1020]] , [[ 370 1033]]
[[ 530 1012]] , [[ 530 1013]]
[[ 530 1012]] , [[ 530 1013]]
[[ 530 1012]] , [[ 530 1013]]
[[ 372 1018]] , [[ 372 1021]]
[[ 269 1060]] , [[ 270 1059]]
[[ 230 1126]] , [[ 230 1130]]
[[ 232 1113]] , [[ 232 1121]]
[[ 372 1188]] , [[ 372 1189]]
[[ 372 1188]] , [[ 372 1189]]
[[ 754 1018]] , [[ 754 1019]]
[[ 376 1188]] , [[ 376 1189]]
[[ 236 1136]] , [[ 236 1137]]
[[ 236 1136]] , [[ 236 1137]]
[[ 220 1280]] , [[ 220 1291]]
[[ 242 1247]] , [[ 242 1255]]
[[ 378 1190]] , [[ 378 1191]]
[[ 750 1210]] , [[ 750 1211]]
[[ 530 1194]] , [[ 530 1195]]
[[ 238 1139]] , [[ 238 1149]]
[[ 760 1020]] , [[ 760 1021]]
[[236 896]] , [[236 901]]
[[ 382 1020]] , [[ 382 1021]]
[[ 755 1018]] , [[ 755 1022]]
[[ 755 1018]] , [[ 755 1022]]
[[ 199 1020]] , [[ 199 1021]]
[[ 542 1014]] , [[ 542 1015]]
[[ 542 1014]] , [[ 542 1015]]
[[ 762 1020]] , [[ 762 1021]]
[[ 376 1188]] , [[ 376 1189]]
[[ 761 1018]] , [[ 761 1021]]
[[ 534 1014]] , [[ 534 1015]]
[[193 942]] , [[193 959]]
[[ 370 1020]] , [[ 370 1025]]
[[196 958]] , [[196 959]]
[[ 372 1188]] , [[ 372 1209]]
[[ 372 1020]] , [[ 372 1021]]
[[ 236 1275]] , [[ 236 1279]]
[[ 372 1020]] , [[ 372 1021]]
[[ 372 1188]] , [[ 372 1197]]
[[ 372 1188]] , [[ 372 1197]]
[[ 764 1018]] , [[ 764 1019]]
[[ 217 1166]] , [[ 217 1175]]
[[ 761 1016]] , [[ 761 1019]]
[[ 752 1020]] , [[ 752 1021]]
[[ 275 1302]] , [[ 276 1301]]
[[ 755 1018]] , [[ 755 1019]]
[[ 516 1016]] , [[ 516 1019]]
[[ 756 1016]] , [[ 756 1019]]
[[202 964]] , [[202 965]]
[[ 754 1016]] , [[ 754 1019]]
[[ 372 1022]] , [[ 372 1031]]
[[ 754 1016]] , [[ 754 1019]]
[[ 516 1016]] , [[ 516 1019]]
[[ 516 1016]] , [[ 516 1019]]
[[ 754 1016]] , [[ 754 1019]]
[[ 520 1016]] , [[ 520 1019]]
[[ 384 1188]] , [[ 384 1189]]
[[ 520 1016]] , [[ 520 1019]]
[[ 518 1016]] , [[ 518 1019]]
[[222 926]] , [[222 941]]
[[ 518 1016]] , [[ 518 1019]]
[[196 958]] , [[196 979]]
[[ 219 1076]] , [[ 220 1075]]
[[ 219 1076]] , [[ 220 1075]]
[[ 756 1016]] , [[ 756 1017]]
[[ 522 1016]] , [[ 522 1017]]
[[ 271 1294]] , [[ 272 1293]]
[[ 392 1020]] , [[ 392 1021]]
[[ 271 1294]] , [[ 272 1293]]
[[ 524 1016]] , [[ 524 1017]]
[[ 267 1294]] , [[ 268 1293]]
[[ 756 1018]] , [[ 756 1019]]
[[ 515 1018]] , [[ 515 1022]]
[[190 908]] , [[190 925]]
[[ 752 1022]] , [[ 752 1023]]
[[214 928]] , [[214 941]]
[[203 986]] , [[204 985]]
[[224 938]] , [[224 939]]
[[224 938]] , [[224 939]]
[[214 928]] , [[214 949]]
[[ 217 1010]] , [[ 218 1009]]
[[217 994]] , [[218 993]]
[[203 994]] , [[204 993]]
[[ 203 1004]] , [[ 204 1003]]
[[ 207 1042]] , [[ 208 1041]]
[[ 540 1018]] , [[ 540 1019]]
[[ 528 1020]] , [[ 528 1021]]
[[194 944]] , [[194 979]]
[[ 518 1022]] , [[ 518 1023]]
[[194 944]] , [[194 977]]
[[ 520 1022]] , [[ 520 1023]]
[[ 768 1026]] , [[ 768 1027]]
[[ 281 1308]] , [[ 282 1307]]
[[ 271 1306]] , [[ 272 1305]]
[[ 271 1306]] , [[ 272 1305]]
[[ 390 1026]] , [[ 390 1027]]
[[ 757 1028]] , [[ 757 1029]]
[[ 754 1028]] , [[ 754 1029]]
[[ 510 1024]] , [[ 510 1025]]
[[ 745 1026]] , [[ 745 1027]]
[[ 360 1024]] , [[ 360 1025]]
[[ 382 1022]] , [[ 382 1023]]
[[ 524 1198]] , [[ 524 1199]]
[[ 204 1172]] , [[ 204 1176]]
[[ 364 1184]] , [[ 364 1185]]
[[ 360 1012]] , [[ 360 1013]]
[[ 360 1180]] , [[ 360 1187]]
[[ 259 1292]] , [[ 260 1291]]
[[ 251 1290]] , [[ 252 1289]]
[[ 736 1012]] , [[ 736 1015]]
[[ 360 1182]] , [[ 360 1189]]
[[ 364 1182]] , [[ 364 1183]]
[[ 372 1014]] , [[ 372 1015]]
[[ 742 1014]] , [[ 742 1015]]
[[ 249 1068]] , [[ 250 1067]]
[[ 224 1140]] , [[ 224 1147]]
[[ 360 1184]] , [[ 360 1185]]
[[ 740 1016]] , [[ 740 1019]]
[[ 736 1016]] , [[ 736 1021]]
[[ 198 1102]] , [[ 198 1109]]
[[ 360 1186]] , [[ 360 1187]]
[[ 362 1186]] , [[ 362 1187]]
[[ 520 1190]] , [[ 520 1191]]
[[ 362 1184]] , [[ 362 1185]]
[[ 516 1192]] , [[ 516 1193]]
[[ 774 1064]] , [[ 774 1069]]
[[ 760 1116]] , [[ 760 1133]]
[[ 738 1024]] , [[ 738 1029]]
[[ 745 1282]] , [[ 746 1281]]
[[ 205 1058]] , [[ 206 1057]]
[[ 205 1058]] , [[ 206 1057]]
[[ 200 1022]] , [[ 200 1023]]
[[ 211 1076]] , [[ 212 1075]]
[[ 271 1058]] , [[ 272 1057]]
[[ 212 1186]] , [[ 212 1187]]
[[ 550 1039]] , [[ 549 1040]]
[[ 211 1186]] , [[ 211 1187]]
[[ 213 1076]] , [[ 214 1075]]
[[ 273 1058]] , [[ 274 1057]]
[[ 193 1042]] , [[ 194 1041]]
[[ 532 1020]] , [[ 532 1025]]
[[ 227 1056]] , [[ 228 1055]]
[[ 227 1056]] , [[ 228 1055]]
[[ 528 1016]] , [[ 528 1017]]
[[ 217 1064]] , [[ 218 1063]]
[[ 524 1014]] , [[ 524 1019]]
[[ 235 1064]] , [[ 236 1063]]
[[ 243 1056]] , [[ 244 1055]]
[[ 198 1020]] , [[ 198 1021]]
[[ 235 1056]] , [[ 236 1055]]
[[ 520 1014]] , [[ 520 1015]]
[[ 360 1012]] , [[ 360 1013]]
[[ 512 1012]] , [[ 512 1013]]
[[ 358 1012]] , [[ 358 1013]]
[[ 512 1012]] , [[ 512 1013]]
[[ 504 1012]] , [[ 504 1013]]
[[ 229 1058]] , [[ 230 1057]]
[[ 530 1012]] , [[ 530 1013]]
[[ 356 1014]] , [[ 356 1031]]
[[ 208 1192]] , [[ 208 1201]]
[[ 196 1024]] , [[ 196 1025]]
[[ 211 1060]] , [[ 212 1059]]
[[ 279 1294]] , [[ 280 1293]]
[[ 233 1314]] , [[ 234 1313]]
[[ 233 1314]] , [[ 234 1313]]
[[ 184 1028]] , [[ 184 1073]]
[[ 221 1068]] , [[ 222 1067]]
[[ 510 1014]] , [[ 510 1015]]
[[ 209 1060]] , [[ 210 1059]]
[[ 500 1014]] , [[ 500 1019]]
[[ 190 1026]] , [[ 190 1027]]
[[ 510 1012]] , [[ 510 1013]]
[[ 510 1012]] , [[ 510 1013]]
[[ 510 1012]] , [[ 510 1013]]
[[ 358 1010]] , [[ 358 1011]]
[[ 354 1012]] , [[ 354 1017]]
[[ 508 1012]] , [[ 508 1013]]
[[ 524 1012]] , [[ 524 1013]]
[[ 500 1014]] , [[ 500 1017]]
[[ 207 1194]] , [[ 207 1198]]
[[ 207 1194]] , [[ 207 1199]]
[[ 207 1194]] , [[ 207 1199]]
[[ 506 1014]] , [[ 506 1015]]
[[ 508 1014]] , [[ 508 1015]]
[[ 508 1014]] , [[ 508 1015]]
[[ 356 1014]] , [[ 356 1015]]
[[ 192 1026]] , [[ 192 1027]]
[[ 207 1194]] , [[ 207 1197]]
[[ 214 1166]] , [[ 214 1171]]
[[ 508 1014]] , [[ 508 1015]]
[[ 208 1192]] , [[ 208 1193]]
[[ 506 1014]] , [[ 506 1015]]
[[ 510 1012]] , [[ 510 1013]]
[[ 356 1012]] , [[ 356 1013]]
[[ 193 1032]] , [[ 194 1031]]
[[188 990]] , [[188 995]]
[[ 364 1014]] , [[ 364 1015]]
[[192 922]] , [[192 927]]
[[194 942]] , [[194 951]]
[[ 364 1028]] , [[ 364 1029]]
[[ 366 1030]] , [[ 366 1031]]
[[ 536 1030]] , [[ 536 1031]]
[[ 372 1208]] , [[ 372 1209]]
[[211 980]] , [[212 979]]
[[190 938]] , [[190 945]]
[[190 938]] , [[190 942]]
[[ 217 1060]] , [[ 218 1059]]
[[ 372 1020]] , [[ 372 1021]]
[[ 540 1016]] , [[ 540 1017]]
[[ 372 1018]] , [[ 372 1019]]
[[ 219 1054]] , [[ 220 1053]]
[[ 219 1044]] , [[ 220 1043]]
[[ 231 1078]] , [[ 232 1077]]
[[ 534 1018]] , [[ 534 1019]]
[[190 932]] , [[190 939]]
[[ 202 1030]] , [[ 202 1031]]
[[ 534 1018]] , [[ 534 1019]]
[[ 538 1018]] , [[ 538 1019]]
[[ 201 1032]] , [[ 201 1033]]
[[ 542 1018]] , [[ 542 1019]]
[[220 914]] , [[220 925]]
[[220 914]] , [[220 925]]
[[214 926]] , [[214 927]]
[[ 380 1018]] , [[ 380 1019]]
[[ 518 1016]] , [[ 518 1022]]
[[ 516 1016]] , [[ 516 1017]]
[[ 516 1016]] , [[ 516 1017]]
[[217 980]] , [[218 979]]
[[ 518 1016]] , [[ 518 1017]]
[[ 528 1016]] , [[ 528 1017]]
[[ 526 1016]] , [[ 526 1017]]
[[ 752 1028]] , [[ 752 1029]]
[[ 202 1030]] , [[ 202 1033]]
[[ 202 1030]] , [[ 202 1033]]
[[ 206 1030]] , [[ 206 1031]]
[[ 750 1026]] , [[ 750 1039]]
[[ 788 1072]] , [[ 788 1079]]
[[ 530 1198]] , [[ 530 1199]]
[[ 745 1244]] , [[ 745 1247]]
[[ 377 1230]] , [[ 377 1238]]
[[ 528 1198]] , [[ 528 1199]]
[[ 379 1128]] , [[ 379 1131]]
[[ 374 1198]] , [[ 373 1199]]
[[ 370 1030]] , [[ 370 1037]]
[[ 371 1028]] , [[ 371 1032]]
[[ 372 1026]] , [[ 372 1037]]
[[ 374 1022]] , [[ 374 1023]]
[[ 372 1024]] , [[ 372 1025]]
[[ 230 1171]] , [[ 230 1175]]
[[ 374 1022]] , [[ 374 1023]]
[[ 223 1318]] , [[ 224 1317]]
[[ 750 1218]] , [[ 750 1219]]
[[ 370 1024]] , [[ 370 1031]]
[[ 768 1024]] , [[ 768 1027]]
[[ 372 1024]] , [[ 372 1025]]
[[ 226 1082]] , [[ 226 1089]]
[[ 228 1078]] , [[ 228 1079]]
[[ 232 1078]] , [[ 232 1079]]
[[ 236 1134]] , [[ 236 1151]]
[[ 236 1134]] , [[ 236 1151]]
[[ 530 1196]] , [[ 530 1197]]
[[ 530 1196]] , [[ 530 1197]]
[[ 374 1190]] , [[ 374 1193]]
[[ 377 1190]] , [[ 377 1193]]
[[ 265 1316]] , [[ 266 1315]]
[[ 530 1196]] , [[ 530 1197]]
[[ 377 1188]] , [[ 377 1189]]
[[ 376 1190]] , [[ 376 1193]]
[[ 376 1190]] , [[ 376 1193]]
[[ 374 1190]] , [[ 374 1193]]
[[ 380 1188]] , [[ 380 1189]]
[[ 528 1196]] , [[ 528 1197]]
[[ 528 1196]] , [[ 528 1197]]
[[ 374 1188]] , [[ 374 1189]]
[[ 238 1132]] , [[ 238 1135]]
[[ 238 1132]] , [[ 238 1143]]
[[ 230 1102]] , [[ 230 1103]]
[[ 230 1102]] , [[ 230 1103]]
[[ 230 1102]] , [[ 230 1103]]
[[ 232 1086]] , [[ 232 1091]]
[[ 232 1086]] , [[ 232 1091]]
[[ 256 1088]] , [[ 256 1091]]
[[ 228 1122]] , [[ 228 1131]]
[[ 238 1134]] , [[ 238 1139]]
[[ 238 1132]] , [[ 238 1139]]
[[ 238 1132]] , [[ 238 1139]]
[[ 238 1132]] , [[ 238 1139]]
[[ 228 1122]] , [[ 228 1131]]
[[ 240 1144]] , [[ 240 1149]]
[[ 240 1148]] , [[ 240 1151]]
[[ 240 1148]] , [[ 240 1151]]
[[ 383 1188]] , [[ 383 1189]]
[[ 530 1194]] , [[ 530 1195]]
[[ 240 1100]] , [[ 240 1107]]
[[ 240 1204]] , [[ 240 1207]]
[[ 378 1192]] , [[ 378 1195]]
[[ 746 1214]] , [[ 746 1215]]
[[ 530 1200]] , [[ 530 1201]]
[[ 236 1108]] , [[ 236 1121]]
[[ 238 1104]] , [[ 238 1105]]
[[ 240 1266]] , [[ 241 1265]]
[[ 248 1056]] , [[ 248 1061]]
[[ 238 1096]] , [[ 238 1100]]
[[ 238 1250]] , [[ 239 1249]]
[[ 230 1086]] , [[ 230 1095]]
[[ 238 1058]] , [[ 236 1060]]
[[ 235 1063]] , [[ 234 1064]]
[[ 232 1102]] , [[ 232 1107]]
[[ 244 1064]] , [[ 244 1069]]
[[ 254 1068]] , [[ 254 1073]]
[[ 208 1069]] , [[ 208 1073]]
[[ 740 1028]] , [[ 740 1029]]
[[ 736 1026]] , [[ 736 1027]]
[[ 234 1057]] , [[ 233 1058]]
[[ 743 1022]] , [[ 743 1023]]
[[ 215 1190]] , [[ 215 1191]]
[[ 364 1168]] , [[ 364 1173]]
[[ 213 1142]] , [[ 214 1141]]
[[ 219 1114]] , [[ 220 1113]]
[[ 568 1048]] , [[ 567 1049]]
[[ 560 1048]] , [[ 560 1049]]
[[ 254 1058]] , [[ 254 1063]]
[[ 220 1060]] , [[ 220 1065]]
[[ 194 1100]] , [[ 194 1101]]
[[ 280 1054]] , [[ 280 1071]]
[[ 255 1070]] , [[ 256 1069]]
[[ 226 1054]] , [[ 226 1059]]
[[ 276 1050]] , [[ 276 1055]]
[[ 191 1096]] , [[ 191 1100]]
[[ 248 1080]] , [[ 248 1081]]
[[ 236 1084]] , [[ 236 1089]]
[[ 238 1084]] , [[ 238 1089]]
[[ 238 1084]] , [[ 238 1089]]
[[ 238 1084]] , [[ 238 1089]]
[[ 250 1078]] , [[ 250 1081]]
[[ 186 1078]] , [[ 186 1083]]
[[ 186 1078]] , [[ 186 1083]]
[[ 186 1078]] , [[ 186 1083]]
[[ 254 1078]] , [[ 254 1081]]
[[ 230 1064]] , [[ 230 1065]]
[[ 204 1070]] , [[ 204 1071]]
[[ 230 1064]] , [[ 230 1065]]
[[ 204 1070]] , [[ 204 1071]]
[[ 204 1070]] , [[ 204 1071]]
[[ 204 1070]] , [[ 204 1071]]
[[ 252 1062]] , [[ 252 1073]]
[[ 230 1064]] , [[ 230 1065]]
[[ 186 1080]] , [[ 186 1085]]
[[ 230 1066]] , [[ 230 1073]]
[[ 236 1050]] , [[ 236 1055]]
[[ 238 1048]] , [[ 238 1053]]
[[ 263 1074]] , [[ 264 1073]]
[[ 236 1048]] , [[ 236 1053]]
[[ 188 1060]] , [[ 188 1069]]
[[ 242 1048]] , [[ 242 1053]]
[[ 262 1078]] , [[ 262 1079]]
[[ 284 1048]] , [[ 284 1053]]
[[ 284 1046]] , [[ 283 1047]]
[[ 229 1146]] , [[ 230 1145]]
[[ 279 1078]] , [[ 280 1077]]
[[ 298 1045]] , [[ 297 1046]]
[[ 208 1092]] , [[ 208 1095]]
[[ 242 1126]] , [[ 242 1133]]
[[ 200 1062]] , [[ 200 1071]]
[[ 242 1050]] , [[ 242 1055]]
[[ 268 1048]] , [[ 268 1053]]
[[ 201 1062]] , [[ 201 1069]]
[[ 240 1050]] , [[ 240 1055]]
[[ 260 1068]] , [[ 260 1069]]
[[ 373 1122]] , [[ 373 1135]]
[[ 248 1076]] , [[ 248 1083]]
[[ 266 1080]] , [[ 266 1081]]
[[ 228 1168]] , [[ 227 1169]]
[[ 250 1080]] , [[ 250 1081]]
[[ 215 1108]] , [[ 214 1109]]
[[ 374 1022]] , [[ 374 1029]]
[[ 256 1060]] , [[ 256 1065]]
[[ 752 1022]] , [[ 752 1025]]
[[ 376 1188]] , [[ 376 1195]]
[[ 240 1122]] , [[ 240 1139]]
[[ 374 1014]] , [[ 374 1015]]
[[ 374 1012]] , [[ 374 1013]]
[[ 753 1010]] , [[ 753 1011]]
[[ 752 1012]] , [[ 752 1015]]
[[ 752 1012]] , [[ 752 1015]]
[[ 752 1014]] , [[ 752 1017]]
[[ 546 1012]] , [[ 546 1013]]
[[208 972]] , [[208 973]]
[[ 271 1086]] , [[ 272 1085]]
[[ 374 1018]] , [[ 374 1019]]
[[ 544 1194]] , [[ 544 1195]]
[[ 750 1016]] , [[ 750 1027]]
[[ 745 1296]] , [[ 746 1295]]
[[ 384 1014]] , [[ 384 1015]]
[[ 240 1148]] , [[ 240 1149]]
[[ 232 1120]] , [[ 232 1137]]
[[ 234 1120]] , [[ 234 1137]]
[[ 241 1282]] , [[ 242 1281]]
[[ 241 1282]] , [[ 242 1281]]
[[ 206 1038]] , [[ 206 1057]]
[[ 241 1284]] , [[ 242 1283]]
[[ 238 1236]] , [[ 239 1235]]
[[ 206 1024]] , [[ 206 1039]]
[[ 374 1186]] , [[ 374 1187]]
[[ 230 1150]] , [[ 230 1155]]
[[ 236 1090]] , [[ 236 1099]]
