[[376 514]] , [[376 521]]
[[769 512]] , [[767 514]]
[[722 254]] , [[722 259]]
[[634 264]] , [[634 265]]
[[624 258]] , [[624 262]]
[[620 258]] , [[620 262]]
[[480 514]] , [[480 517]]
[[452 512]] , [[452 521]]
[[800   7]] , [[800  11]]
[[375 514]] , [[375 515]]
[[744 514]] , [[744 515]]
[[843 576]] , [[844 575]]
[[843 576]] , [[844 575]]
[[376 516]] , [[376 522]]
[[478 514]] , [[478 517]]
[[807 514]] , [[805 516]]
[[1000  435]] , [[1000  439]]
[[446 512]] , [[446 521]]
[[686 256]] , [[686 261]]
[[376 514]] , [[376 523]]
[[667 528]] , [[668 527]]
[[377 514]] , [[377 515]]
[[378 514]] , [[378 515]]
[[767 155]] , [[767 159]]
[[722 273]] , [[722 277]]
[[378 514]] , [[378 515]]
[[448 512]] , [[448 518]]
[[668 258]] , [[668 262]]
[[296 696]] , [[296 701]]
[[486 514]] , [[486 519]]
[[465 644]] , [[465 647]]
[[659 530]] , [[660 529]]
[[304 534]] , [[304 535]]
[[378 514]] , [[378 515]]
[[474 536]] , [[474 543]]
[[833 530]] , [[834 529]]
[[474 520]] , [[474 527]]
[[480 514]] , [[480 519]]
[[304 536]] , [[304 543]]
[[803 513]] , [[802 514]]
[[378 514]] , [[378 522]]
[[480 534]] , [[480 535]]
[[306 534]] , [[306 535]]
[[838 618]] , [[838 619]]
[[650 630]] , [[650 634]]
[[485 515]] , [[484 516]]
[[378 516]] , [[378 521]]
[[848 560]] , [[848 561]]
[[482 514]] , [[482 523]]
[[305 540]] , [[305 541]]
[[306 534]] , [[305 535]]
[[526 520]] , [[526 527]]
[[502 518]] , [[502 523]]
[[475 538]] , [[475 545]]
[[475 538]] , [[475 545]]
[[526 520]] , [[526 527]]
[[476 546]] , [[477 545]]
[[294 580]] , [[294 587]]
[[835 528]] , [[836 527]]
[[332 528]] , [[332 535]]
[[473 512]] , [[473 513]]
[[835 528]] , [[836 527]]
[[833 530]] , [[834 529]]
[[849 552]] , [[849 553]]
[[758 514]] , [[758 515]]
[[294 580]] , [[294 587]]
[[453 512]] , [[453 518]]
[[778 536]] , [[778 541]]
[[290 590]] , [[290 599]]
[[310 534]] , [[310 536]]
[[482 529]] , [[482 533]]
[[380 515]] , [[379 516]]
[[454 512]] , [[454 513]]
[[558 258]] , [[558 263]]
[[486 514]] , [[486 518]]
[[486 514]] , [[486 520]]
[[379 514]] , [[378 515]]
[[785 538]] , [[785 542]]
[[624 258]] , [[624 263]]
[[752 160]] , [[752 165]]
[[758 514]] , [[758 515]]
[[742 152]] , [[742 157]]
[[454 512]] , [[454 518]]
[[657 258]] , [[657 262]]
[[484 514]] , [[484 517]]
[[688 256]] , [[688 260]]
[[515 516]] , [[515 517]]
[[756 512]] , [[755 513]]
[[638 258]] , [[638 263]]
[[472 514]] , [[472 525]]
[[334 524]] , [[334 529]]
[[772 136]] , [[772 140]]
[[772 136]] , [[772 141]]
[[314 528]] , [[314 529]]
[[754 512]] , [[753 513]]
[[756 512]] , [[756 513]]
[[442 518]] , [[442 523]]
[[320 528]] , [[320 535]]
[[748 512]] , [[748 513]]
[[740 152]] , [[740 156]]
[[690 256]] , [[690 260]]
[[698 275]] , [[698 279]]
[[792 512]] , [[792 513]]
[[830 516]] , [[830 517]]
[[666 275]] , [[666 279]]
[[666 275]] , [[666 279]]
[[666 275]] , [[666 279]]
[[744 154]] , [[744 159]]
[[711 275]] , [[711 280]]
[[994 432]] , [[994 439]]
[[774 512]] , [[774 513]]
[[698 275]] , [[698 279]]
[[698 274]] , [[698 279]]
[[718 275]] , [[718 279]]
[[718 275]] , [[718 279]]
[[728 275]] , [[728 279]]
[[748 153]] , [[748 157]]
[[656 258]] , [[656 262]]
[[661 263]] , [[662 262]]
[[656 258]] , [[656 262]]
[[306 536]] , [[306 537]]
[[771 874]] , [[772 873]]
[[805 524]] , [[806 523]]
[[780 514]] , [[779 515]]
[[758 514]] , [[758 515]]
[[817 520]] , [[818 519]]
[[772 514]] , [[772 515]]
[[490 514]] , [[490 515]]
[[709 166]] , [[708 167]]
[[837 544]] , [[838 543]]
[[512 518]] , [[512 522]]
[[746 151]] , [[746 155]]
[[476 514]] , [[476 521]]
[[782 514]] , [[782 515]]
[[475 514]] , [[475 519]]
[[835 528]] , [[836 527]]
[[665 530]] , [[666 529]]
[[454 510]] , [[454 515]]
[[777 526]] , [[778 525]]
[[526 520]] , [[526 525]]
[[480 516]] , [[480 521]]
[[494 518]] , [[494 523]]
[[524 520]] , [[524 525]]
[[794 512]] , [[794 513]]
[[833 522]] , [[834 521]]
[[764 514]] , [[764 515]]
[[496 518]] , [[496 523]]
[[650 630]] , [[650 637]]
[[480 526]] , [[480 533]]
[[846 558]] , [[846 564]]
[[524 520]] , [[524 525]]
[[846 558]] , [[846 564]]
[[379 516]] , [[379 517]]
[[638 258]] , [[638 262]]
[[809 524]] , [[810 523]]
[[480 526]] , [[480 531]]
[[379 516]] , [[379 517]]
[[486 528]] , [[486 537]]
[[760 514]] , [[760 515]]
[[838 622]] , [[838 623]]
[[304 536]] , [[304 548]]
[[296 586]] , [[296 593]]
[[480 518]] , [[480 523]]
[[652 634]] , [[652 635]]
[[480 518]] , [[480 523]]
[[840 622]] , [[840 623]]
[[658 770]] , [[658 771]]
[[852 546]] , [[852 551]]
[[470 626]] , [[470 628]]
[[310 541]] , [[309 542]]
[[478 516]] , [[478 521]]
[[854 554]] , [[854 555]]
[[320 528]] , [[320 533]]
[[854 554]] , [[854 555]]
[[478 534]] , [[478 543]]
[[294 678]] , [[294 687]]
[[478 516]] , [[478 521]]
[[320 526]] , [[320 527]]
[[320 526]] , [[320 527]]
[[526 520]] , [[526 525]]
[[382 516]] , [[382 521]]
[[476 534]] , [[476 543]]
[[494 516]] , [[494 517]]
[[750 518]] , [[750 519]]
[[750 518]] , [[748 520]]
[[308 536]] , [[308 537]]
[[790 512]] , [[790 513]]
[[308 537]] , [[307 538]]
[[478 536]] , [[478 543]]
[[460 542]] , [[460 555]]
[[526 520]] , [[526 525]]
[[500 518]] , [[500 522]]
[[500 518]] , [[500 522]]
[[306 542]] , [[306 543]]
[[500 518]] , [[500 522]]
[[821 538]] , [[822 537]]
[[821 538]] , [[822 537]]
[[286 546]] , [[286 555]]
[[752 514]] , [[752 515]]
[[217 264]] , [[217 268]]
[[466 584]] , [[466 589]]
[[764 514]] , [[764 515]]
[[669 528]] , [[670 527]]
[[652 560]] , [[652 565]]
[[287 549]] , [[287 550]]
[[784 512]] , [[784 513]]
[[674 520]] , [[674 525]]
[[828 540]] , [[828 545]]
[[796 513]] , [[795 514]]
[[686 520]] , [[686 525]]
[[750 154]] , [[750 158]]
[[762 512]] , [[761 513]]
[[730 264]] , [[730 265]]
[[726 266]] , [[726 270]]
[[664 264]] , [[664 265]]
[[379 512]] , [[379 517]]
[[684 520]] , [[684 525]]
[[800 510]] , [[800 511]]
[[486 512]] , [[486 519]]
[[814 511]] , [[813 512]]
[[488 514]] , [[488 519]]
[[806 510]] , [[805 511]]
[[653 531]] , [[653 535]]
[[845 550]] , [[844 551]]
[[650 535]] , [[649 536]]
[[822 692]] , [[822 693]]
[[710 516]] , [[710 517]]
[[296 542]] , [[296 547]]
[[646 516]] , [[646 517]]
[[794 510]] , [[793 511]]
[[294 554]] , [[294 555]]
[[714 164]] , [[714 169]]
[[646 516]] , [[646 517]]
[[644 590]] , [[644 595]]
[[646 640]] , [[646 649]]
[[654 534]] , [[654 537]]
[[835 714]] , [[836 713]]
[[748 160]] , [[748 165]]
[[839 610]] , [[840 609]]
[[839 648]] , [[840 647]]
[[788 510]] , [[787 511]]
[[478 510]] , [[478 519]]
[[280 549]] , [[280 553]]
[[615 260]] , [[615 264]]
[[785 512]] , [[783 514]]
[[656 272]] , [[656 277]]
[[624 273]] , [[624 278]]
[[804 512]] , [[803 513]]
[[622 273]] , [[622 277]]
[[760 512]] , [[760 513]]
[[543 263]] , [[543 267]]
[[733 267]] , [[733 271]]
[[376 514]] , [[376 521]]
[[769 512]] , [[767 514]]
[[722 254]] , [[722 259]]
[[634 264]] , [[634 265]]
[[624 258]] , [[624 262]]
[[620 258]] , [[620 262]]
[[480 514]] , [[480 517]]
[[452 512]] , [[452 521]]
[[800   7]] , [[800  11]]
[[375 514]] , [[375 515]]
[[744 514]] , [[744 515]]
[[843 576]] , [[844 575]]
[[843 576]] , [[844 575]]
[[376 516]] , [[376 522]]
[[478 514]] , [[478 517]]
[[807 514]] , [[805 516]]
[[1000  435]] , [[1000  439]]
[[446 512]] , [[446 521]]
[[686 256]] , [[686 261]]
[[376 514]] , [[376 523]]
[[667 528]] , [[668 527]]
[[377 514]] , [[377 515]]
[[378 514]] , [[378 515]]
[[767 155]] , [[767 159]]
[[722 273]] , [[722 277]]
[[378 514]] , [[378 515]]
[[448 512]] , [[448 518]]
[[668 258]] , [[668 262]]
[[296 696]] , [[296 701]]
[[486 514]] , [[486 519]]
[[465 644]] , [[465 647]]
[[659 530]] , [[660 529]]
[[304 534]] , [[304 535]]
[[378 514]] , [[378 515]]
[[474 536]] , [[474 543]]
[[833 530]] , [[834 529]]
[[474 520]] , [[474 527]]
[[480 514]] , [[480 519]]
[[304 536]] , [[304 543]]
[[803 513]] , [[802 514]]
[[378 514]] , [[378 522]]
[[480 534]] , [[480 535]]
[[306 534]] , [[306 535]]
[[838 618]] , [[838 619]]
[[650 630]] , [[650 634]]
[[485 515]] , [[484 516]]
[[378 516]] , [[378 521]]
[[848 560]] , [[848 561]]
[[482 514]] , [[482 523]]
[[305 540]] , [[305 541]]
[[306 534]] , [[305 535]]
[[526 520]] , [[526 527]]
[[502 518]] , [[502 523]]
[[475 538]] , [[475 545]]
[[475 538]] , [[475 545]]
[[526 520]] , [[526 527]]
[[476 546]] , [[477 545]]
[[294 580]] , [[294 587]]
[[835 528]] , [[836 527]]
[[332 528]] , [[332 535]]
[[473 512]] , [[473 513]]
[[835 528]] , [[836 527]]
[[833 530]] , [[834 529]]
[[849 552]] , [[849 553]]
[[758 514]] , [[758 515]]
[[294 580]] , [[294 587]]
[[453 512]] , [[453 518]]
[[778 536]] , [[778 541]]
[[290 590]] , [[290 599]]
[[310 534]] , [[310 536]]
[[482 529]] , [[482 533]]
[[380 515]] , [[379 516]]
[[454 512]] , [[454 513]]
[[558 258]] , [[558 263]]
[[486 514]] , [[486 518]]
[[486 514]] , [[486 520]]
[[379 514]] , [[378 515]]
[[785 538]] , [[785 542]]
[[624 258]] , [[624 263]]
[[752 160]] , [[752 165]]
[[758 514]] , [[758 515]]
[[742 152]] , [[742 157]]
[[454 512]] , [[454 518]]
[[657 258]] , [[657 262]]
[[484 514]] , [[484 517]]
[[688 256]] , [[688 260]]
[[515 516]] , [[515 517]]
[[756 512]] , [[755 513]]
[[638 258]] , [[638 263]]
[[472 514]] , [[472 525]]
[[334 524]] , [[334 529]]
[[772 136]] , [[772 140]]
[[772 136]] , [[772 141]]
[[314 528]] , [[314 529]]
[[754 512]] , [[753 513]]
[[756 512]] , [[756 513]]
[[442 518]] , [[442 523]]
[[320 528]] , [[320 535]]
[[748 512]] , [[748 513]]
[[740 152]] , [[740 156]]
[[690 256]] , [[690 260]]
[[698 275]] , [[698 279]]
[[792 512]] , [[792 513]]
[[830 516]] , [[830 517]]
[[666 275]] , [[666 279]]
[[666 275]] , [[666 279]]
[[666 275]] , [[666 279]]
[[744 154]] , [[744 159]]
[[711 275]] , [[711 280]]
[[994 432]] , [[994 439]]
[[774 512]] , [[774 513]]
[[698 275]] , [[698 279]]
[[698 274]] , [[698 279]]
[[718 275]] , [[718 279]]
[[718 275]] , [[718 279]]
[[728 275]] , [[728 279]]
[[748 153]] , [[748 157]]
[[656 258]] , [[656 262]]
[[661 263]] , [[662 262]]
[[656 258]] , [[656 262]]
[[306 536]] , [[306 537]]
[[771 874]] , [[772 873]]
[[805 524]] , [[806 523]]
[[780 514]] , [[779 515]]
[[758 514]] , [[758 515]]
[[817 520]] , [[818 519]]
[[772 514]] , [[772 515]]
[[490 514]] , [[490 515]]
[[709 166]] , [[708 167]]
[[837 544]] , [[838 543]]
[[512 518]] , [[512 522]]
[[746 151]] , [[746 155]]
[[476 514]] , [[476 521]]
[[782 514]] , [[782 515]]
[[475 514]] , [[475 519]]
[[835 528]] , [[836 527]]
[[665 530]] , [[666 529]]
[[454 510]] , [[454 515]]
[[777 526]] , [[778 525]]
[[526 520]] , [[526 525]]
[[480 516]] , [[480 521]]
[[494 518]] , [[494 523]]
[[524 520]] , [[524 525]]
[[794 512]] , [[794 513]]
[[833 522]] , [[834 521]]
[[764 514]] , [[764 515]]
[[496 518]] , [[496 523]]
[[650 630]] , [[650 637]]
[[480 526]] , [[480 533]]
[[846 558]] , [[846 564]]
[[524 520]] , [[524 525]]
[[846 558]] , [[846 564]]
[[379 516]] , [[379 517]]
[[638 258]] , [[638 262]]
[[809 524]] , [[810 523]]
[[480 526]] , [[480 531]]
[[379 516]] , [[379 517]]
[[486 528]] , [[486 537]]
[[760 514]] , [[760 515]]
[[838 622]] , [[838 623]]
[[304 536]] , [[304 548]]
[[296 586]] , [[296 593]]
[[480 518]] , [[480 523]]
[[652 634]] , [[652 635]]
[[480 518]] , [[480 523]]
[[840 622]] , [[840 623]]
[[658 770]] , [[658 771]]
[[852 546]] , [[852 551]]
[[470 626]] , [[470 628]]
[[310 541]] , [[309 542]]
[[478 516]] , [[478 521]]
[[854 554]] , [[854 555]]
[[320 528]] , [[320 533]]
[[854 554]] , [[854 555]]
[[478 534]] , [[478 543]]
[[294 678]] , [[294 687]]
[[478 516]] , [[478 521]]
[[320 526]] , [[320 527]]
[[320 526]] , [[320 527]]
[[526 520]] , [[526 525]]
[[382 516]] , [[382 521]]
[[476 534]] , [[476 543]]
[[494 516]] , [[494 517]]
[[750 518]] , [[750 519]]
[[750 518]] , [[748 520]]
[[308 536]] , [[308 537]]
[[790 512]] , [[790 513]]
[[308 537]] , [[307 538]]
[[478 536]] , [[478 543]]
[[460 542]] , [[460 555]]
[[526 520]] , [[526 525]]
[[500 518]] , [[500 522]]
[[500 518]] , [[500 522]]
[[306 542]] , [[306 543]]
[[500 518]] , [[500 522]]
[[821 538]] , [[822 537]]
[[821 538]] , [[822 537]]
[[286 546]] , [[286 555]]
[[752 514]] , [[752 515]]
[[217 264]] , [[217 268]]
[[466 584]] , [[466 589]]
[[764 514]] , [[764 515]]
[[669 528]] , [[670 527]]
[[652 560]] , [[652 565]]
[[287 549]] , [[287 550]]
[[784 512]] , [[784 513]]
[[674 520]] , [[674 525]]
[[828 540]] , [[828 545]]
[[796 513]] , [[795 514]]
[[686 520]] , [[686 525]]
[[750 154]] , [[750 158]]
[[762 512]] , [[761 513]]
[[730 264]] , [[730 265]]
[[726 266]] , [[726 270]]
[[664 264]] , [[664 265]]
[[379 512]] , [[379 517]]
[[684 520]] , [[684 525]]
[[800 510]] , [[800 511]]
[[486 512]] , [[486 519]]
[[814 511]] , [[813 512]]
[[488 514]] , [[488 519]]
[[806 510]] , [[805 511]]
[[653 531]] , [[653 535]]
[[845 550]] , [[844 551]]
[[650 535]] , [[649 536]]
[[822 692]] , [[822 693]]
[[710 516]] , [[710 517]]
[[296 542]] , [[296 547]]
[[646 516]] , [[646 517]]
[[794 510]] , [[793 511]]
[[294 554]] , [[294 555]]
[[714 164]] , [[714 169]]
[[646 516]] , [[646 517]]
[[644 590]] , [[644 595]]
[[646 640]] , [[646 649]]
[[654 534]] , [[654 537]]
[[835 714]] , [[836 713]]
[[748 160]] , [[748 165]]
[[839 610]] , [[840 609]]
[[839 648]] , [[840 647]]
[[788 510]] , [[787 511]]
[[478 510]] , [[478 519]]
[[280 549]] , [[280 553]]
[[615 260]] , [[615 264]]
[[785 512]] , [[783 514]]
[[656 272]] , [[656 277]]
[[624 273]] , [[624 278]]
[[804 512]] , [[803 513]]
[[622 273]] , [[622 277]]
[[760 512]] , [[760 513]]
[[543 263]] , [[543 267]]
[[733 267]] , [[733 271]]
[[386 860]] , [[386 861]]
[[321 866]] , [[322 865]]
[[398 860]] , [[398 861]]
[[414 853]] , [[413 854]]
[[420 862]] , [[419 863]]
