[[289 302]] , [[290 301]]
[[ 840 1014]] , [[ 840 1015]]
[[744 716]] , [[744 721]]
[[ 491 1019]] , [[ 490 1020]]
[[ 698 1000]] , [[ 698 1006]]
[[ 494 1030]] , [[ 494 1041]]
[[ 490 1014]] , [[ 490 1025]]
[[ 754 1876]] , [[ 753 1877]]
[[ 483 1021]] , [[ 483 1025]]
[[ 766 1874]] , [[ 766 1881]]
[[ 789 1612]] , [[ 789 1616]]
[[ 782 1874]] , [[ 781 1875]]
[[ 826 1012]] , [[ 826 1017]]
[[ 866 1617]] , [[ 866 1621]]
[[ 826 1012]] , [[ 826 1017]]
[[ 840 1874]] , [[ 840 1878]]
[[ 838 1014]] , [[ 837 1015]]
[[ 369 1621]] , [[ 369 1625]]
[[ 801 1611]] , [[ 801 1615]]
[[ 718 1878]] , [[ 718 1885]]
[[ 549 1882]] , [[ 548 1883]]
[[ 589 1880]] , [[ 588 1881]]
[[696 986]] , [[696 991]]
[[696 986]] , [[696 989]]
[[ 759 1615]] , [[ 759 1619]]
[[ 758 1615]] , [[ 758 1619]]
[[696 982]] , [[696 987]]
[[ 838 1015]] , [[ 838 1021]]
[[696 980]] , [[696 987]]
[[ 787 1611]] , [[ 787 1615]]
[[ 779 1611]] , [[ 778 1612]]
[[ 495 1024]] , [[ 495 1027]]
[[482 990]] , [[482 991]]
[[ 495 1023]] , [[ 495 1029]]
[[676 920]] , [[676 925]]
[[480 980]] , [[480 983]]
[[674 920]] , [[674 927]]
[[676 920]] , [[676 921]]
[[676 920]] , [[676 921]]
[[676 920]] , [[676 921]]
[[673 934]] , [[673 941]]
[[ 488 1018]] , [[ 488 1019]]
[[ 488 1018]] , [[ 488 1019]]
[[674 920]] , [[674 927]]
[[ 703 1018]] , [[ 704 1017]]
[[ 728 1880]] , [[ 728 1887]]
[[ 854 1880]] , [[ 854 1887]]
[[ 728 1880]] , [[ 728 1885]]
[[482 996]] , [[ 482 1007]]
[[ 975 1880]] , [[ 973 1882]]
[[ 944 1875]] , [[ 943 1876]]
[[ 852 1876]] , [[ 852 1880]]
[[ 848 1612]] , [[ 848 1616]]
[[ 728 1882]] , [[ 728 1887]]
[[674 920]] , [[674 922]]
[[ 776 1610]] , [[ 775 1611]]
[[ 822 1612]] , [[ 822 1617]]
[[ 468 1028]] , [[ 468 1037]]
[[ 468 1028]] , [[ 468 1037]]
[[ 776 1611]] , [[ 776 1615]]
[[ 810 1610]] , [[ 809 1611]]
[[ 608 1616]] , [[ 608 1621]]
[[672 920]] , [[672 921]]
[[672 920]] , [[672 921]]
[[ 480 1008]] , [[ 480 1017]]
[[486 873]] , [[485 874]]
[[ 871 1618]] , [[ 871 1622]]
[[ 626 1614]] , [[ 626 1618]]
[[ 872 1618]] , [[ 872 1621]]
[[ 950 1877]] , [[ 950 1881]]
[[ 680 1880]] , [[ 680 1885]]
[[ 638 1880]] , [[ 638 1884]]
[[ 246 1627]] , [[ 246 1631]]
[[ 582 1883]] , [[ 582 1887]]
[[ 974 1880]] , [[ 974 1894]]
[[ 641 1880]] , [[ 641 1884]]
[[ 727 1612]] , [[ 726 1613]]
[[ 755 1874]] , [[ 754 1875]]
[[ 838 1612]] , [[ 838 1616]]
[[ 971 1879]] , [[ 970 1880]]
[[ 976 1880]] , [[ 976 1889]]
[[ 944 1876]] , [[ 944 1883]]
[[482 996]] , [[ 482 1003]]
[[ 987 1881]] , [[ 987 1885]]
[[ 644 1880]] , [[ 644 1885]]
[[ 662 1880]] , [[ 661 1881]]
[[ 697 1876]] , [[ 696 1877]]
[[ 626 1879]] , [[ 625 1880]]
[[482 996]] , [[ 482 1003]]
[[ 692 1882]] , [[ 692 1887]]
[[1062 1856]] , [[1062 1860]]
[[ 774 1612]] , [[ 774 1617]]
[[ 512 1033]] , [[ 512 1037]]
[[ 759 1874]] , [[ 758 1875]]
[[ 513 1032]] , [[ 512 1033]]
[[ 680 1614]] , [[ 680 1618]]
[[ 834 1616]] , [[ 834 1621]]
[[ 762 1876]] , [[ 762 1880]]
[[ 513 1032]] , [[ 512 1033]]
[[ 513 1032]] , [[ 512 1033]]
[[ 513 1032]] , [[ 512 1033]]
[[672 920]] , [[672 923]]
[[672 920]] , [[672 923]]
[[ 512 1032]] , [[ 512 1039]]
[[ 482 1004]] , [[ 482 1007]]
[[ 625 1616]] , [[ 625 1620]]
[[ 785 1611]] , [[ 785 1615]]
[[672 920]] , [[672 923]]
[[483 799]] , [[483 803]]
[[ 888 1876]] , [[ 888 1881]]
[[ 698 1877]] , [[ 697 1878]]
[[ 597 1880]] , [[ 597 1881]]
[[ 713 1877]] , [[ 711 1879]]
[[ 938 1876]] , [[ 938 1881]]
[[ 544 1616]] , [[ 544 1620]]
[[ 489 1880]] , [[ 488 1881]]
[[ 666 1616]] , [[ 666 1621]]
[[ 662 1878]] , [[ 662 1879]]
[[ 494 1018]] , [[ 494 1021]]
[[ 546 1616]] , [[ 546 1621]]
[[ 732 1876]] , [[ 732 1881]]
[[668 920]] , [[668 921]]
[[670 920]] , [[670 921]]
[[ 480 1020]] , [[ 480 1023]]
[[470 992]] , [[ 470 1003]]
[[ 732 1876]] , [[ 732 1880]]
[[814 886]] , [[814 887]]
[[ 986 1881]] , [[ 986 1885]]
[[ 486 1020]] , [[ 486 1021]]
[[ 758 1875]] , [[ 758 1881]]
[[ 485 1023]] , [[ 482 1026]]
[[ 790 1878]] , [[ 790 1879]]
[[ 752 1875]] , [[ 752 1887]]
[[ 752 1875]] , [[ 752 1887]]
[[ 472 1038]] , [[ 472 1039]]
[[ 872 1880]] , [[ 872 1885]]
[[ 750 1876]] , [[ 750 1880]]
[[ 936 1876]] , [[ 936 1881]]
[[ 774 1874]] , [[ 774 1879]]
[[ 106 1626]] , [[ 106 1631]]
[[ 944 1877]] , [[ 944 1881]]
[[ 629 1878]] , [[ 627 1880]]
[[ 624 1880]] , [[ 624 1887]]
[[ 866 1616]] , [[ 866 1620]]
[[ 927 1876]] , [[ 927 1880]]
[[ 902 1875]] , [[ 901 1876]]
[[ 927 1876]] , [[ 927 1877]]
[[ 694 1878]] , [[ 693 1879]]
[[ 922 1874]] , [[ 922 1878]]
[[ 978 1884]] , [[ 977 1885]]
[[ 676 1881]] , [[ 675 1882]]
[[ 491 1882]] , [[ 490 1883]]
[[ 770 1611]] , [[ 770 1615]]
[[ 782 1874]] , [[ 782 1878]]
[[ 688 1010]] , [[ 688 1011]]
[[ 688 1010]] , [[ 688 1011]]
[[832 956]] , [[832 961]]
[[ 976 1879]] , [[ 976 1881]]
[[ 768 1874]] , [[ 768 1879]]
[[ 758 1878]] , [[ 758 1883]]
[[ 666 1878]] , [[ 666 1882]]
[[ 667 1878]] , [[ 666 1879]]
[[ 665 1879]] , [[ 665 1883]]
[[ 928 1880]] , [[ 928 1885]]
[[ 660 1878]] , [[ 659 1879]]
[[1003 1896]] , [[1003 1900]]
[[ 878 1878]] , [[ 878 1883]]
[[ 308 1888]] , [[ 308 1893]]
[[ 843 1874]] , [[ 843 1878]]
[[ 634 1877]] , [[ 632 1879]]
[[ 768 1874]] , [[ 768 1878]]
[[ 768 1874]] , [[ 767 1875]]
[[672 928]] , [[672 959]]
[[ 846 1875]] , [[ 846 1879]]
[[ 728 1611]] , [[ 727 1612]]
[[ 770 1611]] , [[ 770 1615]]
[[ 497 1024]] , [[ 497 1025]]
[[ 792 1614]] , [[ 792 1619]]
[[ 806 1611]] , [[ 806 1615]]
[[ 698 1612]] , [[ 698 1617]]
[[ 862 1615]] , [[ 862 1625]]
[[ 774 1880]] , [[ 774 1885]]
[[ 892 1875]] , [[ 892 1879]]
[[ 340 1619]] , [[ 340 1623]]
[[ 729 1876]] , [[ 727 1878]]
[[1002 1892]] , [[1002 1896]]
[[ 464 1883]] , [[ 464 1887]]
[[ 770 1611]] , [[ 770 1615]]
[[ 304 1044]] , [[ 304 1045]]
[[ 726 1877]] , [[ 726 1881]]
[[ 744 1875]] , [[ 744 1879]]
[[ 894 1875]] , [[ 894 1879]]
[[ 304 1044]] , [[ 304 1045]]
[[ 752 1613]] , [[ 752 1617]]
[[ 304 1044]] , [[ 304 1045]]
[[ 854 1613]] , [[ 854 1617]]
[[ 304 1046]] , [[ 304 1053]]
[[ 886 1876]] , [[ 885 1877]]
[[ 620 1879]] , [[ 619 1880]]
[[ 600 1881]] , [[ 600 1885]]
[[ 622 1878]] , [[ 621 1879]]
[[ 326 1888]] , [[ 326 1893]]
[[ 910 1873]] , [[ 910 1877]]
[[ 852 1880]] , [[ 852 1884]]
[[ 974 1883]] , [[ 974 1887]]
[[ 325 1888]] , [[ 324 1889]]
[[ 570 1882]] , [[ 569 1883]]
[[ 870 1876]] , [[ 870 1880]]
[[ 302 1048]] , [[ 302 1053]]
[[ 786 1875]] , [[ 786 1879]]
[[ 960 1878]] , [[ 960 1882]]
[[ 680 1878]] , [[ 680 1879]]
[[ 701 1876]] , [[ 700 1877]]
[[ 958 1878]] , [[ 958 1885]]
[[ 740 1880]] , [[ 740 1885]]
[[ 490 1022]] , [[ 489 1023]]
[[ 486 1028]] , [[ 485 1029]]
[[ 844 1613]] , [[ 844 1617]]
[[ 486 1028]] , [[ 486 1035]]
[[ 486 1028]] , [[ 485 1029]]
[[ 960 1876]] , [[ 960 1885]]
[[ 472 1618]] , [[ 472 1622]]
[[ 838 1612]] , [[ 838 1616]]
[[ 958 1878]] , [[ 958 1883]]
[[ 866 1877]] , [[ 866 1879]]
[[ 875 1876]] , [[ 874 1877]]
[[ 728 1611]] , [[ 728 1615]]
[[ 472 1038]] , [[ 472 1045]]
[[ 742 1612]] , [[ 742 1616]]
[[ 864 1874]] , [[ 863 1875]]
[[ 598 1880]] , [[ 598 1885]]
[[ 456 1883]] , [[ 456 1887]]
[[ 776 1875]] , [[ 776 1879]]
[[ 970 1880]] , [[ 970 1885]]
[[ 976 1881]] , [[ 976 1885]]
[[ 850 1878]] , [[ 850 1882]]
[[ 976 1881]] , [[ 976 1885]]
[[ 550 1880]] , [[ 550 1885]]
[[ 624 1877]] , [[ 624 1881]]
[[ 546 1615]] , [[ 546 1619]]
[[ 690 1879]] , [[ 689 1880]]
[[ 524 1882]] , [[ 523 1883]]
[[838 950]] , [[838 951]]
[[ 782 1875]] , [[ 782 1879]]
[[ 481 1022]] , [[ 478 1025]]
[[ 848 1614]] , [[ 848 1619]]
[[ 856 1873]] , [[ 855 1874]]
[[ 866 1880]] , [[ 866 1884]]
[[ 834 1611]] , [[ 834 1615]]
[[ 848 1616]] , [[ 848 1621]]
[[ 784 1880]] , [[ 784 1887]]
[[ 574 1881]] , [[ 574 1889]]
[[ 778 1880]] , [[ 778 1886]]
[[ 702 1878]] , [[ 702 1883]]
[[ 702 1876]] , [[ 702 1881]]
[[ 780 1876]] , [[ 780 1880]]
[[ 778 1611]] , [[ 778 1615]]
[[ 683 1879]] , [[ 682 1880]]
[[ 766 1875]] , [[ 766 1885]]
[[ 919 1874]] , [[ 918 1875]]
[[ 774 1875]] , [[ 774 1879]]
[[ 774 1875]] , [[ 774 1879]]
[[ 848 1616]] , [[ 848 1621]]
[[ 848 1616]] , [[ 848 1621]]
[[ 921 1874]] , [[ 920 1875]]
[[ 696 1611]] , [[ 696 1615]]
[[770 868]] , [[770 873]]
[[670 928]] , [[670 947]]
[[770 868]] , [[770 872]]
[[ 602 1880]] , [[ 602 1887]]
[[672 924]] , [[672 927]]
[[672 928]] , [[672 929]]
[[672 928]] , [[672 929]]
[[695 973]] , [[695 977]]
[[672 928]] , [[672 929]]
[[ 846 1616]] , [[ 846 1621]]
[[465 812]] , [[465 814]]
[[672 924]] , [[672 929]]
[[ 486 1006]] , [[ 486 1015]]
[[ 742 1878]] , [[ 742 1883]]
[[ 762 1876]] , [[ 761 1877]]
[[ 838 1613]] , [[ 838 1617]]
[[ 840 1613]] , [[ 840 1617]]
[[ 736 1878]] , [[ 736 1883]]
[[ 802 1611]] , [[ 802 1615]]
[[ 742 1876]] , [[ 741 1877]]
[[668 926]] , [[668 931]]
[[ 760 1878]] , [[ 760 1883]]
[[ 478 1020]] , [[ 478 1021]]
[[ 701 1876]] , [[ 700 1877]]
[[ 754 1874]] , [[ 754 1878]]
[[ 742 1612]] , [[ 742 1617]]
[[ 671 1616]] , [[ 671 1620]]
[[ 744 1611]] , [[ 744 1615]]
[[ 486 1004]] , [[ 486 1013]]
[[ 486 1004]] , [[ 486 1013]]
[[ 486 1006]] , [[ 486 1013]]
[[ 944 1876]] , [[ 944 1880]]
[[ 946 1876]] , [[ 946 1880]]
[[ 976 1886]] , [[ 976 1890]]
[[ 786 1612]] , [[ 786 1616]]
[[ 880 1625]] , [[ 880 1629]]
[[ 844 1612]] , [[ 844 1616]]
[[ 868 1617]] , [[ 867 1618]]
[[ 784 1611]] , [[ 784 1615]]
[[ 724 1611]] , [[ 724 1615]]
[[ 884 1876]] , [[ 884 1880]]
[[ 928 1875]] , [[ 928 1883]]
[[ 484 1002]] , [[ 484 1009]]
[[ 770 1875]] , [[ 769 1876]]
[[ 731 1876]] , [[ 730 1877]]
[[ 914 1874]] , [[ 914 1881]]
[[ 763 1611]] , [[ 761 1613]]
[[ 792 1614]] , [[ 792 1622]]
[[ 761 1613]] , [[ 761 1617]]
[[ 703 1877]] , [[ 703 1881]]
[[ 454 1879]] , [[ 452 1881]]
[[ 862 1876]] , [[ 862 1879]]
[[ 776 1611]] , [[ 776 1616]]
[[ 857 1614]] , [[ 857 1618]]
[[ 352 1621]] , [[ 352 1625]]
[[ 525 1882]] , [[ 524 1883]]
[[ 864 1878]] , [[ 864 1879]]
[[ 822 1616]] , [[ 822 1620]]
[[ 790 1618]] , [[ 790 1622]]
[[ 822 1614]] , [[ 822 1618]]
[[ 328 1624]] , [[ 328 1629]]
[[ 862 1878]] , [[ 862 1879]]
[[673 922]] , [[673 925]]
[[ 954 1894]] , [[ 954 1903]]
[[ 638 1878]] , [[ 638 1883]]
[[ 842 1613]] , [[ 841 1614]]
[[490 994]] , [[490 999]]
[[ 986 1882]] , [[ 986 1883]]
[[ 918 1874]] , [[ 918 1878]]
[[ 660 1879]] , [[ 659 1880]]
[[ 942 1876]] , [[ 942 1881]]
[[ 944 1876]] , [[ 944 1880]]
[[ 821 1612]] , [[ 820 1613]]
[[ 876 1619]] , [[ 876 1623]]
[[490 992]] , [[490 999]]
[[ 930 1876]] , [[ 930 1880]]
[[ 870 1618]] , [[ 870 1623]]
[[ 778 1873]] , [[ 778 1878]]
[[ 926 1875]] , [[ 926 1881]]
[[ 820 1612]] , [[ 820 1616]]
[[ 754 1613]] , [[ 754 1617]]
[[ 928 1874]] , [[ 927 1875]]
[[ 804 1610]] , [[ 803 1611]]
[[ 736 1877]] , [[ 735 1878]]
[[ 494 1008]] , [[ 494 1013]]
[[ 768 1612]] , [[ 768 1617]]
[[ 922 1875]] , [[ 922 1881]]
[[ 924 1875]] , [[ 923 1876]]
[[ 833 1873]] , [[ 833 1875]]
[[ 826 1611]] , [[ 826 1613]]
[[ 472 1004]] , [[ 472 1009]]
[[ 472 1006]] , [[ 472 1011]]
[[672 920]] , [[672 923]]
[[834 948]] , [[834 965]]
[[ 496 1002]] , [[ 495 1003]]
[[ 496 1002]] , [[ 495 1003]]
[[ 496 1002]] , [[ 496 1007]]
[[ 810 1611]] , [[ 810 1615]]
[[ 810 1611]] , [[ 810 1615]]
[[ 578 1618]] , [[ 578 1623]]
[[ 808 1611]] , [[ 808 1615]]
[[ 850 1612]] , [[ 850 1613]]
[[ 854 1613]] , [[ 854 1617]]
[[ 781 1611]] , [[ 780 1612]]
[[ 855 1613]] , [[ 855 1617]]
[[ 520 1031]] , [[ 520 1035]]
[[832 998]] , [[ 832 1005]]
[[ 781 1612]] , [[ 781 1616]]
[[361 752]] , [[361 756]]
[[832 974]] , [[832 991]]
[[836 972]] , [[836 975]]
[[ 789 1611]] , [[ 788 1612]]
[[718 723]] , [[718 727]]
[[ 690 1024]] , [[ 690 1029]]
[[839 944]] , [[839 954]]
[[ 690 1016]] , [[ 690 1017]]
[[839 944]] , [[839 953]]
[[834 844]] , [[834 847]]
[[ 688 1010]] , [[ 688 1011]]
[[ 777 1875]] , [[ 777 1876]]
[[ 482 1023]] , [[ 482 1039]]
[[ 703 1876]] , [[ 702 1877]]
[[ 704 1876]] , [[ 703 1877]]
[[ 950 1878]] , [[ 950 1883]]
[[ 638 1879]] , [[ 637 1880]]
[[ 821 1610]] , [[ 820 1611]]
[[ 821 1610]] , [[ 820 1611]]
[[ 766 1613]] , [[ 766 1617]]
[[ 782 1611]] , [[ 782 1615]]
[[ 793 1612]] , [[ 793 1616]]
[[ 785 1611]] , [[ 785 1615]]
[[ 922 1875]] , [[ 922 1879]]
[[ 846 1874]] , [[ 846 1878]]
[[ 495 1013]] , [[ 494 1014]]
[[ 696 1879]] , [[ 696 1883]]
[[ 974 1884]] , [[ 974 1888]]
[[ 708 1877]] , [[ 708 1881]]
[[ 872 1876]] , [[ 871 1877]]
[[ 850 1875]] , [[ 849 1876]]
[[ 704 1877]] , [[ 704 1883]]
[[ 522 1881]] , [[ 522 1886]]
[[ 776 1612]] , [[ 776 1616]]
[[ 768 1611]] , [[ 768 1615]]
[[ 874 1877]] , [[ 874 1881]]
[[ 828 1612]] , [[ 828 1616]]
[[ 814 1612]] , [[ 814 1617]]
[[ 848 1611]] , [[ 848 1615]]
[[ 709 1877]] , [[ 709 1881]]
[[ 746 1876]] , [[ 745 1877]]
[[ 622 1879]] , [[ 622 1883]]
[[ 764 1873]] , [[ 763 1874]]
[[ 226 1889]] , [[ 225 1890]]
[[ 485 1883]] , [[ 485 1887]]
[[ 314 1888]] , [[ 314 1893]]
[[ 544 1886]] , [[ 544 1887]]
[[ 555 1881]] , [[ 554 1882]]
[[ 636 1879]] , [[ 636 1883]]
[[ 752 1874]] , [[ 752 1881]]
[[ 786 1611]] , [[ 786 1615]]
[[ 962 1879]] , [[ 962 1884]]
[[ 946 1875]] , [[ 946 1879]]
[[ 664 1876]] , [[ 663 1877]]
[[ 872 1877]] , [[ 872 1881]]
[[ 992 1886]] , [[ 992 1891]]
[[ 868 1617]] , [[ 868 1621]]
[[ 813 1875]] , [[ 813 1879]]
[[ 756 1876]] , [[ 756 1880]]
[[ 663 1876]] , [[ 662 1877]]
[[836 926]] , [[836 936]]
[[ 806 1616]] , [[ 806 1621]]
[[ 806 1616]] , [[ 806 1621]]
[[ 767 1612]] , [[ 766 1613]]
[[ 806 1616]] , [[ 806 1621]]
[[ 450 1882]] , [[ 450 1887]]
[[ 499 1025]] , [[ 499 1026]]
[[ 718 1878]] , [[ 718 1883]]
[[ 870 1618]] , [[ 870 1622]]
[[ 870 1619]] , [[ 870 1623]]
[[ 779 1611]] , [[ 779 1615]]
[[ 806 1616]] , [[ 806 1621]]
[[ 858 1875]] , [[ 858 1879]]
[[ 839 1873]] , [[ 839 1877]]
[[ 490 1015]] , [[ 490 1017]]
[[ 696 1611]] , [[ 696 1615]]
[[ 724 1876]] , [[ 724 1881]]
[[ 750 1878]] , [[ 750 1883]]
[[ 752 1878]] , [[ 752 1883]]
[[ 673 1611]] , [[ 672 1612]]
[[ 750 1880]] , [[ 750 1885]]
[[ 946 1880]] , [[ 946 1885]]
[[ 306 1026]] , [[ 306 1029]]
[[ 771 1874]] , [[ 770 1875]]
[[ 580 1617]] , [[ 580 1621]]
[[ 906 1880]] , [[ 906 1887]]
[[ 888 1874]] , [[ 888 1878]]
[[ 982 1882]] , [[ 982 1891]]
[[ 648 1613]] , [[ 648 1617]]
[[ 578 1616]] , [[ 578 1621]]
[[ 805 1611]] , [[ 805 1615]]
[[ 709 1611]] , [[ 709 1615]]
[[ 298 1030]] , [[ 298 1035]]
[[ 603 1879]] , [[ 603 1883]]
[[ 857 1613]] , [[ 857 1617]]
[[ 307 1028]] , [[ 307 1031]]
[[ 690 1876]] , [[ 690 1881]]
[[ 300 1020]] , [[ 300 1021]]
[[ 878 1875]] , [[ 877 1876]]
[[ 761 1875]] , [[ 760 1876]]
[[ 723 1877]] , [[ 722 1878]]
[[ 296 1022]] , [[ 296 1029]]
[[ 865 1616]] , [[ 865 1620]]
[[ 516 1883]] , [[ 516 1887]]
[[ 683 1881]] , [[ 683 1885]]
[[ 975 1880]] , [[ 974 1881]]
[[ 824 1875]] , [[ 824 1881]]
[[ 574 1881]] , [[ 574 1885]]
[[ 824 1876]] , [[ 824 1880]]
[[ 718 1878]] , [[ 718 1885]]
[[ 291 1045]] , [[ 291 1047]]
[[ 868 1617]] , [[ 868 1621]]
[[ 874 1622]] , [[ 874 1627]]
[[ 760 1618]] , [[ 760 1623]]
[[ 718 1612]] , [[ 718 1617]]
[[ 810 1876]] , [[ 810 1877]]
[[ 810 1876]] , [[ 810 1877]]
[[ 730 1880]] , [[ 730 1885]]
[[ 741 1876]] , [[ 740 1877]]
[[ 809 1876]] , [[ 809 1877]]
[[ 802 1610]] , [[ 802 1614]]
[[ 879 1876]] , [[ 878 1877]]
[[838 998]] , [[838 999]]
[[ 477 1044]] , [[ 478 1043]]
[[ 502 1026]] , [[ 502 1043]]
[[ 802 1611]] , [[ 802 1615]]
[[682 958]] , [[682 959]]
[[ 870 1874]] , [[ 870 1879]]
[[ 498 1018]] , [[ 498 1025]]
[[840 902]] , [[840 907]]
[[830 994]] , [[830 995]]
[[680 962]] , [[680 971]]
[[842 913]] , [[841 914]]
[[834 910]] , [[834 911]]
[[676 952]] , [[676 953]]
[[834 910]] , [[834 915]]
[[ 474 1027]] , [[ 474 1031]]
[[ 744 1878]] , [[ 744 1879]]
[[ 746 1875]] , [[ 745 1876]]
[[ 718 1877]] , [[ 717 1878]]
[[ 696 1877]] , [[ 695 1878]]
[[ 598 1880]] , [[ 598 1884]]
[[ 772 1878]] , [[ 772 1883]]
[[ 694 1878]] , [[ 694 1883]]
[[ 754 1876]] , [[ 754 1877]]
[[ 741 1873]] , [[ 741 1877]]
[[686 982]] , [[686 994]]
[[ 596 1880]] , [[ 596 1887]]
[[ 490 1882]] , [[ 490 1886]]
[[ 551 1881]] , [[ 551 1885]]
[[ 968 1881]] , [[ 968 1887]]
[[ 952 1876]] , [[ 951 1877]]
[[ 760 1873]] , [[ 760 1875]]
[[686 990]] , [[686 991]]
[[ 496 1016]] , [[ 496 1025]]
[[ 787 1611]] , [[ 787 1615]]
[[ 726 1611]] , [[ 726 1615]]
[[ 823 1611]] , [[ 822 1612]]
[[ 730 1611]] , [[ 730 1615]]
[[ 868 1616]] , [[ 868 1620]]
[[686 988]] , [[686 989]]
[[ 480 1009]] , [[ 480 1021]]
[[ 940 1878]] , [[ 939 1879]]
[[ 574 1882]] , [[ 574 1887]]
[[ 619 1880]] , [[ 616 1883]]
[[ 580 1880]] , [[ 580 1881]]
[[ 580 1881]] , [[ 580 1887]]
[[ 790 1875]] , [[ 790 1881]]
[[ 498 1016]] , [[ 498 1021]]
[[ 485 1016]] , [[ 483 1018]]
[[ 944 1874]] , [[ 942 1876]]
[[ 843 1874]] , [[ 842 1875]]
[[ 730 1877]] , [[ 729 1878]]
[[ 843 1874]] , [[ 843 1879]]
[[ 820 1611]] , [[ 820 1615]]
[[ 872 1874]] , [[ 872 1878]]
[[ 958 1886]] , [[ 958 1890]]
[[ 720 1878]] , [[ 720 1887]]
[[ 760 1613]] , [[ 760 1617]]
[[ 752 1612]] , [[ 752 1617]]
[[ 762 1613]] , [[ 762 1619]]
[[ 626 1888]] , [[ 626 1893]]
[[ 840 1014]] , [[ 840 1015]]
[[744 716]] , [[744 721]]
[[ 491 1019]] , [[ 490 1020]]
[[ 698 1000]] , [[ 698 1006]]
[[ 494 1030]] , [[ 494 1041]]
[[ 490 1014]] , [[ 490 1025]]
[[ 754 1876]] , [[ 753 1877]]
[[ 483 1021]] , [[ 483 1025]]
[[ 766 1874]] , [[ 766 1881]]
[[ 789 1612]] , [[ 789 1616]]
[[ 782 1874]] , [[ 781 1875]]
[[ 826 1012]] , [[ 826 1017]]
[[ 866 1617]] , [[ 866 1621]]
[[ 826 1012]] , [[ 826 1017]]
[[ 840 1874]] , [[ 840 1878]]
[[ 838 1014]] , [[ 837 1015]]
[[ 369 1621]] , [[ 369 1625]]
[[ 801 1611]] , [[ 801 1615]]
[[ 718 1878]] , [[ 718 1885]]
[[ 549 1882]] , [[ 548 1883]]
[[ 589 1880]] , [[ 588 1881]]
[[696 986]] , [[696 991]]
[[696 986]] , [[696 989]]
[[ 759 1615]] , [[ 759 1619]]
[[ 758 1615]] , [[ 758 1619]]
[[696 982]] , [[696 987]]
[[ 838 1015]] , [[ 838 1021]]
[[696 980]] , [[696 987]]
[[ 787 1611]] , [[ 787 1615]]
[[ 779 1611]] , [[ 778 1612]]
[[ 495 1024]] , [[ 495 1027]]
[[482 990]] , [[482 991]]
[[ 495 1023]] , [[ 495 1029]]
[[676 920]] , [[676 925]]
[[480 980]] , [[480 983]]
[[674 920]] , [[674 927]]
[[676 920]] , [[676 921]]
[[676 920]] , [[676 921]]
[[676 920]] , [[676 921]]
[[673 934]] , [[673 941]]
[[ 488 1018]] , [[ 488 1019]]
[[ 488 1018]] , [[ 488 1019]]
[[674 920]] , [[674 927]]
[[ 703 1018]] , [[ 704 1017]]
[[ 728 1880]] , [[ 728 1887]]
[[ 854 1880]] , [[ 854 1887]]
[[ 728 1880]] , [[ 728 1885]]
[[482 996]] , [[ 482 1007]]
[[ 975 1880]] , [[ 973 1882]]
[[ 944 1875]] , [[ 943 1876]]
[[ 852 1876]] , [[ 852 1880]]
[[ 848 1612]] , [[ 848 1616]]
[[ 728 1882]] , [[ 728 1887]]
[[674 920]] , [[674 922]]
[[ 776 1610]] , [[ 775 1611]]
[[ 822 1612]] , [[ 822 1617]]
[[ 468 1028]] , [[ 468 1037]]
[[ 468 1028]] , [[ 468 1037]]
[[ 776 1611]] , [[ 776 1615]]
[[ 810 1610]] , [[ 809 1611]]
[[ 608 1616]] , [[ 608 1621]]
[[672 920]] , [[672 921]]
[[672 920]] , [[672 921]]
[[ 480 1008]] , [[ 480 1017]]
[[486 873]] , [[485 874]]
[[ 871 1618]] , [[ 871 1622]]
[[ 626 1614]] , [[ 626 1618]]
[[ 872 1618]] , [[ 872 1621]]
[[ 950 1877]] , [[ 950 1881]]
[[ 680 1880]] , [[ 680 1885]]
[[ 638 1880]] , [[ 638 1884]]
[[ 246 1627]] , [[ 246 1631]]
[[ 582 1883]] , [[ 582 1887]]
[[ 974 1880]] , [[ 974 1894]]
[[ 641 1880]] , [[ 641 1884]]
[[ 727 1612]] , [[ 726 1613]]
[[ 755 1874]] , [[ 754 1875]]
[[ 838 1612]] , [[ 838 1616]]
[[ 971 1879]] , [[ 970 1880]]
[[ 976 1880]] , [[ 976 1889]]
[[ 944 1876]] , [[ 944 1883]]
[[482 996]] , [[ 482 1003]]
[[ 987 1881]] , [[ 987 1885]]
[[ 644 1880]] , [[ 644 1885]]
[[ 662 1880]] , [[ 661 1881]]
[[ 697 1876]] , [[ 696 1877]]
[[ 626 1879]] , [[ 625 1880]]
[[482 996]] , [[ 482 1003]]
[[ 692 1882]] , [[ 692 1887]]
[[1062 1856]] , [[1062 1860]]
[[ 774 1612]] , [[ 774 1617]]
[[ 512 1033]] , [[ 512 1037]]
[[ 759 1874]] , [[ 758 1875]]
[[ 513 1032]] , [[ 512 1033]]
[[ 680 1614]] , [[ 680 1618]]
[[ 834 1616]] , [[ 834 1621]]
[[ 762 1876]] , [[ 762 1880]]
[[ 513 1032]] , [[ 512 1033]]
[[ 513 1032]] , [[ 512 1033]]
[[ 513 1032]] , [[ 512 1033]]
[[672 920]] , [[672 923]]
[[672 920]] , [[672 923]]
[[ 512 1032]] , [[ 512 1039]]
[[ 482 1004]] , [[ 482 1007]]
[[ 625 1616]] , [[ 625 1620]]
[[ 785 1611]] , [[ 785 1615]]
[[672 920]] , [[672 923]]
[[483 799]] , [[483 803]]
[[ 888 1876]] , [[ 888 1881]]
[[ 698 1877]] , [[ 697 1878]]
[[ 597 1880]] , [[ 597 1881]]
[[ 713 1877]] , [[ 711 1879]]
[[ 938 1876]] , [[ 938 1881]]
[[ 544 1616]] , [[ 544 1620]]
[[ 489 1880]] , [[ 488 1881]]
[[ 666 1616]] , [[ 666 1621]]
[[ 662 1878]] , [[ 662 1879]]
[[ 494 1018]] , [[ 494 1021]]
[[ 546 1616]] , [[ 546 1621]]
[[ 732 1876]] , [[ 732 1881]]
[[668 920]] , [[668 921]]
[[670 920]] , [[670 921]]
[[ 480 1020]] , [[ 480 1023]]
[[470 992]] , [[ 470 1003]]
[[ 732 1876]] , [[ 732 1880]]
[[814 886]] , [[814 887]]
[[ 986 1881]] , [[ 986 1885]]
[[ 486 1020]] , [[ 486 1021]]
[[ 758 1875]] , [[ 758 1881]]
[[ 485 1023]] , [[ 482 1026]]
[[ 790 1878]] , [[ 790 1879]]
[[ 752 1875]] , [[ 752 1887]]
[[ 752 1875]] , [[ 752 1887]]
[[ 472 1038]] , [[ 472 1039]]
[[ 872 1880]] , [[ 872 1885]]
[[ 750 1876]] , [[ 750 1880]]
[[ 936 1876]] , [[ 936 1881]]
[[ 774 1874]] , [[ 774 1879]]
[[ 106 1626]] , [[ 106 1631]]
[[ 944 1877]] , [[ 944 1881]]
[[ 629 1878]] , [[ 627 1880]]
[[ 624 1880]] , [[ 624 1887]]
[[ 866 1616]] , [[ 866 1620]]
[[ 927 1876]] , [[ 927 1880]]
[[ 902 1875]] , [[ 901 1876]]
[[ 927 1876]] , [[ 927 1877]]
[[ 694 1878]] , [[ 693 1879]]
[[ 922 1874]] , [[ 922 1878]]
[[ 978 1884]] , [[ 977 1885]]
[[ 676 1881]] , [[ 675 1882]]
[[ 491 1882]] , [[ 490 1883]]
[[ 770 1611]] , [[ 770 1615]]
[[ 782 1874]] , [[ 782 1878]]
[[ 688 1010]] , [[ 688 1011]]
[[ 688 1010]] , [[ 688 1011]]
[[832 956]] , [[832 961]]
[[ 976 1879]] , [[ 976 1881]]
[[ 768 1874]] , [[ 768 1879]]
[[ 758 1878]] , [[ 758 1883]]
[[ 666 1878]] , [[ 666 1882]]
[[ 667 1878]] , [[ 666 1879]]
[[ 665 1879]] , [[ 665 1883]]
[[ 928 1880]] , [[ 928 1885]]
[[ 660 1878]] , [[ 659 1879]]
[[1003 1896]] , [[1003 1900]]
[[ 878 1878]] , [[ 878 1883]]
[[ 308 1888]] , [[ 308 1893]]
[[ 843 1874]] , [[ 843 1878]]
[[ 634 1877]] , [[ 632 1879]]
[[ 768 1874]] , [[ 768 1878]]
[[ 768 1874]] , [[ 767 1875]]
[[672 928]] , [[672 959]]
[[ 846 1875]] , [[ 846 1879]]
[[ 728 1611]] , [[ 727 1612]]
[[ 770 1611]] , [[ 770 1615]]
[[ 497 1024]] , [[ 497 1025]]
[[ 792 1614]] , [[ 792 1619]]
[[ 806 1611]] , [[ 806 1615]]
[[ 698 1612]] , [[ 698 1617]]
[[ 862 1615]] , [[ 862 1625]]
[[ 774 1880]] , [[ 774 1885]]
[[ 892 1875]] , [[ 892 1879]]
[[ 340 1619]] , [[ 340 1623]]
[[ 729 1876]] , [[ 727 1878]]
[[1002 1892]] , [[1002 1896]]
[[ 464 1883]] , [[ 464 1887]]
[[ 770 1611]] , [[ 770 1615]]
[[ 304 1044]] , [[ 304 1045]]
[[ 726 1877]] , [[ 726 1881]]
[[ 744 1875]] , [[ 744 1879]]
[[ 894 1875]] , [[ 894 1879]]
[[ 304 1044]] , [[ 304 1045]]
[[ 752 1613]] , [[ 752 1617]]
[[ 304 1044]] , [[ 304 1045]]
[[ 854 1613]] , [[ 854 1617]]
[[ 304 1046]] , [[ 304 1053]]
[[ 886 1876]] , [[ 885 1877]]
[[ 620 1879]] , [[ 619 1880]]
[[ 600 1881]] , [[ 600 1885]]
[[ 622 1878]] , [[ 621 1879]]
[[ 326 1888]] , [[ 326 1893]]
[[ 910 1873]] , [[ 910 1877]]
[[ 852 1880]] , [[ 852 1884]]
[[ 974 1883]] , [[ 974 1887]]
[[ 325 1888]] , [[ 324 1889]]
[[ 570 1882]] , [[ 569 1883]]
[[ 870 1876]] , [[ 870 1880]]
[[ 302 1048]] , [[ 302 1053]]
[[ 786 1875]] , [[ 786 1879]]
[[ 960 1878]] , [[ 960 1882]]
[[ 680 1878]] , [[ 680 1879]]
[[ 701 1876]] , [[ 700 1877]]
[[ 958 1878]] , [[ 958 1885]]
[[ 740 1880]] , [[ 740 1885]]
[[ 490 1022]] , [[ 489 1023]]
[[ 486 1028]] , [[ 485 1029]]
[[ 844 1613]] , [[ 844 1617]]
[[ 486 1028]] , [[ 486 1035]]
[[ 486 1028]] , [[ 485 1029]]
[[ 960 1876]] , [[ 960 1885]]
[[ 472 1618]] , [[ 472 1622]]
[[ 838 1612]] , [[ 838 1616]]
[[ 958 1878]] , [[ 958 1883]]
[[ 866 1877]] , [[ 866 1879]]
[[ 875 1876]] , [[ 874 1877]]
[[ 728 1611]] , [[ 728 1615]]
[[ 472 1038]] , [[ 472 1045]]
[[ 742 1612]] , [[ 742 1616]]
[[ 864 1874]] , [[ 863 1875]]
[[ 598 1880]] , [[ 598 1885]]
[[ 456 1883]] , [[ 456 1887]]
[[ 776 1875]] , [[ 776 1879]]
[[ 970 1880]] , [[ 970 1885]]
[[ 976 1881]] , [[ 976 1885]]
[[ 850 1878]] , [[ 850 1882]]
[[ 976 1881]] , [[ 976 1885]]
[[ 550 1880]] , [[ 550 1885]]
[[ 624 1877]] , [[ 624 1881]]
[[ 546 1615]] , [[ 546 1619]]
[[ 690 1879]] , [[ 689 1880]]
[[ 524 1882]] , [[ 523 1883]]
[[838 950]] , [[838 951]]
[[ 782 1875]] , [[ 782 1879]]
[[ 481 1022]] , [[ 478 1025]]
[[ 848 1614]] , [[ 848 1619]]
[[ 856 1873]] , [[ 855 1874]]
[[ 866 1880]] , [[ 866 1884]]
[[ 834 1611]] , [[ 834 1615]]
[[ 848 1616]] , [[ 848 1621]]
[[ 784 1880]] , [[ 784 1887]]
[[ 574 1881]] , [[ 574 1889]]
[[ 778 1880]] , [[ 778 1886]]
[[ 702 1878]] , [[ 702 1883]]
[[ 702 1876]] , [[ 702 1881]]
[[ 780 1876]] , [[ 780 1880]]
[[ 778 1611]] , [[ 778 1615]]
[[ 683 1879]] , [[ 682 1880]]
[[ 766 1875]] , [[ 766 1885]]
[[ 919 1874]] , [[ 918 1875]]
[[ 774 1875]] , [[ 774 1879]]
[[ 774 1875]] , [[ 774 1879]]
[[ 848 1616]] , [[ 848 1621]]
[[ 848 1616]] , [[ 848 1621]]
[[ 921 1874]] , [[ 920 1875]]
[[ 696 1611]] , [[ 696 1615]]
[[770 868]] , [[770 873]]
[[670 928]] , [[670 947]]
[[770 868]] , [[770 872]]
[[ 602 1880]] , [[ 602 1887]]
[[672 924]] , [[672 927]]
[[672 928]] , [[672 929]]
[[672 928]] , [[672 929]]
[[695 973]] , [[695 977]]
[[672 928]] , [[672 929]]
[[ 846 1616]] , [[ 846 1621]]
[[465 812]] , [[465 814]]
[[672 924]] , [[672 929]]
[[ 486 1006]] , [[ 486 1015]]
[[ 742 1878]] , [[ 742 1883]]
[[ 762 1876]] , [[ 761 1877]]
[[ 838 1613]] , [[ 838 1617]]
[[ 840 1613]] , [[ 840 1617]]
[[ 736 1878]] , [[ 736 1883]]
[[ 802 1611]] , [[ 802 1615]]
[[ 742 1876]] , [[ 741 1877]]
[[668 926]] , [[668 931]]
[[ 760 1878]] , [[ 760 1883]]
[[ 478 1020]] , [[ 478 1021]]
[[ 701 1876]] , [[ 700 1877]]
[[ 754 1874]] , [[ 754 1878]]
[[ 742 1612]] , [[ 742 1617]]
[[ 671 1616]] , [[ 671 1620]]
[[ 744 1611]] , [[ 744 1615]]
[[ 486 1004]] , [[ 486 1013]]
[[ 486 1004]] , [[ 486 1013]]
[[ 486 1006]] , [[ 486 1013]]
[[ 944 1876]] , [[ 944 1880]]
[[ 946 1876]] , [[ 946 1880]]
[[ 976 1886]] , [[ 976 1890]]
[[ 786 1612]] , [[ 786 1616]]
[[ 880 1625]] , [[ 880 1629]]
[[ 844 1612]] , [[ 844 1616]]
[[ 868 1617]] , [[ 867 1618]]
[[ 784 1611]] , [[ 784 1615]]
[[ 724 1611]] , [[ 724 1615]]
[[ 884 1876]] , [[ 884 1880]]
[[ 928 1875]] , [[ 928 1883]]
[[ 484 1002]] , [[ 484 1009]]
[[ 770 1875]] , [[ 769 1876]]
[[ 731 1876]] , [[ 730 1877]]
[[ 914 1874]] , [[ 914 1881]]
[[ 763 1611]] , [[ 761 1613]]
[[ 792 1614]] , [[ 792 1622]]
[[ 761 1613]] , [[ 761 1617]]
[[ 703 1877]] , [[ 703 1881]]
[[ 454 1879]] , [[ 452 1881]]
[[ 862 1876]] , [[ 862 1879]]
[[ 776 1611]] , [[ 776 1616]]
[[ 857 1614]] , [[ 857 1618]]
[[ 352 1621]] , [[ 352 1625]]
[[ 525 1882]] , [[ 524 1883]]
[[ 864 1878]] , [[ 864 1879]]
[[ 822 1616]] , [[ 822 1620]]
[[ 790 1618]] , [[ 790 1622]]
[[ 822 1614]] , [[ 822 1618]]
[[ 328 1624]] , [[ 328 1629]]
[[ 862 1878]] , [[ 862 1879]]
[[673 922]] , [[673 925]]
[[ 954 1894]] , [[ 954 1903]]
[[ 638 1878]] , [[ 638 1883]]
[[ 842 1613]] , [[ 841 1614]]
[[490 994]] , [[490 999]]
[[ 986 1882]] , [[ 986 1883]]
[[ 918 1874]] , [[ 918 1878]]
[[ 660 1879]] , [[ 659 1880]]
[[ 942 1876]] , [[ 942 1881]]
[[ 944 1876]] , [[ 944 1880]]
[[ 821 1612]] , [[ 820 1613]]
[[ 876 1619]] , [[ 876 1623]]
[[490 992]] , [[490 999]]
[[ 930 1876]] , [[ 930 1880]]
[[ 870 1618]] , [[ 870 1623]]
[[ 778 1873]] , [[ 778 1878]]
[[ 926 1875]] , [[ 926 1881]]
[[ 820 1612]] , [[ 820 1616]]
[[ 754 1613]] , [[ 754 1617]]
[[ 928 1874]] , [[ 927 1875]]
[[ 804 1610]] , [[ 803 1611]]
[[ 736 1877]] , [[ 735 1878]]
[[ 494 1008]] , [[ 494 1013]]
[[ 768 1612]] , [[ 768 1617]]
[[ 922 1875]] , [[ 922 1881]]
[[ 924 1875]] , [[ 923 1876]]
[[ 833 1873]] , [[ 833 1875]]
[[ 826 1611]] , [[ 826 1613]]
[[ 472 1004]] , [[ 472 1009]]
[[ 472 1006]] , [[ 472 1011]]
[[672 920]] , [[672 923]]
[[834 948]] , [[834 965]]
[[ 496 1002]] , [[ 495 1003]]
[[ 496 1002]] , [[ 495 1003]]
[[ 496 1002]] , [[ 496 1007]]
[[ 810 1611]] , [[ 810 1615]]
[[ 810 1611]] , [[ 810 1615]]
[[ 578 1618]] , [[ 578 1623]]
[[ 808 1611]] , [[ 808 1615]]
[[ 850 1612]] , [[ 850 1613]]
[[ 854 1613]] , [[ 854 1617]]
[[ 781 1611]] , [[ 780 1612]]
[[ 855 1613]] , [[ 855 1617]]
[[ 520 1031]] , [[ 520 1035]]
[[832 998]] , [[ 832 1005]]
[[ 781 1612]] , [[ 781 1616]]
[[361 752]] , [[361 756]]
[[832 974]] , [[832 991]]
[[836 972]] , [[836 975]]
[[ 789 1611]] , [[ 788 1612]]
[[718 723]] , [[718 727]]
[[ 690 1024]] , [[ 690 1029]]
[[839 944]] , [[839 954]]
[[ 690 1016]] , [[ 690 1017]]
[[839 944]] , [[839 953]]
[[834 844]] , [[834 847]]
[[ 688 1010]] , [[ 688 1011]]
[[ 777 1875]] , [[ 777 1876]]
[[ 482 1023]] , [[ 482 1039]]
[[ 703 1876]] , [[ 702 1877]]
[[ 704 1876]] , [[ 703 1877]]
[[ 950 1878]] , [[ 950 1883]]
[[ 638 1879]] , [[ 637 1880]]
[[ 821 1610]] , [[ 820 1611]]
[[ 821 1610]] , [[ 820 1611]]
[[ 766 1613]] , [[ 766 1617]]
[[ 782 1611]] , [[ 782 1615]]
[[ 793 1612]] , [[ 793 1616]]
[[ 785 1611]] , [[ 785 1615]]
[[ 922 1875]] , [[ 922 1879]]
[[ 846 1874]] , [[ 846 1878]]
[[ 495 1013]] , [[ 494 1014]]
[[ 696 1879]] , [[ 696 1883]]
[[ 974 1884]] , [[ 974 1888]]
[[ 708 1877]] , [[ 708 1881]]
[[ 872 1876]] , [[ 871 1877]]
[[ 850 1875]] , [[ 849 1876]]
[[ 704 1877]] , [[ 704 1883]]
[[ 522 1881]] , [[ 522 1886]]
[[ 776 1612]] , [[ 776 1616]]
[[ 768 1611]] , [[ 768 1615]]
[[ 874 1877]] , [[ 874 1881]]
[[ 828 1612]] , [[ 828 1616]]
[[ 814 1612]] , [[ 814 1617]]
[[ 848 1611]] , [[ 848 1615]]
[[ 709 1877]] , [[ 709 1881]]
[[ 746 1876]] , [[ 745 1877]]
[[ 622 1879]] , [[ 622 1883]]
[[ 764 1873]] , [[ 763 1874]]
[[ 226 1889]] , [[ 225 1890]]
[[ 485 1883]] , [[ 485 1887]]
[[ 314 1888]] , [[ 314 1893]]
[[ 544 1886]] , [[ 544 1887]]
[[ 555 1881]] , [[ 554 1882]]
[[ 636 1879]] , [[ 636 1883]]
[[ 752 1874]] , [[ 752 1881]]
[[ 786 1611]] , [[ 786 1615]]
[[ 962 1879]] , [[ 962 1884]]
[[ 946 1875]] , [[ 946 1879]]
[[ 664 1876]] , [[ 663 1877]]
[[ 872 1877]] , [[ 872 1881]]
[[ 992 1886]] , [[ 992 1891]]
[[ 868 1617]] , [[ 868 1621]]
[[ 813 1875]] , [[ 813 1879]]
[[ 756 1876]] , [[ 756 1880]]
[[ 663 1876]] , [[ 662 1877]]
[[836 926]] , [[836 936]]
[[ 806 1616]] , [[ 806 1621]]
[[ 806 1616]] , [[ 806 1621]]
[[ 767 1612]] , [[ 766 1613]]
[[ 806 1616]] , [[ 806 1621]]
[[ 450 1882]] , [[ 450 1887]]
[[ 499 1025]] , [[ 499 1026]]
[[ 718 1878]] , [[ 718 1883]]
[[ 870 1618]] , [[ 870 1622]]
[[ 870 1619]] , [[ 870 1623]]
[[ 779 1611]] , [[ 779 1615]]
[[ 806 1616]] , [[ 806 1621]]
[[ 858 1875]] , [[ 858 1879]]
[[ 839 1873]] , [[ 839 1877]]
[[ 490 1015]] , [[ 490 1017]]
[[ 696 1611]] , [[ 696 1615]]
[[ 724 1876]] , [[ 724 1881]]
[[ 750 1878]] , [[ 750 1883]]
[[ 752 1878]] , [[ 752 1883]]
[[ 673 1611]] , [[ 672 1612]]
[[ 750 1880]] , [[ 750 1885]]
[[ 946 1880]] , [[ 946 1885]]
[[ 306 1026]] , [[ 306 1029]]
[[ 771 1874]] , [[ 770 1875]]
[[ 580 1617]] , [[ 580 1621]]
[[ 906 1880]] , [[ 906 1887]]
[[ 888 1874]] , [[ 888 1878]]
[[ 982 1882]] , [[ 982 1891]]
[[ 648 1613]] , [[ 648 1617]]
[[ 578 1616]] , [[ 578 1621]]
[[ 805 1611]] , [[ 805 1615]]
[[ 709 1611]] , [[ 709 1615]]
[[ 298 1030]] , [[ 298 1035]]
[[ 603 1879]] , [[ 603 1883]]
[[ 857 1613]] , [[ 857 1617]]
[[ 307 1028]] , [[ 307 1031]]
[[ 690 1876]] , [[ 690 1881]]
[[ 300 1020]] , [[ 300 1021]]
[[ 878 1875]] , [[ 877 1876]]
[[ 761 1875]] , [[ 760 1876]]
[[ 723 1877]] , [[ 722 1878]]
[[ 296 1022]] , [[ 296 1029]]
[[ 865 1616]] , [[ 865 1620]]
[[ 516 1883]] , [[ 516 1887]]
[[ 683 1881]] , [[ 683 1885]]
[[ 975 1880]] , [[ 974 1881]]
[[ 824 1875]] , [[ 824 1881]]
[[ 574 1881]] , [[ 574 1885]]
[[ 824 1876]] , [[ 824 1880]]
[[ 718 1878]] , [[ 718 1885]]
[[ 291 1045]] , [[ 291 1047]]
[[ 868 1617]] , [[ 868 1621]]
[[ 874 1622]] , [[ 874 1627]]
[[ 760 1618]] , [[ 760 1623]]
[[ 718 1612]] , [[ 718 1617]]
[[ 810 1876]] , [[ 810 1877]]
[[ 810 1876]] , [[ 810 1877]]
[[ 730 1880]] , [[ 730 1885]]
[[ 741 1876]] , [[ 740 1877]]
[[ 809 1876]] , [[ 809 1877]]
[[ 802 1610]] , [[ 802 1614]]
[[ 879 1876]] , [[ 878 1877]]
[[838 998]] , [[838 999]]
[[ 477 1044]] , [[ 478 1043]]
[[ 502 1026]] , [[ 502 1043]]
[[ 802 1611]] , [[ 802 1615]]
[[682 958]] , [[682 959]]
[[ 870 1874]] , [[ 870 1879]]
[[ 498 1018]] , [[ 498 1025]]
[[840 902]] , [[840 907]]
[[830 994]] , [[830 995]]
[[680 962]] , [[680 971]]
[[842 913]] , [[841 914]]
[[834 910]] , [[834 911]]
[[676 952]] , [[676 953]]
[[834 910]] , [[834 915]]
[[ 474 1027]] , [[ 474 1031]]
[[ 744 1878]] , [[ 744 1879]]
[[ 746 1875]] , [[ 745 1876]]
[[ 718 1877]] , [[ 717 1878]]
[[ 696 1877]] , [[ 695 1878]]
[[ 598 1880]] , [[ 598 1884]]
[[ 772 1878]] , [[ 772 1883]]
[[ 694 1878]] , [[ 694 1883]]
[[ 754 1876]] , [[ 754 1877]]
[[ 741 1873]] , [[ 741 1877]]
[[686 982]] , [[686 994]]
[[ 596 1880]] , [[ 596 1887]]
[[ 490 1882]] , [[ 490 1886]]
[[ 551 1881]] , [[ 551 1885]]
[[ 968 1881]] , [[ 968 1887]]
[[ 952 1876]] , [[ 951 1877]]
[[ 760 1873]] , [[ 760 1875]]
[[686 990]] , [[686 991]]
[[ 496 1016]] , [[ 496 1025]]
[[ 787 1611]] , [[ 787 1615]]
[[ 726 1611]] , [[ 726 1615]]
[[ 823 1611]] , [[ 822 1612]]
[[ 730 1611]] , [[ 730 1615]]
[[ 868 1616]] , [[ 868 1620]]
[[686 988]] , [[686 989]]
[[ 480 1009]] , [[ 480 1021]]
[[ 940 1878]] , [[ 939 1879]]
[[ 574 1882]] , [[ 574 1887]]
[[ 619 1880]] , [[ 616 1883]]
[[ 580 1880]] , [[ 580 1881]]
[[ 580 1881]] , [[ 580 1887]]
[[ 790 1875]] , [[ 790 1881]]
[[ 498 1016]] , [[ 498 1021]]
[[ 485 1016]] , [[ 483 1018]]
[[ 944 1874]] , [[ 942 1876]]
[[ 843 1874]] , [[ 842 1875]]
[[ 730 1877]] , [[ 729 1878]]
[[ 843 1874]] , [[ 843 1879]]
[[ 820 1611]] , [[ 820 1615]]
[[ 872 1874]] , [[ 872 1878]]
[[ 958 1886]] , [[ 958 1890]]
[[ 720 1878]] , [[ 720 1887]]
[[ 760 1613]] , [[ 760 1617]]
[[ 752 1612]] , [[ 752 1617]]
[[ 762 1613]] , [[ 762 1619]]
[[ 626 1888]] , [[ 626 1893]]
[[ 748 1208]] , [[ 748 1209]]
[[ 546 1354]] , [[ 546 1355]]
[[ 235 1668]] , [[ 235 1672]]
[[ 546 1354]] , [[ 546 1355]]
[[ 540 1354]] , [[ 540 1359]]
[[ 548 1352]] , [[ 548 1353]]
[[1064 1812]] , [[1064 1817]]
[[ 540 1352]] , [[ 540 1355]]
[[ 283 1468]] , [[ 284 1467]]
[[ 752 1206]] , [[ 752 1207]]
[[ 540 1352]] , [[ 540 1359]]
[[ 752 1206]] , [[ 752 1207]]
[[ 750 1208]] , [[ 750 1209]]
[[ 534 1194]] , [[ 534 1195]]
[[ 534 1194]] , [[ 534 1195]]
[[ 226 1194]] , [[ 226 1198]]
[[ 534 1194]] , [[ 534 1195]]
[[ 226 1194]] , [[ 226 1201]]
[[ 238 1214]] , [[ 238 1229]]
[[ 751 1206]] , [[ 751 1207]]
[[ 528 1194]] , [[ 528 1195]]
[[ 530 1194]] , [[ 530 1195]]
[[ 530 1194]] , [[ 530 1195]]
[[ 751 1206]] , [[ 751 1209]]
[[ 778 1785]] , [[ 778 1789]]
[[ 540 1354]] , [[ 540 1355]]
[[ 540 1354]] , [[ 540 1355]]
[[ 540 1354]] , [[ 540 1355]]
[[ 540 1354]] , [[ 540 1355]]
[[ 230 1222]] , [[ 230 1231]]
[[ 550 1352]] , [[ 550 1353]]
[[ 550 1352]] , [[ 550 1353]]
[[1030 1826]] , [[1030 1831]]
[[ 238 1220]] , [[ 238 1221]]
[[ 752 1206]] , [[ 752 1207]]
[[ 228 1334]] , [[ 228 1337]]
[[ 546 1354]] , [[ 546 1355]]
[[ 234 1222]] , [[ 234 1226]]
[[ 546 1352]] , [[ 546 1353]]
[[ 240 1214]] , [[ 240 1219]]
[[1026 1826]] , [[1026 1831]]
[[ 240 1214]] , [[ 240 1227]]
[[ 240 1216]] , [[ 240 1229]]
[[ 240 1218]] , [[ 240 1229]]
[[ 546 1354]] , [[ 546 1355]]
[[ 240 1218]] , [[ 240 1229]]
[[1034 1828]] , [[1034 1833]]
[[ 228 1330]] , [[ 228 1331]]
[[ 228 1330]] , [[ 228 1331]]
[[ 240 1216]] , [[ 240 1229]]
[[ 240 1216]] , [[ 240 1229]]
[[ 240 1216]] , [[ 240 1229]]
[[ 240 1216]] , [[ 240 1227]]
[[ 528 1196]] , [[ 528 1197]]
[[ 750 1206]] , [[ 750 1211]]
[[ 752 1206]] , [[ 752 1209]]
[[ 540 1194]] , [[ 540 1195]]
[[ 532 1194]] , [[ 532 1195]]
[[ 381 1188]] , [[ 381 1189]]
[[ 752 1206]] , [[ 752 1209]]
[[ 756 1208]] , [[ 756 1209]]
[[ 530 1194]] , [[ 530 1195]]
[[ 536 1194]] , [[ 536 1195]]
[[ 536 1194]] , [[ 536 1195]]
[[ 530 1194]] , [[ 530 1195]]
[[ 221 1308]] , [[ 221 1309]]
[[ 221 1308]] , [[ 221 1309]]
[[ 232 1200]] , [[ 232 1205]]
[[ 232 1200]] , [[ 232 1205]]
[[ 227 1334]] , [[ 227 1340]]
[[ 238 1336]] , [[ 238 1341]]
[[ 751 1210]] , [[ 751 1211]]
[[ 742 1208]] , [[ 742 1217]]
[[ 222 1332]] , [[ 222 1335]]
[[ 743 1208]] , [[ 743 1212]]
[[ 743 1208]] , [[ 743 1212]]
[[ 232 1336]] , [[ 232 1341]]
[[ 749 1210]] , [[ 749 1213]]
[[ 743 1208]] , [[ 743 1212]]
[[ 750 1210]] , [[ 750 1213]]
[[ 211 1328]] , [[ 211 1331]]
[[ 211 1328]] , [[ 211 1331]]
[[ 536 1354]] , [[ 536 1355]]
[[ 524 1194]] , [[ 524 1195]]
[[ 747 1336]] , [[ 748 1335]]
[[ 394 1330]] , [[ 394 1341]]
[[ 212 1330]] , [[ 212 1337]]
[[ 218 1334]] , [[ 218 1339]]
[[ 218 1334]] , [[ 218 1339]]
[[ 736 1220]] , [[ 736 1221]]
[[ 746 1280]] , [[ 746 1287]]
[[ 736 1220]] , [[ 736 1221]]
[[ 742 1296]] , [[ 742 1297]]
[[ 744 1297]] , [[ 743 1298]]
[[ 742 1299]] , [[ 741 1300]]
[[ 741 1302]] , [[ 740 1303]]
[[ 740 1299]] , [[ 740 1305]]
[[ 202 1316]] , [[ 202 1323]]
[[ 202 1316]] , [[ 202 1323]]
[[ 209 1334]] , [[ 209 1339]]
[[ 730 1308]] , [[ 730 1313]]
[[ 203 1316]] , [[ 203 1335]]
[[ 760 1291]] , [[ 761 1290]]
[[ 756 1246]] , [[ 756 1255]]
[[ 735 1230]] , [[ 735 1235]]
[[ 572 1254]] , [[ 572 1255]]
[[ 214 1200]] , [[ 214 1204]]
[[ 378 1196]] , [[ 378 1197]]
[[ 374 1196]] , [[ 374 1197]]
[[ 735 1186]] , [[ 735 1191]]
[[ 370 1196]] , [[ 370 1197]]
[[ 370 1196]] , [[ 370 1197]]
[[ 215 1200]] , [[ 215 1205]]
[[ 738 1030]] , [[ 738 1039]]
[[ 226 1171]] , [[ 226 1175]]
[[ 366 1196]] , [[ 366 1197]]
[[ 560 1048]] , [[ 560 1049]]
[[ 366 1196]] , [[ 366 1197]]
[[ 226 1196]] , [[ 226 1197]]
[[ 211 1319]] , [[ 212 1318]]
[[ 211 1319]] , [[ 212 1318]]
[[ 218 1198]] , [[ 218 1199]]
[[ 211 1319]] , [[ 212 1318]]
[[ 211 1319]] , [[ 212 1318]]
[[ 211 1326]] , [[ 212 1325]]
[[ 360 1198]] , [[ 360 1202]]
[[ 360 1198]] , [[ 360 1202]]
[[ 212 1196]] , [[ 212 1199]]
[[1057 1825]] , [[1056 1826]]
[[1057 1825]] , [[1057 1829]]
[[1056 1825]] , [[1056 1829]]
[[ 540 1208]] , [[ 540 1211]]
[[ 540 1208]] , [[ 540 1211]]
[[ 540 1208]] , [[ 540 1211]]
[[ 360 1198]] , [[ 360 1202]]
[[ 542 1208]] , [[ 542 1209]]
[[ 776 1757]] , [[ 776 1761]]
[[ 362 1198]] , [[ 362 1206]]
[[ 542 1208]] , [[ 542 1209]]
[[ 552 1048]] , [[ 552 1059]]
[[ 362 1198]] , [[ 362 1201]]
[[ 546 1222]] , [[ 546 1235]]
[[ 220 1200]] , [[ 220 1201]]
[[ 364 1200]] , [[ 364 1201]]
[[ 366 1200]] , [[ 366 1201]]
[[ 520 1198]] , [[ 520 1199]]
[[ 204 1347]] , [[ 204 1351]]
[[ 224 1200]] , [[ 224 1203]]
[[ 226 1200]] , [[ 226 1201]]
[[ 223 1200]] , [[ 223 1201]]
[[ 747 1044]] , [[ 747 1045]]
[[ 747 1046]] , [[ 747 1049]]
[[ 747 1044]] , [[ 747 1047]]
[[ 380 1198]] , [[ 380 1199]]
[[ 574 1254]] , [[ 574 1255]]
[[ 576 1254]] , [[ 576 1255]]
[[ 578 1254]] , [[ 578 1255]]
[[ 388 1198]] , [[ 388 1199]]
[[ 582 1254]] , [[ 582 1255]]
[[ 230 1198]] , [[ 230 1199]]
[[ 230 1198]] , [[ 230 1199]]
[[ 225 1200]] , [[ 225 1201]]
[[ 772 1204]] , [[ 772 1205]]
[[ 225 1200]] , [[ 225 1201]]
[[ 772 1204]] , [[ 772 1205]]
[[ 582 1254]] , [[ 582 1257]]
[[ 580 1254]] , [[ 580 1257]]
[[ 580 1254]] , [[ 580 1255]]
[[ 580 1254]] , [[ 580 1255]]
[[ 225 1196]] , [[ 225 1199]]
[[ 388 1196]] , [[ 388 1199]]
[[ 388 1196]] , [[ 388 1199]]
[[ 772 1196]] , [[ 772 1201]]
[[ 770 1212]] , [[ 770 1215]]
[[ 768 1218]] , [[ 768 1231]]
[[ 745 1253]] , [[ 745 1257]]
[[ 398 1214]] , [[ 398 1233]]
[[ 746 1300]] , [[ 746 1305]]
[[ 215 1318]] , [[ 215 1323]]
[[ 754 1218]] , [[ 754 1221]]
[[ 754 1216]] , [[ 754 1219]]
[[ 754 1218]] , [[ 754 1219]]
[[ 754 1214]] , [[ 754 1217]]
[[ 526 1196]] , [[ 526 1251]]
[[ 374 1190]] , [[ 374 1191]]
[[ 745 1352]] , [[ 746 1351]]
[[ 374 1190]] , [[ 374 1191]]
[[ 752 1214]] , [[ 752 1215]]
[[ 750 1214]] , [[ 750 1215]]
[[ 750 1214]] , [[ 750 1215]]
[[ 526 1194]] , [[ 526 1197]]
[[ 749 1292]] , [[ 750 1291]]
[[ 238 1202]] , [[ 238 1203]]
[[ 227 1277]] , [[ 227 1281]]
[[ 227 1278]] , [[ 227 1283]]
[[ 234 1241]] , [[ 234 1245]]
[[ 226 1302]] , [[ 226 1307]]
[[ 229 1278]] , [[ 227 1280]]
[[ 242 1246]] , [[ 242 1255]]
[[1030 1840]] , [[1030 1844]]
[[1030 1840]] , [[1030 1844]]
[[ 542 1354]] , [[ 542 1355]]
[[ 542 1354]] , [[ 542 1355]]
[[ 232 1312]] , [[ 232 1317]]
[[ 231 1292]] , [[ 231 1293]]
[[ 238 1280]] , [[ 238 1285]]
[[ 382 1190]] , [[ 382 1193]]
[[ 530 1196]] , [[ 530 1197]]
[[ 530 1196]] , [[ 530 1197]]
[[ 530 1196]] , [[ 530 1197]]
[[ 530 1196]] , [[ 530 1197]]
[[ 530 1196]] , [[ 530 1197]]
[[ 759 1206]] , [[ 759 1207]]
[[ 234 1288]] , [[ 234 1293]]
[[ 243 1310]] , [[ 243 1314]]
[[ 232 1282]] , [[ 232 1289]]
[[ 759 1204]] , [[ 759 1205]]
[[ 532 1194]] , [[ 532 1195]]
[[ 219 1288]] , [[ 217 1290]]
[[ 532 1194]] , [[ 532 1195]]
[[1072 1816]] , [[1072 1820]]
[[ 958 1604]] , [[ 958 1609]]
[[1058 1824]] , [[1058 1825]]
[[ 223 1344]] , [[ 224 1343]]
[[ 223 1346]] , [[ 224 1345]]
[[ 223 1284]] , [[ 223 1285]]
[[ 216 1262]] , [[ 216 1279]]
[[ 216 1262]] , [[ 216 1279]]
[[ 217 1218]] , [[ 217 1219]]
[[ 218 1222]] , [[ 218 1231]]
[[ 218 1222]] , [[ 218 1231]]
[[ 748 1206]] , [[ 748 1207]]
[[ 528 1196]] , [[ 528 1199]]
[[ 218 1206]] , [[ 218 1215]]
[[ 530 1196]] , [[ 530 1197]]
[[ 258 1289]] , [[ 258 1295]]
[[ 270 1300]] , [[ 270 1305]]
[[ 265 1288]] , [[ 264 1289]]
[[ 758 1202]] , [[ 758 1205]]
[[ 758 1202]] , [[ 758 1205]]
[[ 264 1289]] , [[ 263 1290]]
[[ 750 1200]] , [[ 750 1201]]
[[ 271 1310]] , [[ 271 1314]]
[[ 748 1200]] , [[ 748 1204]]
[[ 750 1200]] , [[ 750 1207]]
[[ 283 1298]] , [[ 284 1297]]
[[ 386 1188]] , [[ 386 1189]]
[[ 285 1302]] , [[ 286 1301]]
[[ 283 1298]] , [[ 284 1297]]
[[ 283 1298]] , [[ 284 1297]]
[[1057 1827]] , [[1056 1828]]
[[ 753 1200]] , [[ 753 1205]]
[[ 782 1761]] , [[ 782 1765]]
[[ 782 1761]] , [[ 782 1765]]
[[ 782 1761]] , [[ 782 1765]]
[[ 754 1198]] , [[ 754 1199]]
[[ 782 1761]] , [[ 782 1765]]
[[ 766 1204]] , [[ 766 1205]]
[[ 766 1204]] , [[ 766 1205]]
[[ 530 1198]] , [[ 530 1199]]
[[ 959 1603]] , [[ 958 1604]]
[[ 530 1198]] , [[ 530 1199]]
[[ 380 1190]] , [[ 380 1191]]
[[ 542 1196]] , [[ 542 1197]]
[[ 532 1196]] , [[ 532 1197]]
[[ 532 1196]] , [[ 532 1197]]
[[ 374 1022]] , [[ 374 1023]]
[[ 752 1020]] , [[ 752 1023]]
[[ 756 1020]] , [[ 756 1021]]
[[ 758 1020]] , [[ 758 1021]]
[[ 386 1022]] , [[ 386 1023]]
[[ 750 1208]] , [[ 748 1210]]
[[ 762 1208]] , [[ 762 1209]]
[[ 534 1200]] , [[ 534 1201]]
[[ 748 1206]] , [[ 748 1213]]
[[ 530 1202]] , [[ 530 1203]]
[[ 770 1212]] , [[ 770 1213]]
[[ 748 1214]] , [[ 748 1215]]
[[1030 1840]] , [[1030 1841]]
[[1056 1830]] , [[1056 1834]]
[[1056 1830]] , [[1056 1834]]
[[ 258 1296]] , [[ 258 1297]]
[[1030 1840]] , [[1030 1847]]
[[ 272 1312]] , [[ 272 1317]]
[[ 756 1210]] , [[ 756 1215]]
[[ 208 1220]] , [[ 208 1229]]
[[ 209 1220]] , [[ 209 1221]]
[[ 732 1212]] , [[ 732 1215]]
[[1030 1832]] , [[1030 1841]]
[[ 735 1206]] , [[ 735 1207]]
[[ 786 1768]] , [[ 786 1781]]
[[ 197 1398]] , [[ 197 1403]]
[[1056 1811]] , [[1056 1815]]
[[ 203 1357]] , [[ 204 1356]]
[[ 207 1234]] , [[ 206 1235]]
[[ 205 1267]] , [[ 205 1271]]
[[ 226 1280]] , [[ 226 1281]]
[[ 205 1332]] , [[ 205 1337]]
[[ 730 1204]] , [[ 730 1207]]
[[ 224 1290]] , [[ 224 1295]]
[[ 745 1206]] , [[ 745 1207]]
[[ 205 1364]] , [[ 206 1363]]
[[ 215 1310]] , [[ 215 1317]]
[[ 224 1208]] , [[ 224 1213]]
[[ 203 1328]] , [[ 203 1335]]
[[ 359 1320]] , [[ 359 1327]]
[[ 214 1330]] , [[ 214 1335]]
[[ 526 1352]] , [[ 526 1353]]
[[ 177 1768]] , [[ 177 1770]]
[[ 754 1286]] , [[ 754 1289]]
[[ 758 1262]] , [[ 758 1263]]
[[ 570 1246]] , [[ 570 1247]]
[[ 564 1246]] , [[ 564 1257]]
[[ 562 1246]] , [[ 562 1247]]
[[ 560 1246]] , [[ 560 1247]]
[[ 370 1192]] , [[ 370 1193]]
[[ 222 1188]] , [[ 222 1189]]
[[ 542 1246]] , [[ 542 1249]]
[[ 542 1208]] , [[ 542 1209]]
[[ 360 1190]] , [[ 360 1191]]
[[ 177 1769]] , [[ 177 1773]]
[[ 177 1769]] , [[ 177 1773]]
[[ 430 1781]] , [[ 430 1785]]
[[ 536 1196]] , [[ 536 1197]]
[[ 220 1186]] , [[ 220 1187]]
[[ 372 1192]] , [[ 372 1193]]
[[ 374 1192]] , [[ 374 1193]]
[[ 213 1188]] , [[ 213 1189]]
[[ 370 1192]] , [[ 370 1193]]
[[ 372 1192]] , [[ 372 1193]]
[[ 522 1196]] , [[ 522 1197]]
[[ 362 1192]] , [[ 362 1193]]
[[ 360 1192]] , [[ 360 1193]]
[[ 362 1192]] , [[ 362 1193]]
[[ 213 1322]] , [[ 213 1325]]
[[ 516 1198]] , [[ 516 1199]]
[[ 520 1196]] , [[ 520 1197]]
[[ 518 1196]] , [[ 518 1197]]
[[ 514 1196]] , [[ 514 1247]]
[[ 214 1188]] , [[ 214 1189]]
[[ 214 1188]] , [[ 214 1189]]
[[ 518 1196]] , [[ 518 1197]]
[[ 526 1196]] , [[ 526 1197]]
[[ 516 1196]] , [[ 516 1197]]
[[ 366 1194]] , [[ 366 1195]]
[[ 216 1330]] , [[ 216 1335]]
[[ 205 1328]] , [[ 204 1329]]
[[ 518 1198]] , [[ 518 1199]]
[[ 205 1329]] , [[ 205 1333]]
[[ 225 1328]] , [[ 225 1333]]
[[ 225 1328]] , [[ 225 1333]]
[[ 266 1290]] , [[ 266 1305]]
[[ 516 1198]] , [[ 516 1199]]
[[ 372 1196]] , [[ 372 1197]]
[[ 516 1198]] , [[ 516 1199]]
[[ 514 1198]] , [[ 514 1251]]
[[ 264 1286]] , [[ 264 1289]]
[[ 372 1194]] , [[ 372 1195]]
[[ 372 1194]] , [[ 372 1195]]
[[ 372 1194]] , [[ 372 1195]]
[[ 208 1190]] , [[ 208 1191]]
[[ 208 1190]] , [[ 208 1191]]
[[ 372 1194]] , [[ 372 1195]]
[[ 358 1196]] , [[ 358 1197]]
[[ 364 1196]] , [[ 364 1197]]
[[ 934 1591]] , [[ 934 1595]]
[[ 934 1591]] , [[ 934 1595]]
[[ 266 1308]] , [[ 266 1313]]
[[ 262 1284]] , [[ 262 1292]]
[[ 262 1284]] , [[ 262 1293]]
[[ 262 1284]] , [[ 262 1293]]
[[ 518 1198]] , [[ 518 1199]]
[[ 262 1284]] , [[ 262 1289]]
[[ 934 1591]] , [[ 934 1595]]
[[ 268 1302]] , [[ 268 1309]]
[[ 264 1286]] , [[ 264 1291]]
[[ 214 1328]] , [[ 214 1333]]
[[ 518 1196]] , [[ 518 1197]]
[[ 518 1196]] , [[ 518 1197]]
[[ 518 1196]] , [[ 518 1197]]
[[ 224 1328]] , [[ 224 1333]]
[[ 198 1022]] , [[ 198 1023]]
[[ 362 1198]] , [[ 362 1199]]
[[ 218 1196]] , [[ 218 1197]]
[[ 370 1206]] , [[ 370 1207]]
[[ 368 1210]] , [[ 368 1211]]
[[ 212 1208]] , [[ 212 1239]]
[[ 524 1216]] , [[ 524 1217]]
[[1053 1838]] , [[1053 1842]]
[[ 220 1204]] , [[ 220 1205]]
[[ 360 1184]] , [[ 360 1189]]
[[ 218 1204]] , [[ 218 1217]]
[[ 218 1200]] , [[ 218 1231]]
[[ 218 1200]] , [[ 218 1207]]
[[ 376 1200]] , [[ 376 1201]]
[[ 360 1176]] , [[ 360 1181]]
[[ 374 1200]] , [[ 374 1201]]
[[ 376 1200]] , [[ 376 1201]]
[[ 538 1202]] , [[ 538 1203]]
[[ 376 1200]] , [[ 376 1201]]
[[ 376 1200]] , [[ 376 1201]]
[[1056 1822]] , [[1056 1823]]
[[ 215 1364]] , [[ 215 1369]]
[[ 220 1332]] , [[ 219 1333]]
[[ 228 1334]] , [[ 228 1341]]
[[ 219 1326]] , [[ 219 1331]]
[[ 238 1196]] , [[ 238 1197]]
[[ 201 1032]] , [[ 201 1033]]
[[ 718 1056]] , [[ 718 1063]]
[[ 523 1150]] , [[ 523 1151]]
[[ 546 1038]] , [[ 546 1039]]
[[ 560 1048]] , [[ 560 1049]]
[[ 234 1198]] , [[ 234 1199]]
[[ 227 1200]] , [[ 227 1201]]
[[ 376 1200]] , [[ 376 1205]]
[[ 380 1202]] , [[ 380 1203]]
[[ 606 1256]] , [[ 606 1257]]
[[ 228 1200]] , [[ 228 1201]]
[[ 530 1200]] , [[ 530 1201]]
[[ 582 1256]] , [[ 582 1257]]
[[ 530 1200]] , [[ 530 1201]]
[[ 528 1200]] , [[ 528 1205]]
[[ 772 1224]] , [[ 772 1229]]
[[ 772 1276]] , [[ 772 1279]]
[[ 772 1350]] , [[ 772 1351]]
[[ 772 1300]] , [[ 772 1301]]
[[ 220 1332]] , [[ 220 1337]]
[[ 218 1320]] , [[ 218 1325]]
[[ 230 1334]] , [[ 230 1341]]
[[ 222 1330]] , [[ 222 1335]]
[[ 230 1334]] , [[ 230 1341]]
[[ 221 1329]] , [[ 221 1333]]
[[ 530 1198]] , [[ 530 1199]]
[[ 530 1198]] , [[ 530 1199]]
[[ 219 1280]] , [[ 219 1287]]
[[ 219 1280]] , [[ 219 1287]]
[[ 218 1302]] , [[ 218 1307]]
[[ 238 1324]] , [[ 238 1329]]
[[ 761 1214]] , [[ 761 1217]]
[[ 752 1216]] , [[ 752 1217]]
[[ 236 1204]] , [[ 236 1213]]
[[ 749 1214]] , [[ 749 1215]]
[[ 234 1254]] , [[ 234 1273]]
[[ 749 1210]] , [[ 749 1211]]
[[ 240 1242]] , [[ 240 1251]]
[[ 240 1244]] , [[ 240 1251]]
[[ 232 1312]] , [[ 232 1317]]
[[ 234 1318]] , [[ 234 1323]]
[[ 238 1260]] , [[ 238 1265]]
[[ 238 1264]] , [[ 238 1273]]
[[ 238 1264]] , [[ 238 1273]]
[[ 260 1317]] , [[ 260 1321]]
[[ 240 1262]] , [[ 240 1263]]
[[ 240 1258]] , [[ 240 1279]]
[[ 240 1258]] , [[ 240 1279]]
[[ 240 1232]] , [[ 240 1237]]
[[ 240 1256]] , [[ 240 1277]]
[[ 240 1232]] , [[ 240 1247]]
[[ 240 1256]] , [[ 240 1277]]
[[ 749 1210]] , [[ 749 1211]]
[[ 755 1294]] , [[ 756 1293]]
[[ 755 1294]] , [[ 756 1293]]
[[ 751 1292]] , [[ 752 1291]]
[[ 240 1208]] , [[ 240 1211]]
[[ 240 1208]] , [[ 240 1209]]
[[ 530 1194]] , [[ 530 1195]]
[[ 530 1194]] , [[ 530 1195]]
[[ 530 1194]] , [[ 530 1195]]
[[ 240 1208]] , [[ 240 1209]]
[[ 753 1294]] , [[ 754 1293]]
[[ 753 1296]] , [[ 754 1295]]
[[ 753 1296]] , [[ 754 1295]]
[[ 746 1208]] , [[ 746 1209]]
[[ 240 1208]] , [[ 240 1209]]
[[ 548 1352]] , [[ 548 1353]]
[[ 550 1352]] , [[ 550 1353]]
[[ 550 1352]] , [[ 550 1353]]
[[ 954 1610]] , [[ 954 1615]]
[[1056 1824]] , [[1056 1829]]
[[ 750 1208]] , [[ 750 1209]]
[[ 790 1784]] , [[ 790 1793]]
[[ 244 1258]] , [[ 244 1262]]
[[ 790 1788]] , [[ 790 1795]]
[[ 244 1258]] , [[ 244 1263]]
[[ 746 1216]] , [[ 746 1217]]
[[ 746 1214]] , [[ 746 1215]]
[[ 546 1354]] , [[ 546 1355]]
[[ 528 1192]] , [[ 528 1193]]
[[ 240 1194]] , [[ 240 1195]]
[[ 544 1348]] , [[ 544 1349]]
[[ 746 1206]] , [[ 746 1207]]
[[ 378 1188]] , [[ 378 1189]]
[[ 528 1200]] , [[ 528 1201]]
[[ 741 1222]] , [[ 741 1223]]
[[ 373 1196]] , [[ 373 1197]]
[[ 374 1196]] , [[ 374 1197]]
[[ 372 1196]] , [[ 372 1197]]
[[ 367 1192]] , [[ 367 1195]]
[[ 368 1192]] , [[ 368 1193]]
[[ 734 1218]] , [[ 734 1219]]
[[ 516 1194]] , [[ 516 1195]]
[[ 752 1330]] , [[ 752 1335]]
[[ 750 1330]] , [[ 751 1329]]
[[ 216 1190]] , [[ 216 1193]]
[[ 374 1194]] , [[ 374 1195]]
[[ 217 1192]] , [[ 217 1193]]
[[ 364 1198]] , [[ 364 1201]]
[[ 362 1200]] , [[ 362 1205]]
[[1038 1832]] , [[1038 1833]]
[[ 228 1336]] , [[ 228 1341]]
[[ 507 1106]] , [[ 507 1116]]
[[ 208 1096]] , [[ 208 1101]]
[[ 204 1192]] , [[ 204 1195]]
[[ 222 1188]] , [[ 222 1189]]
[[ 706 1777]] , [[ 706 1781]]
[[ 516 1192]] , [[ 516 1193]]
[[ 518 1192]] , [[ 518 1193]]
[[ 372 1190]] , [[ 372 1191]]
[[ 364 1192]] , [[ 364 1193]]
[[ 361 1192]] , [[ 361 1195]]
[[ 364 1190]] , [[ 364 1191]]
[[ 362 1190]] , [[ 362 1193]]
[[ 362 1190]] , [[ 362 1193]]
[[ 362 1190]] , [[ 362 1195]]
[[ 362 1190]] , [[ 362 1191]]
[[ 214 1186]] , [[ 214 1187]]
[[ 362 1190]] , [[ 362 1191]]
[[ 214 1186]] , [[ 214 1187]]
[[ 211 1186]] , [[ 211 1187]]
[[ 364 1192]] , [[ 364 1197]]
[[ 522 1196]] , [[ 522 1197]]
[[ 210 1188]] , [[ 210 1189]]
[[ 526 1196]] , [[ 526 1197]]
[[ 214 1188]] , [[ 214 1189]]
[[ 363 1194]] , [[ 363 1197]]
[[ 218 1186]] , [[ 218 1187]]
[[ 228 1118]] , [[ 228 1121]]
[[ 210 1186]] , [[ 210 1187]]
[[ 520 1196]] , [[ 520 1197]]
[[ 368 1192]] , [[ 368 1193]]
[[ 372 1192]] , [[ 372 1195]]
[[ 226 1186]] , [[ 226 1187]]
[[ 376 1192]] , [[ 376 1195]]
[[ 226 1188]] , [[ 226 1189]]
[[ 779 1750]] , [[ 779 1754]]
[[ 216 1136]] , [[ 216 1147]]
[[ 216 1136]] , [[ 216 1147]]
[[ 236 1186]] , [[ 236 1187]]
[[ 550 1194]] , [[ 550 1195]]
[[ 238 1186]] , [[ 238 1187]]
[[ 230 1188]] , [[ 230 1189]]
[[ 236 1086]] , [[ 236 1087]]
[[ 230 1188]] , [[ 230 1189]]
[[ 208 1102]] , [[ 208 1113]]
[[ 768 1212]] , [[ 768 1213]]
[[ 772 1239]] , [[ 772 1267]]
[[ 404 1240]] , [[ 404 1247]]
[[ 750 1210]] , [[ 750 1211]]
[[ 750 1210]] , [[ 750 1211]]
[[ 544 1192]] , [[ 544 1193]]
[[ 748 1208]] , [[ 748 1213]]
[[ 378 1192]] , [[ 378 1195]]
[[ 550 1196]] , [[ 550 1197]]
[[ 530 1196]] , [[ 530 1197]]
[[ 546 1352]] , [[ 546 1353]]
[[ 240 1206]] , [[ 240 1217]]
[[ 753 1198]] , [[ 753 1199]]
[[ 530 1188]] , [[ 530 1189]]
[[ 530 1188]] , [[ 530 1189]]
[[ 743 1288]] , [[ 744 1287]]
[[ 743 1290]] , [[ 744 1289]]
[[ 743 1290]] , [[ 744 1289]]
[[ 528 1194]] , [[ 528 1195]]
[[ 532 1194]] , [[ 532 1195]]
[[ 760 1204]] , [[ 760 1205]]
[[ 754 1204]] , [[ 754 1207]]
[[1038 1828]] , [[1038 1835]]
[[ 755 1204]] , [[ 755 1205]]
[[ 217 1326]] , [[ 217 1330]]
[[ 535 1190]] , [[ 535 1193]]
[[ 275 1456]] , [[ 276 1455]]
[[ 750 1200]] , [[ 750 1201]]
[[ 750 1200]] , [[ 750 1201]]
[[ 748 1202]] , [[ 748 1203]]
[[ 237 1380]] , [[ 238 1379]]
[[ 760 1200]] , [[ 760 1201]]
[[ 214 1298]] , [[ 214 1305]]
[[ 313 1464]] , [[ 314 1463]]
[[ 753 1198]] , [[ 753 1201]]
[[ 227 1468]] , [[ 228 1467]]
[[ 265 1458]] , [[ 266 1457]]
[[ 534 1186]] , [[ 534 1189]]
