[[ 33 302]] , [[ 34 301]]
[[484 770]] , [[484 775]]
[[834 572]] , [[834 579]]
[[ 829 1010]] , [[ 828 1011]]
[[490 978]] , [[490 989]]
[[ 490 1014]] , [[ 490 1025]]
[[482 984]] , [[482 991]]
[[ 784 1612]] , [[ 784 1616]]
[[ 491 1008]] , [[ 490 1009]]
[[ 483 1021]] , [[ 483 1025]]
[[ 491 1008]] , [[ 491 1009]]
[[ 826 1012]] , [[ 826 1017]]
[[698 998]] , [[ 698 1006]]
[[ 826 1012]] , [[ 826 1017]]
[[494 998]] , [[ 494 1003]]
[[698 998]] , [[ 698 1006]]
[[701 999]] , [[ 700 1000]]
[[ 483 1027]] , [[ 482 1028]]
[[ 838 1014]] , [[ 838 1019]]
[[ 798 1611]] , [[ 798 1615]]
[[ 453 1880]] , [[ 453 1882]]
[[ 827 1876]] , [[ 826 1877]]
[[763 712]] , [[761 714]]
[[484 725]] , [[484 729]]
[[696 982]] , [[696 989]]
[[ 838 1613]] , [[ 838 1617]]
[[478 760]] , [[478 764]]
[[688 972]] , [[688 977]]
[[680 958]] , [[680 967]]
[[ 838 1015]] , [[ 838 1021]]
[[ 472 1024]] , [[ 472 1029]]
[[ 478 1032]] , [[ 479 1031]]
[[ 703 1018]] , [[ 704 1017]]
[[482 990]] , [[482 991]]
[[656 790]] , [[656 801]]
[[477 933]] , [[476 934]]
[[ 679 1012]] , [[ 680 1011]]
[[654 882]] , [[654 887]]
[[ 679 1012]] , [[ 680 1011]]
[[656 800]] , [[656 827]]
[[842 898]] , [[842 903]]
[[ 703 1018]] , [[ 704 1017]]
[[ 703 1018]] , [[ 704 1017]]
[[484 872]] , [[484 873]]
[[484 872]] , [[484 877]]
[[490 983]] , [[490 990]]
[[ 782 1873]] , [[ 781 1874]]
[[482 996]] , [[ 482 1007]]
[[ 703 1018]] , [[ 704 1017]]
[[ 468 1030]] , [[ 468 1047]]
[[ 488 1018]] , [[ 488 1019]]
[[ 520 1032]] , [[ 520 1037]]
[[ 518 1033]] , [[ 518 1037]]
[[ 936 1876]] , [[ 936 1880]]
[[466 860]] , [[466 867]]
[[ 488 1018]] , [[ 488 1019]]
[[ 475 1032]] , [[ 476 1031]]
[[ 491 1028]] , [[ 492 1027]]
[[ 491 1024]] , [[ 492 1023]]
[[ 488 1018]] , [[ 488 1019]]
[[ 488 1016]] , [[ 488 1017]]
[[ 771 1612]] , [[ 771 1616]]
[[464 862]] , [[464 869]]
[[464 862]] , [[464 869]]
[[486 873]] , [[485 874]]
[[468 814]] , [[468 815]]
[[ 488 1010]] , [[ 489 1009]]
[[ 489 1010]] , [[ 490 1009]]
[[ 482 1000]] , [[ 482 1013]]
[[ 644 1613]] , [[ 644 1617]]
[[ 482 1000]] , [[ 482 1005]]
[[ 482 1000]] , [[ 482 1005]]
[[672 924]] , [[672 955]]
[[ 246 1627]] , [[ 246 1631]]
[[ 815 1612]] , [[ 815 1616]]
[[ 770 1876]] , [[ 770 1881]]
[[ 482 1000]] , [[ 482 1005]]
[[ 848 1613]] , [[ 848 1619]]
[[672 924]] , [[672 935]]
[[ 744 1875]] , [[ 744 1879]]
[[ 721 1612]] , [[ 721 1616]]
[[672 923]] , [[672 967]]
[[473 897]] , [[472 898]]
[[ 624 1880]] , [[ 624 1887]]
[[ 475 1032]] , [[ 476 1031]]
[[ 697 1877]] , [[ 696 1878]]
[[ 666 1613]] , [[ 665 1614]]
[[ 696 1877]] , [[ 696 1881]]
[[672 922]] , [[672 923]]
[[ 775 1612]] , [[ 774 1613]]
[[ 495 1019]] , [[ 494 1020]]
[[ 495 1019]] , [[ 494 1020]]
[[694 968]] , [[694 975]]
[[ 674 1614]] , [[ 674 1618]]
[[ 482 1006]] , [[ 482 1007]]
[[ 513 1032]] , [[ 512 1033]]
[[ 513 1032]] , [[ 512 1033]]
[[ 736 1610]] , [[ 735 1611]]
[[671 922]] , [[671 923]]
[[672 920]] , [[672 921]]
[[672 920]] , [[672 923]]
[[466 830]] , [[466 839]]
[[466 830]] , [[466 839]]
[[672 920]] , [[672 923]]
[[693 984]] , [[694 983]]
[[ 512 1032]] , [[ 512 1039]]
[[ 482 1004]] , [[ 482 1007]]
[[483 801]] , [[483 805]]
[[484 790]] , [[484 794]]
[[ 693 1875]] , [[ 692 1876]]
[[ 850 1613]] , [[ 850 1617]]
[[ 850 1613]] , [[ 850 1617]]
[[ 861 1615]] , [[ 861 1619]]
[[ 528 1616]] , [[ 528 1623]]
[[482 997]] , [[ 482 1005]]
[[ 882 1876]] , [[ 882 1881]]
[[ 528 1616]] , [[ 528 1623]]
[[ 858 1875]] , [[ 858 1879]]
[[672 922]] , [[672 923]]
[[ 494 1018]] , [[ 494 1020]]
[[ 740 1614]] , [[ 740 1618]]
[[654 784]] , [[654 841]]
[[485 774]] , [[485 775]]
[[672 920]] , [[672 923]]
[[812 888]] , [[812 893]]
[[ 486 1020]] , [[ 486 1021]]
[[666 858]] , [[667 857]]
[[ 874 1880]] , [[ 874 1884]]
[[658 798]] , [[658 799]]
[[ 496 1027]] , [[ 496 1035]]
[[670 924]] , [[670 931]]
[[ 472 1038]] , [[ 472 1043]]
[[ 801 1611]] , [[ 801 1615]]
[[ 346 1620]] , [[ 346 1621]]
[[ 486 1023]] , [[ 485 1024]]
[[ 723 1876]] , [[ 722 1877]]
[[ 952 1875]] , [[ 951 1876]]
[[ 774 1874]] , [[ 774 1879]]
[[ 800 1611]] , [[ 800 1615]]
[[ 496 1025]] , [[ 496 1026]]
[[ 916 1874]] , [[ 916 1881]]
[[ 898 1876]] , [[ 898 1881]]
[[ 874 1878]] , [[ 874 1885]]
[[ 827 1611]] , [[ 827 1615]]
[[ 896 1875]] , [[ 896 1879]]
[[ 728 1613]] , [[ 728 1617]]
[[ 951 1875]] , [[ 950 1876]]
[[ 720 1877]] , [[ 720 1881]]
[[ 786 1611]] , [[ 786 1615]]
[[ 758 1876]] , [[ 758 1881]]
[[ 784 1611]] , [[ 784 1615]]
[[ 800 1611]] , [[ 800 1615]]
[[836 990]] , [[836 991]]
[[ 787 1611]] , [[ 787 1615]]
[[832 958]] , [[832 975]]
[[832 946]] , [[832 953]]
[[818 698]] , [[818 699]]
[[ 792 1614]] , [[ 792 1619]]
[[ 792 1611]] , [[ 791 1612]]
[[ 745 1875]] , [[ 745 1879]]
[[ 792 1612]] , [[ 792 1617]]
[[ 840 1873]] , [[ 840 1879]]
[[ 710 1612]] , [[ 710 1617]]
[[ 686 1879]] , [[ 686 1883]]
[[ 912 1874]] , [[ 912 1880]]
[[ 685 1879]] , [[ 684 1880]]
[[ 864 1875]] , [[ 863 1876]]
[[ 912 1874]] , [[ 912 1880]]
[[ 494 1024]] , [[ 494 1025]]
[[ 896 1874]] , [[ 896 1878]]
[[ 496 1026]] , [[ 496 1033]]
[[ 776 1611]] , [[ 776 1615]]
[[835 986]] , [[836 985]]
[[ 728 1612]] , [[ 728 1616]]
[[ 480 1026]] , [[ 480 1029]]
[[ 721 1611]] , [[ 720 1612]]
[[ 703 1003]] , [[ 703 1007]]
[[ 806 1611]] , [[ 806 1615]]
[[ 298 1044]] , [[ 298 1049]]
[[ 770 1610]] , [[ 770 1614]]
[[ 820 1611]] , [[ 820 1617]]
[[ 340 1618]] , [[ 340 1622]]
[[ 486 1016]] , [[ 486 1021]]
[[ 706 1611]] , [[ 706 1615]]
[[ 303 1046]] , [[ 302 1047]]
[[ 992 1882]] , [[ 992 1886]]
[[ 966 1878]] , [[ 966 1883]]
[[ 304 1044]] , [[ 304 1045]]
[[ 496 1014]] , [[ 496 1019]]
[[ 840 1875]] , [[ 840 1879]]
[[ 854 1613]] , [[ 854 1617]]
[[ 854 1613]] , [[ 854 1617]]
[[ 496 1014]] , [[ 496 1019]]
[[ 795 1612]] , [[ 795 1616]]
[[ 496 1012]] , [[ 496 1023]]
[[ 779 1611]] , [[ 779 1615]]
[[ 482 1005]] , [[ 482 1009]]
[[ 304 1046]] , [[ 304 1053]]
[[ 495 1012]] , [[ 494 1013]]
[[ 544 1880]] , [[ 544 1886]]
[[ 304 1046]] , [[ 304 1051]]
[[ 620 1878]] , [[ 620 1879]]
[[ 304 1046]] , [[ 304 1051]]
[[ 960 1878]] , [[ 959 1879]]
[[ 682 1880]] , [[ 682 1884]]
[[ 570 1882]] , [[ 569 1883]]
[[ 600 1880]] , [[ 600 1881]]
[[ 836 1875]] , [[ 836 1879]]
[[834 928]] , [[834 935]]
[[ 484 1014]] , [[ 484 1015]]
[[ 894 1876]] , [[ 894 1880]]
[[ 824 1618]] , [[ 824 1623]]
[[ 475 1024]] , [[ 475 1026]]
[[ 932 1875]] , [[ 932 1879]]
[[ 702 1877]] , [[ 702 1881]]
[[838 934]] , [[838 935]]
[[ 683 1004]] , [[ 683 1007]]
[[ 486 1028]] , [[ 486 1029]]
[[ 682 1008]] , [[ 682 1009]]
[[484 990]] , [[484 995]]
[[ 474 1031]] , [[ 473 1032]]
[[ 474 1032]] , [[ 474 1037]]
[[ 686 1010]] , [[ 685 1011]]
[[ 836 1611]] , [[ 836 1615]]
[[ 731 1611]] , [[ 731 1615]]
[[ 470 1036]] , [[ 470 1041]]
[[838 974]] , [[838 987]]
[[838 982]] , [[838 987]]
[[ 779 1611]] , [[ 778 1612]]
[[ 800 1616]] , [[ 800 1621]]
[[ 868 1876]] , [[ 868 1887]]
[[ 849 1873]] , [[ 849 1877]]
[[ 630 1613]] , [[ 630 1617]]
[[ 731 1877]] , [[ 729 1879]]
[[ 828 1873]] , [[ 827 1874]]
[[ 754 1873]] , [[ 753 1874]]
[[ 766 1874]] , [[ 766 1881]]
[[ 862 1876]] , [[ 862 1881]]
[[ 824 1611]] , [[ 823 1612]]
[[676 966]] , [[676 975]]
[[ 548 1615]] , [[ 548 1619]]
[[ 665 1616]] , [[ 665 1620]]
[[678 856]] , [[678 863]]
[[ 481 1022]] , [[ 479 1024]]
[[670 926]] , [[670 927]]
[[466 999]] , [[ 466 1009]]
[[670 926]] , [[670 927]]
[[ 778 1611]] , [[ 778 1615]]
[[670 926]] , [[670 936]]
[[ 766 1612]] , [[ 766 1617]]
[[ 646 1879]] , [[ 646 1883]]
[[ 621 1877]] , [[ 621 1878]]
[[ 752 1874]] , [[ 752 1878]]
[[ 750 1875]] , [[ 750 1879]]
[[ 857 1875]] , [[ 856 1876]]
[[ 760 1875]] , [[ 759 1876]]
[[672 928]] , [[672 933]]
[[ 752 1874]] , [[ 752 1884]]
[[ 486 1002]] , [[ 486 1013]]
[[484 998]] , [[ 484 1002]]
[[ 674 1611]] , [[ 674 1615]]
[[ 848 1616]] , [[ 848 1621]]
[[672 925]] , [[672 929]]
[[ 692 1611]] , [[ 692 1615]]
[[ 801 1611]] , [[ 801 1615]]
[[672 926]] , [[672 927]]
[[483 792]] , [[483 794]]
[[464 802]] , [[464 849]]
[[483 792]] , [[483 794]]
[[ 848 1614]] , [[ 848 1618]]
[[464 802]] , [[464 835]]
[[483 792]] , [[483 794]]
[[483 792]] , [[483 794]]
[[466 814]] , [[465 815]]
[[483 792]] , [[483 793]]
[[667 924]] , [[667 928]]
[[650 780]] , [[650 799]]
[[465 810]] , [[464 811]]
[[671 932]] , [[671 936]]
[[ 706 1876]] , [[ 705 1877]]
[[ 486 1000]] , [[ 486 1007]]
[[674 944]] , [[674 949]]
[[ 486 1000]] , [[ 486 1008]]
[[ 748 1875]] , [[ 748 1879]]
[[674 946]] , [[674 955]]
[[ 816 1613]] , [[ 816 1617]]
[[482 858]] , [[482 863]]
[[ 852 1613]] , [[ 851 1614]]
[[674 952]] , [[674 955]]
[[ 478 1020]] , [[ 478 1021]]
[[ 478 1020]] , [[ 478 1021]]
[[ 478 1020]] , [[ 478 1021]]
[[ 486 1004]] , [[ 486 1013]]
[[ 486 1005]] , [[ 486 1013]]
[[672 938]] , [[672 944]]
[[670 924]] , [[670 929]]
[[672 924]] , [[672 933]]
[[ 690 1611]] , [[ 690 1615]]
[[672 938]] , [[672 944]]
[[ 854 1612]] , [[ 854 1616]]
[[672 938]] , [[672 943]]
[[ 616 1614]] , [[ 615 1615]]
[[ 484 1002]] , [[ 484 1009]]
[[ 484 1002]] , [[ 484 1009]]
[[672 938]] , [[672 944]]
[[672 938]] , [[672 943]]
[[ 484 1002]] , [[ 484 1009]]
[[ 743 1611]] , [[ 743 1615]]
[[470 862]] , [[470 873]]
[[ 776 1612]] , [[ 775 1613]]
[[ 762 1874]] , [[ 762 1881]]
[[ 849 1612]] , [[ 848 1613]]
[[ 486 1002]] , [[ 486 1005]]
[[ 819 1612]] , [[ 819 1613]]
[[ 842 1612]] , [[ 842 1616]]
[[ 452 1618]] , [[ 452 1622]]
[[ 710 1877]] , [[ 709 1878]]
[[ 776 1611]] , [[ 776 1616]]
[[672 926]] , [[672 935]]
[[ 777 1612]] , [[ 777 1616]]
[[ 792 1616]] , [[ 792 1617]]
[[ 454 1880]] , [[ 454 1887]]
[[ 863 1616]] , [[ 863 1620]]
[[ 778 1612]] , [[ 778 1616]]
[[672 942]] , [[672 949]]
[[673 924]] , [[673 925]]
[[ 488 1009]] , [[ 488 1016]]
[[ 480 1006]] , [[ 480 1017]]
[[468 812]] , [[468 833]]
[[ 999 1889]] , [[ 999 1894]]
[[ 886 1875]] , [[ 885 1876]]
[[ 812 1612]] , [[ 812 1616]]
[[472 864]] , [[472 871]]
[[ 334 1624]] , [[ 334 1631]]
[[ 718 1611]] , [[ 718 1615]]
[[ 866 1878]] , [[ 866 1884]]
[[ 483 1020]] , [[ 483 1021]]
[[ 784 1612]] , [[ 784 1616]]
[[490 992]] , [[490 999]]
[[ 785 1612]] , [[ 785 1616]]
[[835 986]] , [[836 985]]
[[ 842 1612]] , [[ 842 1613]]
[[ 841 1612]] , [[ 841 1613]]
[[ 784 1612]] , [[ 784 1616]]
[[ 776 1873]] , [[ 776 1877]]
[[ 495 1011]] , [[ 494 1012]]
[[ 747 1611]] , [[ 747 1615]]
[[ 804 1610]] , [[ 803 1611]]
[[674 922]] , [[674 957]]
[[ 838 1614]] , [[ 838 1619]]
[[472 848]] , [[472 849]]
[[ 494 1000]] , [[ 494 1013]]
[[ 837 1873]] , [[ 837 1877]]
[[ 849 1873]] , [[ 849 1877]]
[[ 496 1002]] , [[ 496 1007]]
[[ 494 1000]] , [[ 494 1007]]
[[ 491 1020]] , [[ 492 1019]]
[[ 491 1020]] , [[ 492 1019]]
[[468 800]] , [[468 821]]
[[478 856]] , [[478 861]]
[[834 908]] , [[834 919]]
[[840 956]] , [[840 967]]
[[676 920]] , [[676 921]]
[[ 482 1006]] , [[ 482 1015]]
[[ 482 1020]] , [[ 482 1025]]
[[ 810 1611]] , [[ 810 1615]]
[[ 730 1611]] , [[ 730 1615]]
[[ 763 1611]] , [[ 763 1615]]
[[ 478 1008]] , [[ 478 1025]]
[[ 486 1002]] , [[ 486 1003]]
[[ 762 1612]] , [[ 762 1616]]
[[492 992]] , [[ 492 1001]]
[[700 721]] , [[700 727]]
[[ 708 1010]] , [[ 708 1011]]
[[798 704]] , [[798 705]]
[[360 750]] , [[360 754]]
[[718 723]] , [[718 727]]
[[837 944]] , [[837 947]]
[[814 702]] , [[814 703]]
[[816 866]] , [[816 867]]
[[698 722]] , [[698 727]]
[[841 958]] , [[842 957]]
[[834 848]] , [[834 863]]
[[832 696]] , [[832 697]]
[[836 839]] , [[835 840]]
[[ 472 1024]] , [[ 472 1025]]
[[837 992]] , [[838 991]]
[[ 692 1008]] , [[ 692 1009]]
[[ 816 1612]] , [[ 816 1617]]
[[ 782 1874]] , [[ 782 1878]]
[[ 700 1875]] , [[ 698 1877]]
[[ 710 1014]] , [[ 710 1025]]
[[ 493 1028]] , [[ 494 1027]]
[[ 824 1611]] , [[ 823 1612]]
[[688 996]] , [[688 997]]
[[ 782 1611]] , [[ 782 1615]]
[[ 495 1026]] , [[ 496 1025]]
[[ 496 1012]] , [[ 494 1014]]
[[ 495 1026]] , [[ 496 1025]]
[[ 475 1001]] , [[ 475 1005]]
[[ 846 1874]] , [[ 846 1881]]
[[ 734 1877]] , [[ 734 1881]]
[[ 762 1616]] , [[ 762 1620]]
[[ 762 1616]] , [[ 762 1620]]
[[ 762 1616]] , [[ 762 1620]]
[[ 762 1616]] , [[ 762 1620]]
[[ 702 1612]] , [[ 702 1616]]
[[ 304 1048]] , [[ 304 1055]]
[[ 496 1012]] , [[ 495 1013]]
[[ 839 1612]] , [[ 839 1616]]
[[ 307 1047]] , [[ 306 1048]]
[[ 806 1611]] , [[ 806 1615]]
[[ 305 1048]] , [[ 304 1049]]
[[ 794 1873]] , [[ 794 1874]]
[[ 794 1873]] , [[ 794 1874]]
[[ 768 1873]] , [[ 767 1874]]
[[ 504 1616]] , [[ 504 1620]]
[[ 344 1888]] , [[ 344 1889]]
[[ 756 1874]] , [[ 755 1875]]
[[ 870 1879]] , [[ 870 1883]]
[[ 564 1884]] , [[ 564 1892]]
[[ 750 1874]] , [[ 750 1879]]
[[ 750 1875]] , [[ 750 1879]]
[[ 617 1613]] , [[ 616 1614]]
[[ 805 1610]] , [[ 804 1611]]
[[ 752 1875]] , [[ 752 1882]]
[[ 868 1617]] , [[ 868 1621]]
[[ 758 1875]] , [[ 758 1879]]
[[ 868 1617]] , [[ 868 1621]]
[[ 886 1878]] , [[ 886 1882]]
[[ 472 1000]] , [[ 472 1007]]
[[ 760 1616]] , [[ 760 1620]]
[[ 816 1875]] , [[ 816 1881]]
[[ 800 1611]] , [[ 800 1615]]
[[468 822]] , [[468 829]]
[[ 796 1611]] , [[ 796 1615]]
[[ 489 1021]] , [[ 488 1022]]
[[840 926]] , [[840 931]]
[[ 499 1026]] , [[ 499 1028]]
[[ 792 1611]] , [[ 792 1615]]
[[676 927]] , [[675 928]]
[[ 736 1875]] , [[ 736 1879]]
[[ 833 1611]] , [[ 833 1615]]
[[ 780 1611]] , [[ 780 1615]]
[[ 487 1022]] , [[ 485 1024]]
[[ 778 1611]] , [[ 778 1615]]
[[ 778 1611]] , [[ 778 1615]]
[[ 806 1616]] , [[ 806 1621]]
[[ 688 1011]] , [[ 687 1012]]
[[ 493 1012]] , [[ 490 1015]]
[[ 718 1611]] , [[ 717 1612]]
[[ 881 1874]] , [[ 880 1875]]
[[ 304 1014]] , [[ 304 1025]]
[[ 496 1037]] , [[ 497 1036]]
[[ 800 1876]] , [[ 800 1881]]
[[ 709 1611]] , [[ 709 1615]]
[[ 688 1006]] , [[ 688 1009]]
[[ 806 1614]] , [[ 806 1618]]
[[ 306 1027]] , [[ 306 1029]]
[[ 888 1876]] , [[ 888 1880]]
[[ 772 1612]] , [[ 772 1616]]
[[ 720 1879]] , [[ 720 1883]]
[[ 738 1611]] , [[ 738 1615]]
[[ 802 1612]] , [[ 802 1616]]
[[ 296 1030]] , [[ 296 1031]]
[[ 490 1019]] , [[ 490 1021]]
[[ 711 1013]] , [[ 711 1019]]
[[ 574 1616]] , [[ 574 1620]]
[[ 490 1016]] , [[ 490 1017]]
[[ 490 1016]] , [[ 490 1017]]
[[ 305 1040]] , [[ 306 1039]]
[[ 682 1016]] , [[ 682 1027]]
[[ 291 1044]] , [[ 290 1045]]
[[ 787 1874]] , [[ 786 1875]]
[[ 296 1024]] , [[ 296 1029]]
[[ 836 1008]] , [[ 836 1013]]
[[ 296 1022]] , [[ 296 1029]]
[[ 830 1875]] , [[ 830 1879]]
[[ 746 1875]] , [[ 746 1880]]
[[ 722 1611]] , [[ 722 1615]]
[[ 299 1044]] , [[ 300 1043]]
[[ 537 1616]] , [[ 537 1620]]
[[ 489 1019]] , [[ 488 1020]]
[[ 292 1022]] , [[ 292 1031]]
[[ 489 1019]] , [[ 488 1020]]
[[ 290 1042]] , [[ 290 1055]]
[[ 834 1616]] , [[ 834 1620]]
[[ 818 1611]] , [[ 818 1615]]
[[ 489 1020]] , [[ 488 1021]]
[[ 629 1611]] , [[ 629 1612]]
[[ 486 1022]] , [[ 486 1023]]
[[ 810 1876]] , [[ 810 1877]]
[[ 487 1022]] , [[ 486 1023]]
[[ 801 1611]] , [[ 801 1615]]
[[832 998]] , [[832 999]]
[[ 802 1610]] , [[ 802 1614]]
[[838 952]] , [[838 954]]
[[837 950]] , [[837 953]]
[[840 918]] , [[840 921]]
[[ 496 1012]] , [[ 496 1039]]
[[ 835 1006]] , [[ 836 1005]]
[[682 956]] , [[682 959]]
[[682 958]] , [[682 959]]
[[660 851]] , [[660 879]]
[[676 954]] , [[676 959]]
[[836 910]] , [[836 915]]
[[835 992]] , [[836 991]]
[[835 992]] , [[836 991]]
[[840 914]] , [[840 917]]
[[736 875]] , [[736 879]]
[[686 960]] , [[686 965]]
[[ 761 1873]] , [[ 759 1875]]
[[ 484 1022]] , [[ 484 1023]]
[[ 744 1875]] , [[ 744 1885]]
[[ 480 1018]] , [[ 480 1023]]
[[ 694 1878]] , [[ 694 1883]]
[[ 633 1877]] , [[ 632 1878]]
[[ 496 1019]] , [[ 496 1025]]
[[ 496 1019]] , [[ 496 1025]]
[[ 460 1024]] , [[ 460 1026]]
[[832 910]] , [[832 914]]
[[ 710 1878]] , [[ 710 1882]]
[[ 496 1018]] , [[ 496 1023]]
[[ 600 1880]] , [[ 600 1884]]
[[ 503 1880]] , [[ 503 1881]]
[[ 843 1874]] , [[ 843 1878]]
[[ 310 1049]] , [[ 310 1051]]
[[802 862]] , [[802 863]]
[[686 990]] , [[686 991]]
[[ 480 1009]] , [[ 480 1021]]
[[ 306 1050]] , [[ 306 1057]]
[[ 725 1610]] , [[ 724 1611]]
[[ 306 1052]] , [[ 306 1057]]
[[ 726 1611]] , [[ 726 1615]]
[[766 880]] , [[766 887]]
[[836 958]] , [[836 967]]
[[ 482 1020]] , [[ 482 1024]]
[[ 663 1878]] , [[ 662 1879]]
[[ 774 1875]] , [[ 774 1881]]
[[ 686 1002]] , [[ 685 1003]]
[[ 484 1018]] , [[ 484 1019]]
[[ 496 1015]] , [[ 496 1019]]
[[ 480 1000]] , [[ 480 1007]]
[[472 992]] , [[472 997]]
[[ 830 1611]] , [[ 830 1615]]
[[ 800 1610]] , [[ 800 1615]]
[[ 826 1876]] , [[ 826 1880]]
[[ 799 1610]] , [[ 798 1611]]
[[ 482 1004]] , [[ 482 1007]]
[[ 760 1614]] , [[ 760 1619]]
[[ 750 1612]] , [[ 750 1617]]
[[ 760 1613]] , [[ 760 1617]]
[[ 495 1004]] , [[ 495 1009]]
[[ 797 1611]] , [[ 797 1615]]
[[482 999]] , [[ 482 1005]]
[[ 720 1877]] , [[ 720 1885]]
[[484 770]] , [[484 775]]
[[834 572]] , [[834 579]]
[[ 829 1010]] , [[ 828 1011]]
[[490 978]] , [[490 989]]
[[ 490 1014]] , [[ 490 1025]]
[[482 984]] , [[482 991]]
[[ 784 1612]] , [[ 784 1616]]
[[ 491 1008]] , [[ 490 1009]]
[[ 483 1021]] , [[ 483 1025]]
[[ 491 1008]] , [[ 491 1009]]
[[ 826 1012]] , [[ 826 1017]]
[[698 998]] , [[ 698 1006]]
[[ 826 1012]] , [[ 826 1017]]
[[494 998]] , [[ 494 1003]]
[[698 998]] , [[ 698 1006]]
[[701 999]] , [[ 700 1000]]
[[ 483 1027]] , [[ 482 1028]]
[[ 838 1014]] , [[ 838 1019]]
[[ 798 1611]] , [[ 798 1615]]
[[ 453 1880]] , [[ 453 1882]]
[[ 827 1876]] , [[ 826 1877]]
[[763 712]] , [[761 714]]
[[484 725]] , [[484 729]]
[[696 982]] , [[696 989]]
[[ 838 1613]] , [[ 838 1617]]
[[478 760]] , [[478 764]]
[[688 972]] , [[688 977]]
[[680 958]] , [[680 967]]
[[ 838 1015]] , [[ 838 1021]]
[[ 472 1024]] , [[ 472 1029]]
[[ 478 1032]] , [[ 479 1031]]
[[ 703 1018]] , [[ 704 1017]]
[[482 990]] , [[482 991]]
[[656 790]] , [[656 801]]
[[477 933]] , [[476 934]]
[[ 679 1012]] , [[ 680 1011]]
[[654 882]] , [[654 887]]
[[ 679 1012]] , [[ 680 1011]]
[[656 800]] , [[656 827]]
[[842 898]] , [[842 903]]
[[ 703 1018]] , [[ 704 1017]]
[[ 703 1018]] , [[ 704 1017]]
[[484 872]] , [[484 873]]
[[484 872]] , [[484 877]]
[[490 983]] , [[490 990]]
[[ 782 1873]] , [[ 781 1874]]
[[482 996]] , [[ 482 1007]]
[[ 703 1018]] , [[ 704 1017]]
[[ 468 1030]] , [[ 468 1047]]
[[ 488 1018]] , [[ 488 1019]]
[[ 520 1032]] , [[ 520 1037]]
[[ 518 1033]] , [[ 518 1037]]
[[ 936 1876]] , [[ 936 1880]]
[[466 860]] , [[466 867]]
[[ 488 1018]] , [[ 488 1019]]
[[ 475 1032]] , [[ 476 1031]]
[[ 491 1028]] , [[ 492 1027]]
[[ 491 1024]] , [[ 492 1023]]
[[ 488 1018]] , [[ 488 1019]]
[[ 488 1016]] , [[ 488 1017]]
[[ 771 1612]] , [[ 771 1616]]
[[464 862]] , [[464 869]]
[[464 862]] , [[464 869]]
[[486 873]] , [[485 874]]
[[468 814]] , [[468 815]]
[[ 488 1010]] , [[ 489 1009]]
[[ 489 1010]] , [[ 490 1009]]
[[ 482 1000]] , [[ 482 1013]]
[[ 644 1613]] , [[ 644 1617]]
[[ 482 1000]] , [[ 482 1005]]
[[ 482 1000]] , [[ 482 1005]]
[[672 924]] , [[672 955]]
[[ 246 1627]] , [[ 246 1631]]
[[ 815 1612]] , [[ 815 1616]]
[[ 770 1876]] , [[ 770 1881]]
[[ 482 1000]] , [[ 482 1005]]
[[ 848 1613]] , [[ 848 1619]]
[[672 924]] , [[672 935]]
[[ 744 1875]] , [[ 744 1879]]
[[ 721 1612]] , [[ 721 1616]]
[[672 923]] , [[672 967]]
[[473 897]] , [[472 898]]
[[ 624 1880]] , [[ 624 1887]]
[[ 475 1032]] , [[ 476 1031]]
[[ 697 1877]] , [[ 696 1878]]
[[ 666 1613]] , [[ 665 1614]]
[[ 696 1877]] , [[ 696 1881]]
[[672 922]] , [[672 923]]
[[ 775 1612]] , [[ 774 1613]]
[[ 495 1019]] , [[ 494 1020]]
[[ 495 1019]] , [[ 494 1020]]
[[694 968]] , [[694 975]]
[[ 674 1614]] , [[ 674 1618]]
[[ 482 1006]] , [[ 482 1007]]
[[ 513 1032]] , [[ 512 1033]]
[[ 513 1032]] , [[ 512 1033]]
[[ 736 1610]] , [[ 735 1611]]
[[671 922]] , [[671 923]]
[[672 920]] , [[672 921]]
[[672 920]] , [[672 923]]
[[466 830]] , [[466 839]]
[[466 830]] , [[466 839]]
[[672 920]] , [[672 923]]
[[693 984]] , [[694 983]]
[[ 512 1032]] , [[ 512 1039]]
[[ 482 1004]] , [[ 482 1007]]
[[483 801]] , [[483 805]]
[[484 790]] , [[484 794]]
[[ 693 1875]] , [[ 692 1876]]
[[ 850 1613]] , [[ 850 1617]]
[[ 850 1613]] , [[ 850 1617]]
[[ 861 1615]] , [[ 861 1619]]
[[ 528 1616]] , [[ 528 1623]]
[[482 997]] , [[ 482 1005]]
[[ 882 1876]] , [[ 882 1881]]
[[ 528 1616]] , [[ 528 1623]]
[[ 858 1875]] , [[ 858 1879]]
[[672 922]] , [[672 923]]
[[ 494 1018]] , [[ 494 1020]]
[[ 740 1614]] , [[ 740 1618]]
[[654 784]] , [[654 841]]
[[485 774]] , [[485 775]]
[[672 920]] , [[672 923]]
[[812 888]] , [[812 893]]
[[ 486 1020]] , [[ 486 1021]]
[[666 858]] , [[667 857]]
[[ 874 1880]] , [[ 874 1884]]
[[658 798]] , [[658 799]]
[[ 496 1027]] , [[ 496 1035]]
[[670 924]] , [[670 931]]
[[ 472 1038]] , [[ 472 1043]]
[[ 801 1611]] , [[ 801 1615]]
[[ 346 1620]] , [[ 346 1621]]
[[ 486 1023]] , [[ 485 1024]]
[[ 723 1876]] , [[ 722 1877]]
[[ 952 1875]] , [[ 951 1876]]
[[ 774 1874]] , [[ 774 1879]]
[[ 800 1611]] , [[ 800 1615]]
[[ 496 1025]] , [[ 496 1026]]
[[ 916 1874]] , [[ 916 1881]]
[[ 898 1876]] , [[ 898 1881]]
[[ 874 1878]] , [[ 874 1885]]
[[ 827 1611]] , [[ 827 1615]]
[[ 896 1875]] , [[ 896 1879]]
[[ 728 1613]] , [[ 728 1617]]
[[ 951 1875]] , [[ 950 1876]]
[[ 720 1877]] , [[ 720 1881]]
[[ 786 1611]] , [[ 786 1615]]
[[ 758 1876]] , [[ 758 1881]]
[[ 784 1611]] , [[ 784 1615]]
[[ 800 1611]] , [[ 800 1615]]
[[836 990]] , [[836 991]]
[[ 787 1611]] , [[ 787 1615]]
[[832 958]] , [[832 975]]
[[832 946]] , [[832 953]]
[[818 698]] , [[818 699]]
[[ 792 1614]] , [[ 792 1619]]
[[ 792 1611]] , [[ 791 1612]]
[[ 745 1875]] , [[ 745 1879]]
[[ 792 1612]] , [[ 792 1617]]
[[ 840 1873]] , [[ 840 1879]]
[[ 710 1612]] , [[ 710 1617]]
[[ 686 1879]] , [[ 686 1883]]
[[ 912 1874]] , [[ 912 1880]]
[[ 685 1879]] , [[ 684 1880]]
[[ 864 1875]] , [[ 863 1876]]
[[ 912 1874]] , [[ 912 1880]]
[[ 494 1024]] , [[ 494 1025]]
[[ 896 1874]] , [[ 896 1878]]
[[ 496 1026]] , [[ 496 1033]]
[[ 776 1611]] , [[ 776 1615]]
[[835 986]] , [[836 985]]
[[ 728 1612]] , [[ 728 1616]]
[[ 480 1026]] , [[ 480 1029]]
[[ 721 1611]] , [[ 720 1612]]
[[ 703 1003]] , [[ 703 1007]]
[[ 806 1611]] , [[ 806 1615]]
[[ 298 1044]] , [[ 298 1049]]
[[ 770 1610]] , [[ 770 1614]]
[[ 820 1611]] , [[ 820 1617]]
[[ 340 1618]] , [[ 340 1622]]
[[ 486 1016]] , [[ 486 1021]]
[[ 706 1611]] , [[ 706 1615]]
[[ 303 1046]] , [[ 302 1047]]
[[ 992 1882]] , [[ 992 1886]]
[[ 966 1878]] , [[ 966 1883]]
[[ 304 1044]] , [[ 304 1045]]
[[ 496 1014]] , [[ 496 1019]]
[[ 840 1875]] , [[ 840 1879]]
[[ 854 1613]] , [[ 854 1617]]
[[ 854 1613]] , [[ 854 1617]]
[[ 496 1014]] , [[ 496 1019]]
[[ 795 1612]] , [[ 795 1616]]
[[ 496 1012]] , [[ 496 1023]]
[[ 779 1611]] , [[ 779 1615]]
[[ 482 1005]] , [[ 482 1009]]
[[ 304 1046]] , [[ 304 1053]]
[[ 495 1012]] , [[ 494 1013]]
[[ 544 1880]] , [[ 544 1886]]
[[ 304 1046]] , [[ 304 1051]]
[[ 620 1878]] , [[ 620 1879]]
[[ 304 1046]] , [[ 304 1051]]
[[ 960 1878]] , [[ 959 1879]]
[[ 682 1880]] , [[ 682 1884]]
[[ 570 1882]] , [[ 569 1883]]
[[ 600 1880]] , [[ 600 1881]]
[[ 836 1875]] , [[ 836 1879]]
[[834 928]] , [[834 935]]
[[ 484 1014]] , [[ 484 1015]]
[[ 894 1876]] , [[ 894 1880]]
[[ 824 1618]] , [[ 824 1623]]
[[ 475 1024]] , [[ 475 1026]]
[[ 932 1875]] , [[ 932 1879]]
[[ 702 1877]] , [[ 702 1881]]
[[838 934]] , [[838 935]]
[[ 683 1004]] , [[ 683 1007]]
[[ 486 1028]] , [[ 486 1029]]
[[ 682 1008]] , [[ 682 1009]]
[[484 990]] , [[484 995]]
[[ 474 1031]] , [[ 473 1032]]
[[ 474 1032]] , [[ 474 1037]]
[[ 686 1010]] , [[ 685 1011]]
[[ 836 1611]] , [[ 836 1615]]
[[ 731 1611]] , [[ 731 1615]]
[[ 470 1036]] , [[ 470 1041]]
[[838 974]] , [[838 987]]
[[838 982]] , [[838 987]]
[[ 779 1611]] , [[ 778 1612]]
[[ 800 1616]] , [[ 800 1621]]
[[ 868 1876]] , [[ 868 1887]]
[[ 849 1873]] , [[ 849 1877]]
[[ 630 1613]] , [[ 630 1617]]
[[ 731 1877]] , [[ 729 1879]]
[[ 828 1873]] , [[ 827 1874]]
[[ 754 1873]] , [[ 753 1874]]
[[ 766 1874]] , [[ 766 1881]]
[[ 862 1876]] , [[ 862 1881]]
[[ 824 1611]] , [[ 823 1612]]
[[676 966]] , [[676 975]]
[[ 548 1615]] , [[ 548 1619]]
[[ 665 1616]] , [[ 665 1620]]
[[678 856]] , [[678 863]]
[[ 481 1022]] , [[ 479 1024]]
[[670 926]] , [[670 927]]
[[466 999]] , [[ 466 1009]]
[[670 926]] , [[670 927]]
[[ 778 1611]] , [[ 778 1615]]
[[670 926]] , [[670 936]]
[[ 766 1612]] , [[ 766 1617]]
[[ 646 1879]] , [[ 646 1883]]
[[ 621 1877]] , [[ 621 1878]]
[[ 752 1874]] , [[ 752 1878]]
[[ 750 1875]] , [[ 750 1879]]
[[ 857 1875]] , [[ 856 1876]]
[[ 760 1875]] , [[ 759 1876]]
[[672 928]] , [[672 933]]
[[ 752 1874]] , [[ 752 1884]]
[[ 486 1002]] , [[ 486 1013]]
[[484 998]] , [[ 484 1002]]
[[ 674 1611]] , [[ 674 1615]]
[[ 848 1616]] , [[ 848 1621]]
[[672 925]] , [[672 929]]
[[ 692 1611]] , [[ 692 1615]]
[[ 801 1611]] , [[ 801 1615]]
[[672 926]] , [[672 927]]
[[483 792]] , [[483 794]]
[[464 802]] , [[464 849]]
[[483 792]] , [[483 794]]
[[ 848 1614]] , [[ 848 1618]]
[[464 802]] , [[464 835]]
[[483 792]] , [[483 794]]
[[483 792]] , [[483 794]]
[[466 814]] , [[465 815]]
[[483 792]] , [[483 793]]
[[667 924]] , [[667 928]]
[[650 780]] , [[650 799]]
[[465 810]] , [[464 811]]
[[671 932]] , [[671 936]]
[[ 706 1876]] , [[ 705 1877]]
[[ 486 1000]] , [[ 486 1007]]
[[674 944]] , [[674 949]]
[[ 486 1000]] , [[ 486 1008]]
[[ 748 1875]] , [[ 748 1879]]
[[674 946]] , [[674 955]]
[[ 816 1613]] , [[ 816 1617]]
[[482 858]] , [[482 863]]
[[ 852 1613]] , [[ 851 1614]]
[[674 952]] , [[674 955]]
[[ 478 1020]] , [[ 478 1021]]
[[ 478 1020]] , [[ 478 1021]]
[[ 478 1020]] , [[ 478 1021]]
[[ 486 1004]] , [[ 486 1013]]
[[ 486 1005]] , [[ 486 1013]]
[[672 938]] , [[672 944]]
[[670 924]] , [[670 929]]
[[672 924]] , [[672 933]]
[[ 690 1611]] , [[ 690 1615]]
[[672 938]] , [[672 944]]
[[ 854 1612]] , [[ 854 1616]]
[[672 938]] , [[672 943]]
[[ 616 1614]] , [[ 615 1615]]
[[ 484 1002]] , [[ 484 1009]]
[[ 484 1002]] , [[ 484 1009]]
[[672 938]] , [[672 944]]
[[672 938]] , [[672 943]]
[[ 484 1002]] , [[ 484 1009]]
[[ 743 1611]] , [[ 743 1615]]
[[470 862]] , [[470 873]]
[[ 776 1612]] , [[ 775 1613]]
[[ 762 1874]] , [[ 762 1881]]
[[ 849 1612]] , [[ 848 1613]]
[[ 486 1002]] , [[ 486 1005]]
[[ 819 1612]] , [[ 819 1613]]
[[ 842 1612]] , [[ 842 1616]]
[[ 452 1618]] , [[ 452 1622]]
[[ 710 1877]] , [[ 709 1878]]
[[ 776 1611]] , [[ 776 1616]]
[[672 926]] , [[672 935]]
[[ 777 1612]] , [[ 777 1616]]
[[ 792 1616]] , [[ 792 1617]]
[[ 454 1880]] , [[ 454 1887]]
[[ 863 1616]] , [[ 863 1620]]
[[ 778 1612]] , [[ 778 1616]]
[[672 942]] , [[672 949]]
[[673 924]] , [[673 925]]
[[ 488 1009]] , [[ 488 1016]]
[[ 480 1006]] , [[ 480 1017]]
[[468 812]] , [[468 833]]
[[ 999 1889]] , [[ 999 1894]]
[[ 886 1875]] , [[ 885 1876]]
[[ 812 1612]] , [[ 812 1616]]
[[472 864]] , [[472 871]]
[[ 334 1624]] , [[ 334 1631]]
[[ 718 1611]] , [[ 718 1615]]
[[ 866 1878]] , [[ 866 1884]]
[[ 483 1020]] , [[ 483 1021]]
[[ 784 1612]] , [[ 784 1616]]
[[490 992]] , [[490 999]]
[[ 785 1612]] , [[ 785 1616]]
[[835 986]] , [[836 985]]
[[ 842 1612]] , [[ 842 1613]]
[[ 841 1612]] , [[ 841 1613]]
[[ 784 1612]] , [[ 784 1616]]
[[ 776 1873]] , [[ 776 1877]]
[[ 495 1011]] , [[ 494 1012]]
[[ 747 1611]] , [[ 747 1615]]
[[ 804 1610]] , [[ 803 1611]]
[[674 922]] , [[674 957]]
[[ 838 1614]] , [[ 838 1619]]
[[472 848]] , [[472 849]]
[[ 494 1000]] , [[ 494 1013]]
[[ 837 1873]] , [[ 837 1877]]
[[ 849 1873]] , [[ 849 1877]]
[[ 496 1002]] , [[ 496 1007]]
[[ 494 1000]] , [[ 494 1007]]
[[ 491 1020]] , [[ 492 1019]]
[[ 491 1020]] , [[ 492 1019]]
[[468 800]] , [[468 821]]
[[478 856]] , [[478 861]]
[[834 908]] , [[834 919]]
[[840 956]] , [[840 967]]
[[676 920]] , [[676 921]]
[[ 482 1006]] , [[ 482 1015]]
[[ 482 1020]] , [[ 482 1025]]
[[ 810 1611]] , [[ 810 1615]]
[[ 730 1611]] , [[ 730 1615]]
[[ 763 1611]] , [[ 763 1615]]
[[ 478 1008]] , [[ 478 1025]]
[[ 486 1002]] , [[ 486 1003]]
[[ 762 1612]] , [[ 762 1616]]
[[492 992]] , [[ 492 1001]]
[[700 721]] , [[700 727]]
[[ 708 1010]] , [[ 708 1011]]
[[798 704]] , [[798 705]]
[[360 750]] , [[360 754]]
[[718 723]] , [[718 727]]
[[837 944]] , [[837 947]]
[[814 702]] , [[814 703]]
[[816 866]] , [[816 867]]
[[698 722]] , [[698 727]]
[[841 958]] , [[842 957]]
[[834 848]] , [[834 863]]
[[832 696]] , [[832 697]]
[[836 839]] , [[835 840]]
[[ 472 1024]] , [[ 472 1025]]
[[837 992]] , [[838 991]]
[[ 692 1008]] , [[ 692 1009]]
[[ 816 1612]] , [[ 816 1617]]
[[ 782 1874]] , [[ 782 1878]]
[[ 700 1875]] , [[ 698 1877]]
[[ 710 1014]] , [[ 710 1025]]
[[ 493 1028]] , [[ 494 1027]]
[[ 824 1611]] , [[ 823 1612]]
[[688 996]] , [[688 997]]
[[ 782 1611]] , [[ 782 1615]]
[[ 495 1026]] , [[ 496 1025]]
[[ 496 1012]] , [[ 494 1014]]
[[ 495 1026]] , [[ 496 1025]]
[[ 475 1001]] , [[ 475 1005]]
[[ 846 1874]] , [[ 846 1881]]
[[ 734 1877]] , [[ 734 1881]]
[[ 762 1616]] , [[ 762 1620]]
[[ 762 1616]] , [[ 762 1620]]
[[ 762 1616]] , [[ 762 1620]]
[[ 762 1616]] , [[ 762 1620]]
[[ 702 1612]] , [[ 702 1616]]
[[ 304 1048]] , [[ 304 1055]]
[[ 496 1012]] , [[ 495 1013]]
[[ 839 1612]] , [[ 839 1616]]
[[ 307 1047]] , [[ 306 1048]]
[[ 806 1611]] , [[ 806 1615]]
[[ 305 1048]] , [[ 304 1049]]
[[ 794 1873]] , [[ 794 1874]]
[[ 794 1873]] , [[ 794 1874]]
[[ 768 1873]] , [[ 767 1874]]
[[ 504 1616]] , [[ 504 1620]]
[[ 344 1888]] , [[ 344 1889]]
[[ 756 1874]] , [[ 755 1875]]
[[ 870 1879]] , [[ 870 1883]]
[[ 564 1884]] , [[ 564 1892]]
[[ 750 1874]] , [[ 750 1879]]
[[ 750 1875]] , [[ 750 1879]]
[[ 617 1613]] , [[ 616 1614]]
[[ 805 1610]] , [[ 804 1611]]
[[ 752 1875]] , [[ 752 1882]]
[[ 868 1617]] , [[ 868 1621]]
[[ 758 1875]] , [[ 758 1879]]
[[ 868 1617]] , [[ 868 1621]]
[[ 886 1878]] , [[ 886 1882]]
[[ 472 1000]] , [[ 472 1007]]
[[ 760 1616]] , [[ 760 1620]]
[[ 816 1875]] , [[ 816 1881]]
[[ 800 1611]] , [[ 800 1615]]
[[468 822]] , [[468 829]]
[[ 796 1611]] , [[ 796 1615]]
[[ 489 1021]] , [[ 488 1022]]
[[840 926]] , [[840 931]]
[[ 499 1026]] , [[ 499 1028]]
[[ 792 1611]] , [[ 792 1615]]
[[676 927]] , [[675 928]]
[[ 736 1875]] , [[ 736 1879]]
[[ 833 1611]] , [[ 833 1615]]
[[ 780 1611]] , [[ 780 1615]]
[[ 487 1022]] , [[ 485 1024]]
[[ 778 1611]] , [[ 778 1615]]
[[ 778 1611]] , [[ 778 1615]]
[[ 806 1616]] , [[ 806 1621]]
[[ 688 1011]] , [[ 687 1012]]
[[ 493 1012]] , [[ 490 1015]]
[[ 718 1611]] , [[ 717 1612]]
[[ 881 1874]] , [[ 880 1875]]
[[ 304 1014]] , [[ 304 1025]]
[[ 496 1037]] , [[ 497 1036]]
[[ 800 1876]] , [[ 800 1881]]
[[ 709 1611]] , [[ 709 1615]]
[[ 688 1006]] , [[ 688 1009]]
[[ 806 1614]] , [[ 806 1618]]
[[ 306 1027]] , [[ 306 1029]]
[[ 888 1876]] , [[ 888 1880]]
[[ 772 1612]] , [[ 772 1616]]
[[ 720 1879]] , [[ 720 1883]]
[[ 738 1611]] , [[ 738 1615]]
[[ 802 1612]] , [[ 802 1616]]
[[ 296 1030]] , [[ 296 1031]]
[[ 490 1019]] , [[ 490 1021]]
[[ 711 1013]] , [[ 711 1019]]
[[ 574 1616]] , [[ 574 1620]]
[[ 490 1016]] , [[ 490 1017]]
[[ 490 1016]] , [[ 490 1017]]
[[ 305 1040]] , [[ 306 1039]]
[[ 682 1016]] , [[ 682 1027]]
[[ 291 1044]] , [[ 290 1045]]
[[ 787 1874]] , [[ 786 1875]]
[[ 296 1024]] , [[ 296 1029]]
[[ 836 1008]] , [[ 836 1013]]
[[ 296 1022]] , [[ 296 1029]]
[[ 830 1875]] , [[ 830 1879]]
[[ 746 1875]] , [[ 746 1880]]
[[ 722 1611]] , [[ 722 1615]]
[[ 299 1044]] , [[ 300 1043]]
[[ 537 1616]] , [[ 537 1620]]
[[ 489 1019]] , [[ 488 1020]]
[[ 292 1022]] , [[ 292 1031]]
[[ 489 1019]] , [[ 488 1020]]
[[ 290 1042]] , [[ 290 1055]]
[[ 834 1616]] , [[ 834 1620]]
[[ 818 1611]] , [[ 818 1615]]
[[ 489 1020]] , [[ 488 1021]]
[[ 629 1611]] , [[ 629 1612]]
[[ 486 1022]] , [[ 486 1023]]
[[ 810 1876]] , [[ 810 1877]]
[[ 487 1022]] , [[ 486 1023]]
[[ 801 1611]] , [[ 801 1615]]
[[832 998]] , [[832 999]]
[[ 802 1610]] , [[ 802 1614]]
[[838 952]] , [[838 954]]
[[837 950]] , [[837 953]]
[[840 918]] , [[840 921]]
[[ 496 1012]] , [[ 496 1039]]
[[ 835 1006]] , [[ 836 1005]]
[[682 956]] , [[682 959]]
[[682 958]] , [[682 959]]
[[660 851]] , [[660 879]]
[[676 954]] , [[676 959]]
[[836 910]] , [[836 915]]
[[835 992]] , [[836 991]]
[[835 992]] , [[836 991]]
[[840 914]] , [[840 917]]
[[736 875]] , [[736 879]]
[[686 960]] , [[686 965]]
[[ 761 1873]] , [[ 759 1875]]
[[ 484 1022]] , [[ 484 1023]]
[[ 744 1875]] , [[ 744 1885]]
[[ 480 1018]] , [[ 480 1023]]
[[ 694 1878]] , [[ 694 1883]]
[[ 633 1877]] , [[ 632 1878]]
[[ 496 1019]] , [[ 496 1025]]
[[ 496 1019]] , [[ 496 1025]]
[[ 460 1024]] , [[ 460 1026]]
[[832 910]] , [[832 914]]
[[ 710 1878]] , [[ 710 1882]]
[[ 496 1018]] , [[ 496 1023]]
[[ 600 1880]] , [[ 600 1884]]
[[ 503 1880]] , [[ 503 1881]]
[[ 843 1874]] , [[ 843 1878]]
[[ 310 1049]] , [[ 310 1051]]
[[802 862]] , [[802 863]]
[[686 990]] , [[686 991]]
[[ 480 1009]] , [[ 480 1021]]
[[ 306 1050]] , [[ 306 1057]]
[[ 725 1610]] , [[ 724 1611]]
[[ 306 1052]] , [[ 306 1057]]
[[ 726 1611]] , [[ 726 1615]]
[[766 880]] , [[766 887]]
[[836 958]] , [[836 967]]
[[ 482 1020]] , [[ 482 1024]]
[[ 663 1878]] , [[ 662 1879]]
[[ 774 1875]] , [[ 774 1881]]
[[ 686 1002]] , [[ 685 1003]]
[[ 484 1018]] , [[ 484 1019]]
[[ 496 1015]] , [[ 496 1019]]
[[ 480 1000]] , [[ 480 1007]]
[[472 992]] , [[472 997]]
[[ 830 1611]] , [[ 830 1615]]
[[ 800 1610]] , [[ 800 1615]]
[[ 826 1876]] , [[ 826 1880]]
[[ 799 1610]] , [[ 798 1611]]
[[ 482 1004]] , [[ 482 1007]]
[[ 760 1614]] , [[ 760 1619]]
[[ 750 1612]] , [[ 750 1617]]
[[ 760 1613]] , [[ 760 1617]]
[[ 495 1004]] , [[ 495 1009]]
[[ 797 1611]] , [[ 797 1615]]
[[482 999]] , [[ 482 1005]]
[[ 720 1877]] , [[ 720 1885]]
[[ 374 1190]] , [[ 374 1191]]
[[ 528 1194]] , [[ 528 1195]]
[[ 755 1208]] , [[ 755 1209]]
[[ 528 1194]] , [[ 528 1195]]
[[ 546 1192]] , [[ 546 1193]]
[[ 754 1206]] , [[ 754 1207]]
[[ 281 1468]] , [[ 282 1467]]
[[ 750 1206]] , [[ 750 1207]]
[[ 750 1206]] , [[ 750 1207]]
[[ 235 1336]] , [[ 236 1335]]
[[ 380 1188]] , [[ 378 1190]]
[[ 388 1016]] , [[ 388 1017]]
[[ 376 1190]] , [[ 376 1191]]
[[ 381 1018]] , [[ 381 1019]]
[[ 379 1018]] , [[ 379 1019]]
[[ 235 1312]] , [[ 236 1311]]
[[ 376 1188]] , [[ 376 1189]]
[[ 376 1188]] , [[ 376 1189]]
[[ 226 1194]] , [[ 226 1201]]
[[ 226 1194]] , [[ 226 1199]]
[[ 376 1188]] , [[ 376 1189]]
[[ 376 1188]] , [[ 376 1189]]
[[ 376 1188]] , [[ 376 1189]]
[[ 530 1194]] , [[ 530 1195]]
[[ 540 1354]] , [[ 540 1355]]
[[ 750 1206]] , [[ 750 1209]]
[[ 750 1206]] , [[ 750 1209]]
[[ 750 1206]] , [[ 750 1209]]
[[ 750 1206]] , [[ 750 1207]]
[[ 530 1194]] , [[ 530 1195]]
[[ 230 1222]] , [[ 230 1231]]
[[ 235 1221]] , [[ 234 1222]]
[[ 776 1785]] , [[ 776 1789]]
[[ 747 1290]] , [[ 748 1289]]
[[ 382 1188]] , [[ 382 1189]]
[[ 240 1216]] , [[ 240 1223]]
[[ 235 1238]] , [[ 235 1241]]
[[ 745 1210]] , [[ 745 1211]]
[[ 752 1204]] , [[ 752 1207]]
[[ 536 1192]] , [[ 536 1193]]
[[ 240 1214]] , [[ 240 1219]]
[[ 745 1290]] , [[ 746 1289]]
[[ 534 1194]] , [[ 534 1195]]
[[ 536 1194]] , [[ 536 1195]]
[[ 752 1208]] , [[ 752 1209]]
[[ 232 1204]] , [[ 232 1208]]
[[ 544 1354]] , [[ 544 1355]]
[[ 752 1206]] , [[ 752 1209]]
[[ 240 1216]] , [[ 240 1229]]
[[ 532 1194]] , [[ 532 1195]]
[[ 532 1194]] , [[ 532 1195]]
[[ 540 1194]] , [[ 540 1195]]
[[ 540 1194]] , [[ 540 1195]]
[[ 230 1106]] , [[ 230 1124]]
[[ 372 1190]] , [[ 372 1194]]
[[ 372 1190]] , [[ 372 1194]]
[[ 239 1276]] , [[ 240 1275]]
[[ 239 1276]] , [[ 240 1275]]
[[ 376 1016]] , [[ 376 1017]]
[[ 381 1188]] , [[ 381 1189]]
[[ 528 1194]] , [[ 528 1195]]
[[ 238 1260]] , [[ 239 1259]]
[[ 238 1260]] , [[ 239 1259]]
[[ 755 1018]] , [[ 755 1019]]
[[ 225 1169]] , [[ 225 1173]]
[[ 528 1194]] , [[ 528 1195]]
[[ 528 1194]] , [[ 528 1195]]
[[ 376 1188]] , [[ 376 1189]]
[[ 380 1188]] , [[ 380 1189]]
[[ 232 1200]] , [[ 232 1205]]
[[ 748 1212]] , [[ 748 1213]]
[[ 528 1194]] , [[ 528 1195]]
[[ 376 1188]] , [[ 376 1189]]
[[ 524 1194]] , [[ 524 1195]]
[[ 368 1190]] , [[ 368 1193]]
[[ 368 1190]] , [[ 368 1197]]
[[ 743 1208]] , [[ 743 1212]]
[[ 524 1194]] , [[ 524 1195]]
[[ 374 1188]] , [[ 374 1189]]
[[ 367 1190]] , [[ 367 1194]]
[[ 524 1194]] , [[ 524 1195]]
[[ 524 1194]] , [[ 524 1195]]
[[ 211 1328]] , [[ 211 1331]]
[[ 400 1096]] , [[ 400 1101]]
[[ 524 1194]] , [[ 524 1195]]
[[ 752 1214]] , [[ 752 1217]]
[[ 750 1214]] , [[ 750 1219]]
[[ 747 1214]] , [[ 747 1219]]
[[ 748 1216]] , [[ 748 1219]]
[[ 360 1192]] , [[ 360 1203]]
[[ 745 1237]] , [[ 746 1236]]
[[ 516 1196]] , [[ 516 1197]]
[[ 743 1238]] , [[ 744 1237]]
[[ 743 1238]] , [[ 744 1237]]
[[ 516 1198]] , [[ 516 1199]]
[[ 516 1200]] , [[ 516 1201]]
[[ 518 1200]] , [[ 518 1201]]
[[ 762 1300]] , [[ 762 1303]]
[[ 762 1300]] , [[ 762 1303]]
[[ 203 1316]] , [[ 203 1326]]
[[ 359 1264]] , [[ 359 1269]]
[[ 580 1254]] , [[ 580 1255]]
[[ 729 1268]] , [[ 730 1267]]
[[ 756 1234]] , [[ 756 1240]]
[[ 758 1198]] , [[ 758 1207]]
[[ 758 1232]] , [[ 759 1231]]
[[ 762 1150]] , [[ 762 1167]]
[[ 743 1376]] , [[ 744 1375]]
[[ 764 1054]] , [[ 764 1057]]
[[ 762 1044]] , [[ 762 1051]]
[[ 764 1042]] , [[ 764 1043]]
[[ 195 1060]] , [[ 196 1059]]
[[ 368 1196]] , [[ 368 1197]]
[[ 199 1060]] , [[ 200 1059]]
[[ 202 1030]] , [[ 202 1031]]
[[ 739 1034]] , [[ 739 1039]]
[[ 202 1028]] , [[ 202 1031]]
[[ 203 1170]] , [[ 203 1175]]
[[ 556 1048]] , [[ 556 1049]]
[[ 556 1048]] , [[ 556 1049]]
[[ 554 1048]] , [[ 554 1049]]
[[ 552 1048]] , [[ 552 1053]]
[[ 189 1030]] , [[ 189 1031]]
[[ 200 1028]] , [[ 200 1029]]
[[ 550 1048]] , [[ 550 1049]]
[[ 550 1048]] , [[ 550 1049]]
[[ 550 1048]] , [[ 550 1049]]
[[ 206 1028]] , [[ 206 1035]]
[[ 360 1198]] , [[ 360 1202]]
[[ 542 1206]] , [[ 542 1207]]
[[ 775 1757]] , [[ 775 1761]]
[[ 214 1196]] , [[ 214 1199]]
[[ 214 1196]] , [[ 214 1199]]
[[ 214 1196]] , [[ 214 1199]]
[[ 209 1319]] , [[ 210 1318]]
[[ 214 1196]] , [[ 214 1197]]
[[ 360 1198]] , [[ 360 1203]]
[[ 223 1326]] , [[ 224 1325]]
[[ 214 1196]] , [[ 214 1199]]
[[ 506 1014]] , [[ 506 1017]]
[[ 568 1047]] , [[ 567 1048]]
[[ 220 1198]] , [[ 220 1201]]
[[ 216 1054]] , [[ 216 1059]]
[[ 216 1054]] , [[ 216 1059]]
[[ 736 1046]] , [[ 735 1047]]
[[ 197 1036]] , [[ 197 1037]]
[[ 366 1200]] , [[ 366 1201]]
[[ 740 1044]] , [[ 740 1049]]
[[ 742 1044]] , [[ 742 1049]]
[[ 745 1044]] , [[ 745 1045]]
[[ 210 1030]] , [[ 210 1033]]
[[ 219 1046]] , [[ 220 1045]]
[[ 219 1046]] , [[ 220 1045]]
[[ 214 1030]] , [[ 214 1033]]
[[ 382 1198]] , [[ 382 1199]]
[[ 384 1198]] , [[ 384 1199]]
[[ 528 1198]] , [[ 528 1199]]
[[ 776 1114]] , [[ 776 1119]]
[[ 230 1198]] , [[ 230 1199]]
[[ 778 1088]] , [[ 778 1097]]
[[ 772 1154]] , [[ 772 1167]]
[[ 782 1062]] , [[ 782 1075]]
[[ 528 1196]] , [[ 528 1199]]
[[ 755 1194]] , [[ 754 1195]]
[[ 528 1196]] , [[ 528 1197]]
[[ 230 1198]] , [[ 230 1199]]
[[ 236 1194]] , [[ 236 1195]]
[[ 528 1194]] , [[ 528 1197]]
[[ 528 1194]] , [[ 528 1197]]
[[ 770 1186]] , [[ 770 1203]]
[[ 770 1186]] , [[ 770 1203]]
[[ 780 1088]] , [[ 780 1096]]
[[ 528 1194]] , [[ 528 1195]]
[[ 530 1194]] , [[ 530 1195]]
[[ 238 1196]] , [[ 238 1197]]
[[ 747 1232]] , [[ 747 1251]]
[[ 371 1194]] , [[ 371 1198]]
[[ 743 1264]] , [[ 744 1263]]
[[ 774 1280]] , [[ 774 1285]]
[[ 374 1192]] , [[ 374 1195]]
[[ 374 1192]] , [[ 374 1195]]
[[ 374 1192]] , [[ 374 1195]]
[[ 374 1192]] , [[ 374 1195]]
[[ 233 1226]] , [[ 234 1225]]
[[ 752 1022]] , [[ 752 1023]]
[[ 374 1190]] , [[ 374 1191]]
[[ 754 1020]] , [[ 754 1021]]
[[ 374 1190]] , [[ 374 1193]]
[[ 374 1190]] , [[ 374 1191]]
[[ 526 1194]] , [[ 526 1197]]
[[ 752 1020]] , [[ 752 1021]]
[[ 528 1194]] , [[ 528 1195]]
[[ 372 1188]] , [[ 372 1191]]
[[ 240 1230]] , [[ 240 1265]]
[[ 240 1230]] , [[ 240 1263]]
[[ 530 1194]] , [[ 530 1195]]
[[ 234 1241]] , [[ 234 1245]]
[[ 747 1212]] , [[ 747 1213]]
[[ 530 1194]] , [[ 530 1195]]
[[ 235 1326]] , [[ 233 1328]]
[[ 235 1326]] , [[ 233 1328]]
[[ 221 1282]] , [[ 220 1283]]
[[ 227 1294]] , [[ 226 1295]]
[[ 230 1294]] , [[ 230 1299]]
[[ 750 1210]] , [[ 750 1211]]
[[ 530 1196]] , [[ 530 1197]]
[[ 760 1020]] , [[ 760 1021]]
[[ 198 1056]] , [[ 198 1071]]
[[ 198 1054]] , [[ 198 1059]]
[[ 198 1056]] , [[ 198 1083]]
[[ 200 1058]] , [[ 200 1059]]
[[ 202 1054]] , [[ 202 1061]]
[[ 382 1190]] , [[ 382 1191]]
[[ 530 1196]] , [[ 530 1197]]
[[ 232 1282]] , [[ 232 1291]]
[[ 532 1194]] , [[ 532 1195]]
[[ 374 1188]] , [[ 374 1193]]
[[ 370 1020]] , [[ 370 1025]]
[[ 759 1204]] , [[ 759 1205]]
[[ 758 1020]] , [[ 758 1021]]
[[ 221 1286]] , [[ 221 1287]]
[[ 754 1204]] , [[ 754 1205]]
[[ 218 1290]] , [[ 218 1291]]
[[ 754 1206]] , [[ 754 1207]]
[[ 238 1273]] , [[ 238 1281]]
[[ 216 1264]] , [[ 216 1279]]
[[ 530 1196]] , [[ 530 1197]]
[[ 750 1206]] , [[ 750 1207]]
[[ 530 1194]] , [[ 530 1195]]
[[ 530 1194]] , [[ 530 1195]]
[[ 218 1206]] , [[ 218 1215]]
[[ 528 1196]] , [[ 528 1197]]
[[ 374 1020]] , [[ 374 1021]]
[[ 530 1196]] , [[ 530 1197]]
[[ 372 1022]] , [[ 372 1031]]
[[ 530 1196]] , [[ 530 1197]]
[[ 757 1202]] , [[ 757 1203]]
[[ 530 1196]] , [[ 530 1197]]
[[ 384 1188]] , [[ 384 1189]]
[[ 384 1188]] , [[ 384 1189]]
[[ 530 1196]] , [[ 530 1197]]
[[ 384 1188]] , [[ 384 1189]]
[[ 262 1288]] , [[ 262 1295]]
[[ 386 1188]] , [[ 386 1189]]
[[ 386 1188]] , [[ 386 1189]]
[[ 754 1016]] , [[ 754 1019]]
[[ 281 1292]] , [[ 282 1291]]
[[ 372 1022]] , [[ 372 1033]]
[[ 752 1020]] , [[ 752 1021]]
[[ 752 1020]] , [[ 752 1021]]
[[ 526 1198]] , [[ 526 1207]]
[[ 376 1188]] , [[ 376 1189]]
[[ 530 1196]] , [[ 530 1197]]
[[ 532 1196]] , [[ 532 1197]]
[[ 544 1196]] , [[ 544 1197]]
[[ 392 1188]] , [[ 392 1189]]
[[ 754 1198]] , [[ 754 1199]]
[[ 544 1196]] , [[ 544 1197]]
[[ 374 1190]] , [[ 374 1197]]
[[ 386 1022]] , [[ 386 1023]]
[[ 752 1200]] , [[ 752 1201]]
[[ 386 1022]] , [[ 386 1023]]
[[ 752 1020]] , [[ 752 1021]]
[[ 374 1022]] , [[ 374 1023]]
[[ 372 1022]] , [[ 372 1023]]
[[ 374 1022]] , [[ 374 1023]]
[[ 542 1016]] , [[ 542 1017]]
[[214 928]] , [[214 941]]
[[214 928]] , [[214 941]]
[[214 928]] , [[214 941]]
[[ 526 1018]] , [[ 526 1019]]
[[ 384 1190]] , [[ 384 1191]]
[[ 388 1190]] , [[ 388 1191]]
[[ 374 1026]] , [[ 374 1027]]
[[ 384 1192]] , [[ 384 1193]]
[[ 752 1026]] , [[ 752 1027]]
[[ 374 1194]] , [[ 374 1201]]
[[ 376 1196]] , [[ 376 1197]]
[[ 770 1214]] , [[ 770 1215]]
[[ 530 1204]] , [[ 530 1205]]
[[ 530 1204]] , [[ 530 1205]]
[[ 528 1204]] , [[ 528 1205]]
[[ 766 1214]] , [[ 766 1215]]
[[ 218 1220]] , [[ 218 1229]]
[[ 370 1194]] , [[ 370 1195]]
[[ 520 1202]] , [[ 520 1203]]
[[ 526 1200]] , [[ 526 1201]]
[[ 362 1192]] , [[ 362 1193]]
[[ 197 1408]] , [[ 197 1417]]
[[ 364 1188]] , [[ 364 1189]]
[[ 209 1239]] , [[ 209 1241]]
[[ 522 1188]] , [[ 522 1189]]
[[ 207 1238]] , [[ 207 1245]]
[[ 520 1186]] , [[ 520 1187]]
[[ 522 1186]] , [[ 522 1187]]
[[ 518 1188]] , [[ 518 1189]]
[[ 205 1262]] , [[ 205 1267]]
[[ 222 1285]] , [[ 221 1286]]
[[ 360 1184]] , [[ 360 1191]]
[[ 520 1192]] , [[ 520 1193]]
[[ 360 1184]] , [[ 360 1191]]
[[ 732 1208]] , [[ 732 1211]]
[[ 734 1208]] , [[ 734 1209]]
[[ 359 1186]] , [[ 359 1191]]
[[ 734 1212]] , [[ 734 1213]]
[[ 736 1214]] , [[ 736 1215]]
[[ 731 1288]] , [[ 730 1289]]
[[ 737 1288]] , [[ 735 1290]]
[[ 214 1328]] , [[ 214 1335]]
[[ 731 1228]] , [[ 731 1233]]
[[ 737 1234]] , [[ 737 1237]]
[[ 518 1192]] , [[ 518 1193]]
[[ 222 1188]] , [[ 222 1189]]
[[ 222 1188]] , [[ 222 1189]]
[[ 222 1188]] , [[ 222 1189]]
[[ 739 1039]] , [[ 739 1046]]
[[ 200 1022]] , [[ 200 1023]]
[[ 360 1192]] , [[ 360 1193]]
[[ 214 1186]] , [[ 214 1187]]
[[ 554 1040]] , [[ 553 1041]]
[[ 540 1200]] , [[ 540 1201]]
[[ 538 1198]] , [[ 538 1199]]
[[ 211 1320]] , [[ 211 1323]]
[[ 214 1186]] , [[ 214 1187]]
[[ 536 1030]] , [[ 536 1031]]
[[ 534 1024]] , [[ 534 1029]]
[[ 202 1022]] , [[ 202 1023]]
[[ 237 1066]] , [[ 238 1065]]
[[ 194 1020]] , [[ 194 1021]]
[[ 192 1018]] , [[ 192 1021]]
[[ 212 1186]] , [[ 212 1187]]
[[ 198 1020]] , [[ 198 1021]]
[[ 202 1160]] , [[ 202 1165]]
[[ 202 1160]] , [[ 202 1165]]
[[ 360 1194]] , [[ 360 1195]]
[[ 213 1190]] , [[ 213 1191]]
[[ 214 1190]] , [[ 214 1191]]
[[ 210 1190]] , [[ 210 1191]]
[[ 214 1188]] , [[ 214 1189]]
[[ 196 1022]] , [[ 196 1023]]
[[ 196 1022]] , [[ 196 1023]]
[[ 214 1188]] , [[ 214 1189]]
[[ 214 1188]] , [[ 214 1189]]
[[ 212 1190]] , [[ 212 1191]]
[[ 202 1024]] , [[ 202 1025]]
[[ 274 1294]] , [[ 274 1303]]
[[ 516 1198]] , [[ 516 1199]]
[[ 205 1194]] , [[ 205 1199]]
[[ 518 1198]] , [[ 518 1199]]
[[ 516 1198]] , [[ 516 1199]]
[[ 516 1198]] , [[ 516 1199]]
[[ 360 1198]] , [[ 360 1199]]
[[ 208 1194]] , [[ 208 1195]]
[[ 184 1028]] , [[ 184 1073]]
[[ 204 1194]] , [[ 204 1199]]
[[ 206 1192]] , [[ 206 1205]]
[[ 372 1194]] , [[ 372 1195]]
[[ 225 1312]] , [[ 226 1311]]
[[ 225 1312]] , [[ 226 1311]]
[[ 225 1312]] , [[ 226 1311]]
[[ 200 1020]] , [[ 200 1021]]
[[ 201 1020]] , [[ 201 1023]]
[[ 225 1312]] , [[ 226 1311]]
[[ 219 1324]] , [[ 220 1323]]
[[ 219 1324]] , [[ 220 1323]]
[[ 264 1294]] , [[ 263 1295]]
[[ 262 1284]] , [[ 262 1292]]
[[ 262 1284]] , [[ 262 1292]]
[[ 372 1196]] , [[ 372 1197]]
[[ 370 1196]] , [[ 370 1197]]
[[ 370 1196]] , [[ 370 1197]]
[[ 206 1194]] , [[ 206 1201]]
[[ 370 1196]] , [[ 370 1197]]
[[ 264 1284]] , [[ 264 1291]]
[[ 520 1196]] , [[ 520 1197]]
[[ 370 1196]] , [[ 370 1197]]
[[ 264 1286]] , [[ 264 1291]]
[[ 208 1192]] , [[ 208 1195]]
[[ 208 1192]] , [[ 208 1193]]
[[ 206 1190]] , [[ 206 1215]]
[[ 360 1194]] , [[ 360 1195]]
[[ 514 1012]] , [[ 514 1013]]
[[ 196 1024]] , [[ 196 1025]]
[[ 528 1020]] , [[ 528 1021]]
[[ 196 1032]] , [[ 196 1035]]
[[ 227 1175]] , [[ 227 1177]]
[[ 227 1177]] , [[ 227 1179]]
[[ 220 1206]] , [[ 220 1207]]
[[ 232 1338]] , [[ 232 1341]]
[[ 516 1026]] , [[ 516 1029]]
[[ 218 1038]] , [[ 218 1039]]
[[ 212 1040]] , [[ 212 1041]]
[[ 235 1324]] , [[ 236 1323]]
[[ 235 1330]] , [[ 236 1329]]
[[ 216 1030]] , [[ 216 1037]]
[[ 231 1076]] , [[ 232 1075]]
[[ 360 1174]] , [[ 360 1175]]
[[ 360 1174]] , [[ 360 1175]]
[[ 236 1196]] , [[ 236 1197]]
[[ 360 1176]] , [[ 360 1181]]
[[ 209 1030]] , [[ 209 1031]]
[[ 530 1202]] , [[ 530 1203]]
[[ 374 1200]] , [[ 374 1201]]
[[ 382 1200]] , [[ 382 1201]]
[[ 542 1202]] , [[ 542 1203]]
[[ 390 1200]] , [[ 390 1201]]
[[ 540 1020]] , [[ 540 1021]]
[[ 542 1020]] , [[ 542 1021]]
[[ 544 1020]] , [[ 544 1021]]
[[ 257 1076]] , [[ 258 1075]]
[[ 210 1030]] , [[ 210 1031]]
[[ 219 1080]] , [[ 220 1079]]
[[ 560 1048]] , [[ 560 1049]]
[[ 202 1030]] , [[ 202 1033]]
[[ 238 1173]] , [[ 238 1177]]
[[ 576 1050]] , [[ 576 1051]]
[[ 230 1200]] , [[ 230 1201]]
[[ 778 1036]] , [[ 778 1039]]
[[ 753 1166]] , [[ 753 1169]]
[[ 228 1200]] , [[ 228 1203]]
[[ 752 1148]] , [[ 752 1185]]
[[ 759 1134]] , [[ 757 1136]]
[[ 530 1198]] , [[ 530 1199]]
[[ 772 1232]] , [[ 772 1237]]
[[ 744 1300]] , [[ 744 1301]]
[[ 774 1282]] , [[ 774 1291]]
[[ 776 1296]] , [[ 776 1299]]
[[ 751 1222]] , [[ 751 1227]]
[[ 752 1297]] , [[ 751 1298]]
[[ 757 1226]] , [[ 757 1227]]
[[ 755 1222]] , [[ 755 1223]]
[[ 219 1200]] , [[ 219 1204]]
[[ 374 1196]] , [[ 374 1199]]
[[ 233 1318]] , [[ 234 1317]]
[[ 530 1198]] , [[ 530 1199]]
[[ 530 1198]] , [[ 530 1199]]
[[ 753 1216]] , [[ 753 1217]]
[[ 228 1302]] , [[ 228 1311]]
[[ 374 1192]] , [[ 374 1193]]
[[ 528 1200]] , [[ 528 1201]]
[[ 374 1194]] , [[ 374 1201]]
[[ 542 1198]] , [[ 542 1199]]
[[ 240 1200]] , [[ 240 1201]]
[[ 528 1196]] , [[ 528 1197]]
[[ 240 1202]] , [[ 240 1203]]
[[ 240 1202]] , [[ 240 1203]]
[[ 240 1244]] , [[ 240 1246]]
[[ 240 1244]] , [[ 240 1246]]
[[ 752 1212]] , [[ 752 1213]]
[[ 752 1212]] , [[ 752 1213]]
[[ 240 1204]] , [[ 240 1207]]
[[ 240 1232]] , [[ 240 1247]]
[[ 751 1210]] , [[ 751 1211]]
[[ 751 1210]] , [[ 751 1211]]
[[ 751 1210]] , [[ 751 1211]]
[[ 751 1296]] , [[ 752 1295]]
[[ 751 1210]] , [[ 751 1211]]
[[ 753 1296]] , [[ 754 1295]]
[[ 749 1210]] , [[ 749 1211]]
[[ 749 1292]] , [[ 750 1291]]
[[ 240 1208]] , [[ 240 1213]]
[[ 240 1208]] , [[ 240 1213]]
[[ 526 1196]] , [[ 526 1226]]
[[ 376 1188]] , [[ 375 1189]]
[[ 373 1188]] , [[ 373 1191]]
[[ 230 1130]] , [[ 230 1135]]
[[ 230 1130]] , [[ 230 1135]]
[[ 230 1146]] , [[ 230 1151]]
[[ 373 1188]] , [[ 373 1191]]
[[ 530 1194]] , [[ 530 1195]]
[[ 530 1194]] , [[ 530 1195]]
[[ 530 1194]] , [[ 530 1195]]
[[ 528 1194]] , [[ 528 1195]]
[[ 382 1186]] , [[ 382 1187]]
[[ 240 1208]] , [[ 240 1209]]
[[ 240 1208]] , [[ 240 1209]]
[[ 240 1208]] , [[ 240 1209]]
[[ 746 1208]] , [[ 746 1209]]
[[ 552 1352]] , [[ 552 1353]]
[[ 382 1190]] , [[ 382 1191]]
[[ 542 1356]] , [[ 542 1357]]
[[ 750 1212]] , [[ 750 1213]]
[[ 542 1360]] , [[ 542 1361]]
[[ 238 1242]] , [[ 239 1241]]
[[ 530 1200]] , [[ 530 1201]]
[[ 528 1200]] , [[ 528 1201]]
[[ 238 1204]] , [[ 238 1211]]
[[ 230 1152]] , [[ 230 1153]]
[[ 375 1184]] , [[ 375 1187]]
[[ 236 1196]] , [[ 236 1197]]
[[ 380 1184]] , [[ 380 1185]]
[[ 224 1108]] , [[ 224 1113]]
[[ 236 1134]] , [[ 236 1139]]
[[ 374 1194]] , [[ 374 1197]]
[[ 234 1116]] , [[ 234 1119]]
[[ 232 1120]] , [[ 232 1135]]
[[ 204 1102]] , [[ 204 1121]]
[[ 208 1084]] , [[ 208 1087]]
[[ 224 1118]] , [[ 224 1119]]
[[ 366 1190]] , [[ 366 1191]]
[[ 226 1142]] , [[ 226 1147]]
[[ 736 1222]] , [[ 736 1225]]
[[ 359 1194]] , [[ 359 1215]]
[[ 216 1102]] , [[ 216 1103]]
[[ 762 1122]] , [[ 762 1129]]
[[ 214 1102]] , [[ 214 1103]]
[[ 214 1102]] , [[ 214 1103]]
[[ 214 1102]] , [[ 214 1103]]
[[ 538 1208]] , [[ 538 1209]]
[[ 364 1202]] , [[ 364 1203]]
[[ 188 1082]] , [[ 188 1087]]
[[ 222 1074]] , [[ 222 1081]]
[[ 188 1088]] , [[ 188 1093]]
[[ 188 1086]] , [[ 188 1091]]
[[ 370 1190]] , [[ 370 1191]]
[[ 220 1188]] , [[ 220 1189]]
[[ 223 1186]] , [[ 223 1187]]
[[ 192 1100]] , [[ 192 1107]]
[[ 192 1100]] , [[ 192 1107]]
[[ 192 1100]] , [[ 192 1107]]
[[ 224 1086]] , [[ 224 1087]]
[[ 192 1100]] , [[ 192 1105]]
[[ 192 1100]] , [[ 192 1107]]
[[ 192 1100]] , [[ 192 1107]]
[[ 192 1100]] , [[ 192 1107]]
[[ 224 1092]] , [[ 224 1095]]
[[ 194 1098]] , [[ 194 1099]]
[[ 186 1080]] , [[ 186 1085]]
[[ 252 1082]] , [[ 252 1086]]
[[ 348 1115]] , [[ 348 1121]]
[[ 210 1188]] , [[ 210 1189]]
[[ 186 1080]] , [[ 186 1085]]
[[ 210 1188]] , [[ 210 1189]]
[[ 188 1088]] , [[ 188 1093]]
[[ 348 1115]] , [[ 348 1121]]
[[ 226 1092]] , [[ 226 1097]]
[[ 188 1078]] , [[ 188 1085]]
[[ 188 1080]] , [[ 188 1085]]
[[ 215 1186]] , [[ 215 1187]]
[[ 191 1080]] , [[ 191 1087]]
[[ 234 1092]] , [[ 234 1093]]
[[ 240 1088]] , [[ 240 1095]]
[[ 238 1088]] , [[ 238 1091]]
[[ 229 1146]] , [[ 230 1145]]
[[ 380 1192]] , [[ 380 1195]]
[[ 206 1094]] , [[ 206 1107]]
[[ 206 1094]] , [[ 206 1107]]
[[ 216 1136]] , [[ 216 1147]]
[[ 236 1186]] , [[ 236 1187]]
[[ 208 1102]] , [[ 208 1113]]
[[ 228 1076]] , [[ 228 1081]]
[[ 208 1072]] , [[ 208 1079]]
[[ 228 1076]] , [[ 228 1081]]
[[ 264 1070]] , [[ 264 1077]]
[[ 231 1190]] , [[ 231 1191]]
[[ 398 1202]] , [[ 398 1209]]
[[ 530 1188]] , [[ 530 1189]]
[[ 378 1188]] , [[ 378 1191]]
[[ 530 1192]] , [[ 530 1193]]
[[ 236 1170]] , [[ 236 1175]]
[[ 530 1194]] , [[ 530 1195]]
[[ 244 1094]] , [[ 244 1097]]
[[ 240 1124]] , [[ 240 1133]]
[[ 240 1124]] , [[ 240 1133]]
[[ 752 1204]] , [[ 752 1207]]
[[ 534 1192]] , [[ 534 1193]]
[[ 378 1182]] , [[ 378 1183]]
[[ 238 1128]] , [[ 238 1135]]
[[ 248 1072]] , [[ 248 1081]]
[[ 378 1182]] , [[ 378 1183]]
[[ 384 1182]] , [[ 384 1183]]
[[ 384 1184]] , [[ 384 1185]]
[[ 252 1074]] , [[ 252 1079]]
[[ 376 1020]] , [[ 376 1023]]
[[ 532 1196]] , [[ 532 1197]]
[[ 526 1196]] , [[ 526 1197]]
[[ 217 1344]] , [[ 216 1345]]
[[ 530 1194]] , [[ 530 1195]]
[[ 246 1230]] , [[ 246 1231]]
[[ 238 1150]] , [[ 238 1159]]
[[ 534 1190]] , [[ 534 1191]]
[[ 374 1184]] , [[ 374 1185]]
[[ 374 1184]] , [[ 374 1185]]
[[ 533 1188]] , [[ 533 1192]]
[[ 532 1188]] , [[ 532 1192]]
[[ 386 1184]] , [[ 386 1185]]
[[ 758 1200]] , [[ 758 1201]]
[[ 758 1200]] , [[ 758 1201]]
[[ 374 1186]] , [[ 374 1187]]
[[ 227 1456]] , [[ 228 1455]]
[[ 752 1198]] , [[ 752 1201]]
[[ 263 1308]] , [[ 264 1307]]
