[[161 174]] , [[162 173]]
[[665 530]] , [[666 529]]
[[952 371]] , [[952 375]]
[[512 518]] , [[512 525]]
[[819 536]] , [[820 535]]
[[474 520]] , [[474 529]]
[[512 518]] , [[512 525]]
[[851 582]] , [[851 587]]
[[488 518]] , [[488 523]]
[[787 535]] , [[787 539]]
[[512 518]] , [[512 525]]
[[304 540]] , [[304 543]]
[[752 514]] , [[752 515]]
[[512 518]] , [[512 525]]
[[376 516]] , [[376 523]]
[[486 518]] , [[486 523]]
[[486 518]] , [[486 522]]
[[474 520]] , [[474 525]]
[[512 518]] , [[512 525]]
[[304 540]] , [[304 541]]
[[488 518]] , [[488 522]]
[[304 540]] , [[304 541]]
[[783 514]] , [[782 515]]
[[836 570]] , [[837 569]]
[[836 570]] , [[837 569]]
[[478 760]] , [[478 764]]
[[804 514]] , [[804 515]]
[[662 646]] , [[662 655]]
[[488 518]] , [[488 523]]
[[766 710]] , [[766 711]]
[[718 720]] , [[718 725]]
[[658 718]] , [[658 723]]
[[654 680]] , [[654 689]]
[[760 712]] , [[759 713]]
[[304 542]] , [[304 549]]
[[654 654]] , [[654 655]]
[[304 542]] , [[304 543]]
[[284 546]] , [[284 547]]
[[284 546]] , [[284 547]]
[[846 558]] , [[846 559]]
[[464 654]] , [[464 659]]
[[727 717]] , [[727 721]]
[[727 718]] , [[726 719]]
[[464 654]] , [[464 659]]
[[837 860]] , [[838 859]]
[[648 624]] , [[648 629]]
[[464 656]] , [[464 673]]
[[472 708]] , [[472 717]]
[[832 567]] , [[832 569]]
[[358 750]] , [[358 755]]
[[719 719]] , [[719 723]]
[[656 786]] , [[656 797]]
[[474 710]] , [[474 717]]
[[482 786]] , [[482 791]]
[[835 610]] , [[836 609]]
[[356 750]] , [[356 755]]
[[464 672]] , [[464 689]]
[[656 786]] , [[656 797]]
[[356 750]] , [[356 755]]
[[356 750]] , [[356 755]]
[[650 636]] , [[650 637]]
[[656 772]] , [[656 785]]
[[280 548]] , [[280 555]]
[[280 548]] , [[280 555]]
[[648 638]] , [[648 639]]
[[280 549]] , [[280 555]]
[[464 664]] , [[464 691]]
[[656 778]] , [[656 779]]
[[482 782]] , [[482 787]]
[[650 770]] , [[650 775]]
[[650 632]] , [[650 635]]
[[464 664]] , [[464 669]]
[[832 566]] , [[832 567]]
[[474 894]] , [[474 897]]
[[464 798]] , [[464 809]]
[[464 798]] , [[464 809]]
[[650 628]] , [[650 629]]
[[485 781]] , [[484 782]]
[[464 664]] , [[464 673]]
[[470 710]] , [[470 715]]
[[471 702]] , [[472 701]]
[[466 622]] , [[466 631]]
[[476 542]] , [[476 545]]
[[464 664]] , [[464 677]]
[[280 549]] , [[280 557]]
[[646 636]] , [[646 655]]
[[466 622]] , [[466 627]]
[[654 780]] , [[654 799]]
[[324 532]] , [[324 537]]
[[654 780]] , [[654 781]]
[[463 674]] , [[464 673]]
[[466 664]] , [[466 665]]
[[466 664]] , [[466 665]]
[[478 820]] , [[478 825]]
[[463 674]] , [[464 673]]
[[656 782]] , [[656 783]]
[[482 786]] , [[482 790]]
[[474 718]] , [[474 723]]
[[458 640]] , [[458 645]]
[[650 624]] , [[650 631]]
[[462 662]] , [[462 671]]
[[650 632]] , [[650 633]]
[[650 632]] , [[650 633]]
[[462 662]] , [[462 671]]
[[822 542]] , [[822 546]]
[[462 662]] , [[462 673]]
[[650 632]] , [[650 633]]
[[287 559]] , [[288 558]]
[[474 518]] , [[474 519]]
[[468 666]] , [[468 669]]
[[652 780]] , [[652 793]]
[[454 534]] , [[454 539]]
[[466 798]] , [[466 803]]
[[474 694]] , [[474 701]]
[[462 664]] , [[462 673]]
[[483 801]] , [[483 805]]
[[656 770]] , [[656 771]]
[[654 770]] , [[654 831]]
[[654 632]] , [[654 633]]
[[474 694]] , [[474 699]]
[[484 788]] , [[484 795]]
[[841 570]] , [[842 569]]
[[378 516]] , [[378 521]]
[[486 514]] , [[486 515]]
[[802 514]] , [[802 515]]
[[842 744]] , [[842 749]]
[[814 514]] , [[814 515]]
[[656 798]] , [[656 831]]
[[780 514]] , [[778 516]]
[[822 542]] , [[822 546]]
[[282 546]] , [[282 547]]
[[656 720]] , [[656 725]]
[[652 674]] , [[652 679]]
[[658 786]] , [[658 791]]
[[824 542]] , [[824 547]]
[[676 944]] , [[676 951]]
[[284 546]] , [[284 547]]
[[284 546]] , [[284 547]]
[[303 536]] , [[303 540]]
[[518 526]] , [[518 531]]
[[786 710]] , [[786 711]]
[[764 710]] , [[764 719]]
[[ 834 1012]] , [[ 834 1019]]
[[784 708]] , [[784 709]]
[[804 710]] , [[804 715]]
[[472 540]] , [[472 543]]
[[ 833 1012]] , [[ 834 1011]]
[[834 992]] , [[833 993]]
[[378 516]] , [[378 523]]
[[304 536]] , [[302 538]]
[[304 536]] , [[304 537]]
[[291 667]] , [[291 671]]
[[480 534]] , [[480 535]]
[[848 550]] , [[848 555]]
[[806 514]] , [[805 515]]
[[304 535]] , [[303 536]]
[[784 513]] , [[783 514]]
[[842 560]] , [[842 561]]
[[304 535]] , [[303 536]]
[[838 922]] , [[838 927]]
[[294 673]] , [[294 687]]
[[650 654]] , [[650 667]]
[[464 704]] , [[464 709]]
[[ 792 1614]] , [[ 792 1619]]
[[304 750]] , [[304 757]]
[[ 741 1611]] , [[ 740 1612]]
[[658 862]] , [[658 869]]
[[656 798]] , [[656 809]]
[[310 748]] , [[310 749]]
[[672 928]] , [[672 933]]
[[654 776]] , [[654 780]]
[[486 782]] , [[486 789]]
[[286 728]] , [[286 732]]
[[656 796]] , [[656 799]]
[[483 750]] , [[483 754]]
[[834 772]] , [[834 779]]
[[834 772]] , [[834 779]]
[[466 809]] , [[466 821]]
[[670 792]] , [[670 797]]
[[468 866]] , [[468 871]]
[[468 866]] , [[468 871]]
[[654 780]] , [[654 825]]
[[486 776]] , [[486 809]]
[[835 970]] , [[836 969]]
[[834 772]] , [[834 776]]
[[ 691 1020]] , [[ 692 1019]]
[[674 928]] , [[674 931]]
[[485 770]] , [[485 783]]
[[485 770]] , [[485 783]]
[[660 794]] , [[660 795]]
[[469 814]] , [[469 818]]
[[468 809]] , [[468 813]]
[[837 772]] , [[837 776]]
[[839 922]] , [[839 926]]
[[484 768]] , [[484 772]]
[[338 886]] , [[338 893]]
[[320 738]] , [[320 745]]
[[468 768]] , [[468 785]]
[[654 760]] , [[654 767]]
[[343 897]] , [[343 904]]
[[654 760]] , [[654 767]]
[[ 304 1046]] , [[ 304 1051]]
[[326 740]] , [[325 741]]
[[ 494 1024]] , [[ 495 1023]]
[[ 496 1012]] , [[ 496 1013]]
[[834 928]] , [[834 935]]
[[672 924]] , [[672 957]]
[[470 798]] , [[470 813]]
[[292 684]] , [[292 705]]
[[292 684]] , [[292 705]]
[[836 772]] , [[836 775]]
[[837 772]] , [[837 775]]
[[290 672]] , [[290 685]]
[[660 812]] , [[660 813]]
[[838 934]] , [[838 935]]
[[296 694]] , [[296 699]]
[[296 694]] , [[296 699]]
[[292 688]] , [[292 711]]
[[462 672]] , [[462 687]]
[[470 698]] , [[470 699]]
[[760 713]] , [[760 714]]
[[839 778]] , [[839 785]]
[[305 542]] , [[305 546]]
[[722 716]] , [[722 721]]
[[763 714]] , [[762 715]]
[[822 700]] , [[820 702]]
[[486 514]] , [[486 517]]
[[378 516]] , [[378 520]]
[[378 516]] , [[378 520]]
[[802 706]] , [[802 707]]
[[825 717]] , [[824 718]]
[[ 832 1000]] , [[ 832 1003]]
[[802 708]] , [[802 717]]
[[ 488 1008]] , [[ 488 1025]]
[[288 576]] , [[288 583]]
[[820 718]] , [[820 723]]
[[654 664]] , [[654 671]]
[[668 944]] , [[668 951]]
[[656 838]] , [[656 845]]
[[355 752]] , [[355 756]]
[[464 894]] , [[464 901]]
[[672 924]] , [[672 925]]
[[282 547]] , [[282 549]]
[[838 556]] , [[838 557]]
[[841 620]] , [[842 619]]
[[470 694]] , [[470 703]]
[[644 628]] , [[644 629]]
[[470 694]] , [[470 703]]
[[462 632]] , [[462 639]]
[[652 782]] , [[652 783]]
[[ 492 1014]] , [[ 492 1016]]
[[ 486 1006]] , [[ 486 1013]]
[[654 772]] , [[654 778]]
[[466 852]] , [[466 873]]
[[464 806]] , [[464 827]]
[[466 852]] , [[466 873]]
[[483 792]] , [[483 794]]
[[466 852]] , [[466 865]]
[[646 584]] , [[646 589]]
[[460 630]] , [[460 635]]
[[650 782]] , [[650 791]]
[[642 738]] , [[641 739]]
[[648 628]] , [[648 629]]
[[648 628]] , [[648 629]]
[[648 628]] , [[648 629]]
[[300 540]] , [[300 541]]
[[835 594]] , [[836 593]]
[[838 536]] , [[838 541]]
[[835 594]] , [[836 593]]
[[462 638]] , [[462 645]]
[[838 536]] , [[838 541]]
[[470 532]] , [[470 543]]
[[470 532]] , [[470 543]]
[[651 583]] , [[651 587]]
[[514 516]] , [[514 517]]
[[300 538]] , [[300 547]]
[[847 554]] , [[848 553]]
[[300 538]] , [[300 545]]
[[646 626]] , [[646 631]]
[[482 794]] , [[482 799]]
[[647 628]] , [[647 633]]
[[282 546]] , [[282 547]]
[[465 638]] , [[464 639]]
[[743 877]] , [[743 888]]
[[287 703]] , [[287 707]]
[[287 703]] , [[287 707]]
[[470 532]] , [[470 543]]
[[469 696]] , [[470 695]]
[[300 538]] , [[300 548]]
[[286 713]] , [[286 717]]
[[286 713]] , [[286 717]]
[[550 728]] , [[550 733]]
[[461 659]] , [[462 658]]
[[648 628]] , [[648 629]]
[[298 538]] , [[298 543]]
[[478 514]] , [[478 515]]
[[374 516]] , [[374 523]]
[[649 626]] , [[648 627]]
[[448 534]] , [[448 539]]
[[464 639]] , [[463 640]]
[[298 538]] , [[298 546]]
[[652 784]] , [[652 791]]
[[469 698]] , [[470 697]]
[[450 531]] , [[449 532]]
[[470 532]] , [[470 533]]
[[304 528]] , [[304 535]]
[[450 534]] , [[450 539]]
[[469 698]] , [[470 697]]
[[450 534]] , [[450 539]]
[[458 710]] , [[458 717]]
[[464 801]] , [[464 845]]
[[464 801]] , [[464 845]]
[[466 660]] , [[466 669]]
[[470 854]] , [[470 859]]
[[464 801]] , [[464 845]]
[[650 780]] , [[650 807]]
[[730 878]] , [[730 891]]
[[822 542]] , [[822 547]]
[[374 516]] , [[374 523]]
[[648 630]] , [[648 633]]
[[464 801]] , [[464 805]]
[[673 934]] , [[673 941]]
[[464 801]] , [[464 805]]
[[644 634]] , [[644 653]]
[[472 538]] , [[472 539]]
[[476 536]] , [[476 537]]
[[301 538]] , [[301 545]]
[[462 628]] , [[462 633]]
[[306 536]] , [[306 537]]
[[ 844 1614]] , [[ 844 1618]]
[[656 780]] , [[656 781]]
[[468 642]] , [[468 645]]
[[464 626]] , [[464 635]]
[[675 850]] , [[676 849]]
[[466 638]] , [[466 645]]
[[ 495 1024]] , [[ 496 1023]]
[[484 762]] , [[484 767]]
[[466 790]] , [[466 794]]
[[296 705]] , [[296 709]]
[[656 768]] , [[656 777]]
[[470 628]] , [[470 635]]
[[469 654]] , [[468 655]]
[[469 654]] , [[468 655]]
[[468 800]] , [[468 835]]
[[468 800]] , [[468 833]]
[[466 654]] , [[466 667]]
[[470 644]] , [[470 651]]
[[486 766]] , [[486 769]]
[[652 620]] , [[652 621]]
[[489 802]] , [[489 803]]
[[470 642]] , [[470 645]]
[[466 670]] , [[466 685]]
[[658 798]] , [[658 805]]
[[656 786]] , [[656 791]]
[[656 770]] , [[656 783]]
[[460 672]] , [[460 687]]
[[470 638]] , [[470 639]]
[[470 708]] , [[470 717]]
[[482 528]] , [[482 531]]
[[470 692]] , [[470 697]]
[[654 636]] , [[654 637]]
[[754 720]] , [[754 727]]
[[654 644]] , [[654 645]]
[[844 768]] , [[844 775]]
[[846 722]] , [[846 733]]
[[656 790]] , [[656 795]]
[[306 542]] , [[306 549]]
[[660 672]] , [[660 713]]
[[682 721]] , [[682 725]]
[[306 542]] , [[306 547]]
[[520 520]] , [[520 525]]
[[726 516]] , [[726 517]]
[[476 514]] , [[476 519]]
[[736 516]] , [[736 517]]
[[380 514]] , [[380 520]]
[[768 514]] , [[768 515]]
[[817 520]] , [[818 519]]
[[480 528]] , [[479 529]]
[[379 514]] , [[379 518]]
[[799 522]] , [[800 521]]
[[476 514]] , [[476 519]]
[[799 522]] , [[800 521]]
[[801 522]] , [[802 521]]
[[675 534]] , [[676 533]]
[[768 514]] , [[768 515]]
[[297 676]] , [[297 689]]
[[305 536]] , [[304 537]]
[[650 640]] , [[650 647]]
[[296 708]] , [[296 709]]
[[288 720]] , [[288 729]]
[[304 752]] , [[304 757]]
[[835 794]] , [[836 793]]
[[294 686]] , [[294 693]]
[[658 806]] , [[658 841]]
[[832 782]] , [[832 793]]
[[472 782]] , [[472 793]]
[[832 776]] , [[832 779]]
[[832 776]] , [[832 777]]
[[488 768]] , [[488 781]]
[[656 762]] , [[656 773]]
[[839 820]] , [[840 819]]
[[675 934]] , [[675 941]]
[[841 960]] , [[842 959]]
[[841 978]] , [[842 977]]
[[843 962]] , [[844 961]]
[[841 978]] , [[842 977]]
[[471 865]] , [[471 869]]
[[840 776]] , [[840 781]]
[[835 858]] , [[836 857]]
[[475 896]] , [[474 897]]
[[840 772]] , [[840 773]]
[[838 922]] , [[837 923]]
[[840 776]] , [[840 781]]
[[ 500 1018]] , [[ 501 1017]]
[[836 922]] , [[834 924]]
[[676 926]] , [[676 927]]
[[470 832]] , [[470 851]]
[[ 304 1048]] , [[ 304 1053]]
[[471 865]] , [[471 869]]
[[676 924]] , [[676 927]]
[[ 304 1048]] , [[ 304 1053]]
[[676 926]] , [[676 927]]
[[836 924]] , [[836 927]]
[[836 924]] , [[836 927]]
[[468 798]] , [[468 799]]
[[836 924]] , [[836 927]]
[[468 822]] , [[468 847]]
[[674 924]] , [[674 927]]
[[468 832]] , [[468 847]]
[[ 486 1008]] , [[ 486 1014]]
[[839 820]] , [[840 819]]
[[466 774]] , [[466 779]]
[[838 784]] , [[838 792]]
[[839 820]] , [[840 819]]
[[294 696]] , [[294 697]]
[[840 776]] , [[840 779]]
[[470 784]] , [[470 791]]
[[839 820]] , [[840 819]]
[[839 820]] , [[840 819]]
[[488 814]] , [[488 829]]
[[310 748]] , [[310 749]]
[[840 924]] , [[840 925]]
[[313 896]] , [[313 899]]
[[816 886]] , [[816 891]]
[[468 808]] , [[468 815]]
[[468 810]] , [[468 817]]
[[658 786]] , [[658 787]]
[[840 924]] , [[840 925]]
[[826 866]] , [[826 871]]
[[658 782]] , [[658 783]]
[[300 899]] , [[300 903]]
[[300 899]] , [[300 903]]
[[318 746]] , [[317 747]]
[[842 694]] , [[842 695]]
[[320 906]] , [[320 910]]
[[813 886]] , [[813 890]]
[[654 758]] , [[654 769]]
[[672 896]] , [[672 901]]
[[837 768]] , [[837 769]]
[[320 905]] , [[319 906]]
[[814 880]] , [[814 883]]
[[ 689 1018]] , [[ 690 1017]]
[[836 922]] , [[836 927]]
[[836 922]] , [[836 945]]
[[334 742]] , [[334 743]]
[[836 768]] , [[836 777]]
[[499 746]] , [[498 747]]
[[320 903]] , [[319 904]]
[[332 742]] , [[332 743]]
[[499 746]] , [[499 750]]
[[496 746]] , [[496 750]]
[[496 744]] , [[496 751]]
[[812 878]] , [[812 879]]
[[ 710 1012]] , [[ 710 1017]]
[[836 886]] , [[836 891]]
[[839 794]] , [[839 798]]
[[839 816]] , [[839 817]]
[[ 836 1006]] , [[ 836 1007]]
[[ 836 1004]] , [[ 836 1005]]
[[288 886]] , [[288 897]]
[[480 740]] , [[480 741]]
[[ 707 1014]] , [[ 708 1013]]
[[768 879]] , [[768 881]]
[[296 970]] , [[296 973]]
[[312 903]] , [[312 907]]
[[ 697 1008]] , [[ 698 1007]]
[[310 896]] , [[310 901]]
[[ 707 1020]] , [[ 708 1019]]
[[756 880]] , [[756 885]]
[[842 976]] , [[842 977]]
[[370 745]] , [[370 749]]
[[359 887]] , [[359 891]]
[[358 744]] , [[358 749]]
[[656 752]] , [[656 759]]
[[664 742]] , [[664 743]]
[[804 870]] , [[804 877]]
[[464 734]] , [[464 735]]
[[472 750]] , [[472 755]]
[[320 740]] , [[320 743]]
[[302 742]] , [[302 753]]
[[648 700]] , [[648 705]]
[[841 748]] , [[841 749]]
[[500 741]] , [[500 748]]
[[642 734]] , [[642 741]]
[[514 740]] , [[514 745]]
[[312 742]] , [[312 744]]
[[834 740]] , [[834 741]]
[[844 806]] , [[844 817]]
[[834 746]] , [[834 751]]
[[330 742]] , [[330 743]]
[[842 844]] , [[842 845]]
[[470 870]] , [[470 879]]
[[846 836]] , [[846 848]]
[[718 878]] , [[718 883]]
[[838 824]] , [[838 833]]
[[336 886]] , [[336 891]]
[[808 862]] , [[808 863]]
[[808 862]] , [[808 863]]
[[844 848]] , [[844 851]]
[[704 874]] , [[704 878]]
[[838 830]] , [[838 845]]
[[808 862]] , [[808 863]]
[[666 854]] , [[666 857]]
[[844 916]] , [[843 917]]
[[ 480 1018]] , [[ 480 1023]]
[[828 920]] , [[828 925]]
[[654 756]] , [[654 757]]
[[648 706]] , [[648 707]]
[[664 572]] , [[664 577]]
[[795 706]] , [[795 707]]
[[646 710]] , [[646 715]]
[[828 832]] , [[828 839]]
[[782 708]] , [[782 709]]
[[830 820]] , [[830 825]]
[[282 554]] , [[282 565]]
[[814 700]] , [[814 705]]
[[647 625]] , [[647 629]]
[[650 760]] , [[650 761]]
[[602 728]] , [[602 733]]
[[594 728]] , [[594 733]]
[[602 728]] , [[602 733]]
[[648 634]] , [[648 635]]
[[285 560]] , [[286 559]]
[[282 552]] , [[282 559]]
[[470 674]] , [[470 675]]
[[469 692]] , [[470 691]]
[[469 860]] , [[469 869]]
[[470 674]] , [[470 675]]
[[646 632]] , [[646 637]]
[[646 632]] , [[646 637]]
[[296 688]] , [[296 693]]
[[656 776]] , [[656 780]]
[[290 704]] , [[290 711]]
[[654 782]] , [[654 787]]
[[459 663]] , [[459 664]]
[[466 789]] , [[465 790]]
[[665 530]] , [[666 529]]
[[952 371]] , [[952 375]]
[[512 518]] , [[512 525]]
[[819 536]] , [[820 535]]
[[474 520]] , [[474 529]]
[[512 518]] , [[512 525]]
[[851 582]] , [[851 587]]
[[488 518]] , [[488 523]]
[[787 535]] , [[787 539]]
[[512 518]] , [[512 525]]
[[304 540]] , [[304 543]]
[[752 514]] , [[752 515]]
[[512 518]] , [[512 525]]
[[376 516]] , [[376 523]]
[[486 518]] , [[486 523]]
[[486 518]] , [[486 522]]
[[474 520]] , [[474 525]]
[[512 518]] , [[512 525]]
[[304 540]] , [[304 541]]
[[488 518]] , [[488 522]]
[[304 540]] , [[304 541]]
[[783 514]] , [[782 515]]
[[836 570]] , [[837 569]]
[[836 570]] , [[837 569]]
[[478 760]] , [[478 764]]
[[804 514]] , [[804 515]]
[[662 646]] , [[662 655]]
[[488 518]] , [[488 523]]
[[766 710]] , [[766 711]]
[[718 720]] , [[718 725]]
[[658 718]] , [[658 723]]
[[654 680]] , [[654 689]]
[[760 712]] , [[759 713]]
[[304 542]] , [[304 549]]
[[654 654]] , [[654 655]]
[[304 542]] , [[304 543]]
[[284 546]] , [[284 547]]
[[284 546]] , [[284 547]]
[[846 558]] , [[846 559]]
[[464 654]] , [[464 659]]
[[727 717]] , [[727 721]]
[[727 718]] , [[726 719]]
[[464 654]] , [[464 659]]
[[837 860]] , [[838 859]]
[[648 624]] , [[648 629]]
[[464 656]] , [[464 673]]
[[472 708]] , [[472 717]]
[[832 567]] , [[832 569]]
[[358 750]] , [[358 755]]
[[719 719]] , [[719 723]]
[[656 786]] , [[656 797]]
[[474 710]] , [[474 717]]
[[482 786]] , [[482 791]]
[[835 610]] , [[836 609]]
[[356 750]] , [[356 755]]
[[464 672]] , [[464 689]]
[[656 786]] , [[656 797]]
[[356 750]] , [[356 755]]
[[356 750]] , [[356 755]]
[[650 636]] , [[650 637]]
[[656 772]] , [[656 785]]
[[280 548]] , [[280 555]]
[[280 548]] , [[280 555]]
[[648 638]] , [[648 639]]
[[280 549]] , [[280 555]]
[[464 664]] , [[464 691]]
[[656 778]] , [[656 779]]
[[482 782]] , [[482 787]]
[[650 770]] , [[650 775]]
[[650 632]] , [[650 635]]
[[464 664]] , [[464 669]]
[[832 566]] , [[832 567]]
[[474 894]] , [[474 897]]
[[464 798]] , [[464 809]]
[[464 798]] , [[464 809]]
[[650 628]] , [[650 629]]
[[485 781]] , [[484 782]]
[[464 664]] , [[464 673]]
[[470 710]] , [[470 715]]
[[471 702]] , [[472 701]]
[[466 622]] , [[466 631]]
[[476 542]] , [[476 545]]
[[464 664]] , [[464 677]]
[[280 549]] , [[280 557]]
[[646 636]] , [[646 655]]
[[466 622]] , [[466 627]]
[[654 780]] , [[654 799]]
[[324 532]] , [[324 537]]
[[654 780]] , [[654 781]]
[[463 674]] , [[464 673]]
[[466 664]] , [[466 665]]
[[466 664]] , [[466 665]]
[[478 820]] , [[478 825]]
[[463 674]] , [[464 673]]
[[656 782]] , [[656 783]]
[[482 786]] , [[482 790]]
[[474 718]] , [[474 723]]
[[458 640]] , [[458 645]]
[[650 624]] , [[650 631]]
[[462 662]] , [[462 671]]
[[650 632]] , [[650 633]]
[[650 632]] , [[650 633]]
[[462 662]] , [[462 671]]
[[822 542]] , [[822 546]]
[[462 662]] , [[462 673]]
[[650 632]] , [[650 633]]
[[287 559]] , [[288 558]]
[[474 518]] , [[474 519]]
[[468 666]] , [[468 669]]
[[652 780]] , [[652 793]]
[[454 534]] , [[454 539]]
[[466 798]] , [[466 803]]
[[474 694]] , [[474 701]]
[[462 664]] , [[462 673]]
[[483 801]] , [[483 805]]
[[656 770]] , [[656 771]]
[[654 770]] , [[654 831]]
[[654 632]] , [[654 633]]
[[474 694]] , [[474 699]]
[[484 788]] , [[484 795]]
[[841 570]] , [[842 569]]
[[378 516]] , [[378 521]]
[[486 514]] , [[486 515]]
[[802 514]] , [[802 515]]
[[842 744]] , [[842 749]]
[[814 514]] , [[814 515]]
[[656 798]] , [[656 831]]
[[780 514]] , [[778 516]]
[[822 542]] , [[822 546]]
[[282 546]] , [[282 547]]
[[656 720]] , [[656 725]]
[[652 674]] , [[652 679]]
[[658 786]] , [[658 791]]
[[824 542]] , [[824 547]]
[[676 944]] , [[676 951]]
[[284 546]] , [[284 547]]
[[284 546]] , [[284 547]]
[[303 536]] , [[303 540]]
[[518 526]] , [[518 531]]
[[786 710]] , [[786 711]]
[[764 710]] , [[764 719]]
[[ 834 1012]] , [[ 834 1019]]
[[784 708]] , [[784 709]]
[[804 710]] , [[804 715]]
[[472 540]] , [[472 543]]
[[ 833 1012]] , [[ 834 1011]]
[[834 992]] , [[833 993]]
[[378 516]] , [[378 523]]
[[304 536]] , [[302 538]]
[[304 536]] , [[304 537]]
[[291 667]] , [[291 671]]
[[480 534]] , [[480 535]]
[[848 550]] , [[848 555]]
[[806 514]] , [[805 515]]
[[304 535]] , [[303 536]]
[[784 513]] , [[783 514]]
[[842 560]] , [[842 561]]
[[304 535]] , [[303 536]]
[[838 922]] , [[838 927]]
[[294 673]] , [[294 687]]
[[650 654]] , [[650 667]]
[[464 704]] , [[464 709]]
[[ 792 1614]] , [[ 792 1619]]
[[304 750]] , [[304 757]]
[[ 741 1611]] , [[ 740 1612]]
[[658 862]] , [[658 869]]
[[656 798]] , [[656 809]]
[[310 748]] , [[310 749]]
[[672 928]] , [[672 933]]
[[654 776]] , [[654 780]]
[[486 782]] , [[486 789]]
[[286 728]] , [[286 732]]
[[656 796]] , [[656 799]]
[[483 750]] , [[483 754]]
[[834 772]] , [[834 779]]
[[834 772]] , [[834 779]]
[[466 809]] , [[466 821]]
[[670 792]] , [[670 797]]
[[468 866]] , [[468 871]]
[[468 866]] , [[468 871]]
[[654 780]] , [[654 825]]
[[486 776]] , [[486 809]]
[[835 970]] , [[836 969]]
[[834 772]] , [[834 776]]
[[ 691 1020]] , [[ 692 1019]]
[[674 928]] , [[674 931]]
[[485 770]] , [[485 783]]
[[485 770]] , [[485 783]]
[[660 794]] , [[660 795]]
[[469 814]] , [[469 818]]
[[468 809]] , [[468 813]]
[[837 772]] , [[837 776]]
[[839 922]] , [[839 926]]
[[484 768]] , [[484 772]]
[[338 886]] , [[338 893]]
[[320 738]] , [[320 745]]
[[468 768]] , [[468 785]]
[[654 760]] , [[654 767]]
[[343 897]] , [[343 904]]
[[654 760]] , [[654 767]]
[[ 304 1046]] , [[ 304 1051]]
[[326 740]] , [[325 741]]
[[ 494 1024]] , [[ 495 1023]]
[[ 496 1012]] , [[ 496 1013]]
[[834 928]] , [[834 935]]
[[672 924]] , [[672 957]]
[[470 798]] , [[470 813]]
[[292 684]] , [[292 705]]
[[292 684]] , [[292 705]]
[[836 772]] , [[836 775]]
[[837 772]] , [[837 775]]
[[290 672]] , [[290 685]]
[[660 812]] , [[660 813]]
[[838 934]] , [[838 935]]
[[296 694]] , [[296 699]]
[[296 694]] , [[296 699]]
[[292 688]] , [[292 711]]
[[462 672]] , [[462 687]]
[[470 698]] , [[470 699]]
[[760 713]] , [[760 714]]
[[839 778]] , [[839 785]]
[[305 542]] , [[305 546]]
[[722 716]] , [[722 721]]
[[763 714]] , [[762 715]]
[[822 700]] , [[820 702]]
[[486 514]] , [[486 517]]
[[378 516]] , [[378 520]]
[[378 516]] , [[378 520]]
[[802 706]] , [[802 707]]
[[825 717]] , [[824 718]]
[[ 832 1000]] , [[ 832 1003]]
[[802 708]] , [[802 717]]
[[ 488 1008]] , [[ 488 1025]]
[[288 576]] , [[288 583]]
[[820 718]] , [[820 723]]
[[654 664]] , [[654 671]]
[[668 944]] , [[668 951]]
[[656 838]] , [[656 845]]
[[355 752]] , [[355 756]]
[[464 894]] , [[464 901]]
[[672 924]] , [[672 925]]
[[282 547]] , [[282 549]]
[[838 556]] , [[838 557]]
[[841 620]] , [[842 619]]
[[470 694]] , [[470 703]]
[[644 628]] , [[644 629]]
[[470 694]] , [[470 703]]
[[462 632]] , [[462 639]]
[[652 782]] , [[652 783]]
[[ 492 1014]] , [[ 492 1016]]
[[ 486 1006]] , [[ 486 1013]]
[[654 772]] , [[654 778]]
[[466 852]] , [[466 873]]
[[464 806]] , [[464 827]]
[[466 852]] , [[466 873]]
[[483 792]] , [[483 794]]
[[466 852]] , [[466 865]]
[[646 584]] , [[646 589]]
[[460 630]] , [[460 635]]
[[650 782]] , [[650 791]]
[[642 738]] , [[641 739]]
[[648 628]] , [[648 629]]
[[648 628]] , [[648 629]]
[[648 628]] , [[648 629]]
[[300 540]] , [[300 541]]
[[835 594]] , [[836 593]]
[[838 536]] , [[838 541]]
[[835 594]] , [[836 593]]
[[462 638]] , [[462 645]]
[[838 536]] , [[838 541]]
[[470 532]] , [[470 543]]
[[470 532]] , [[470 543]]
[[651 583]] , [[651 587]]
[[514 516]] , [[514 517]]
[[300 538]] , [[300 547]]
[[847 554]] , [[848 553]]
[[300 538]] , [[300 545]]
[[646 626]] , [[646 631]]
[[482 794]] , [[482 799]]
[[647 628]] , [[647 633]]
[[282 546]] , [[282 547]]
[[465 638]] , [[464 639]]
[[743 877]] , [[743 888]]
[[287 703]] , [[287 707]]
[[287 703]] , [[287 707]]
[[470 532]] , [[470 543]]
[[469 696]] , [[470 695]]
[[300 538]] , [[300 548]]
[[286 713]] , [[286 717]]
[[286 713]] , [[286 717]]
[[550 728]] , [[550 733]]
[[461 659]] , [[462 658]]
[[648 628]] , [[648 629]]
[[298 538]] , [[298 543]]
[[478 514]] , [[478 515]]
[[374 516]] , [[374 523]]
[[649 626]] , [[648 627]]
[[448 534]] , [[448 539]]
[[464 639]] , [[463 640]]
[[298 538]] , [[298 546]]
[[652 784]] , [[652 791]]
[[469 698]] , [[470 697]]
[[450 531]] , [[449 532]]
[[470 532]] , [[470 533]]
[[304 528]] , [[304 535]]
[[450 534]] , [[450 539]]
[[469 698]] , [[470 697]]
[[450 534]] , [[450 539]]
[[458 710]] , [[458 717]]
[[464 801]] , [[464 845]]
[[464 801]] , [[464 845]]
[[466 660]] , [[466 669]]
[[470 854]] , [[470 859]]
[[464 801]] , [[464 845]]
[[650 780]] , [[650 807]]
[[730 878]] , [[730 891]]
[[822 542]] , [[822 547]]
[[374 516]] , [[374 523]]
[[648 630]] , [[648 633]]
[[464 801]] , [[464 805]]
[[673 934]] , [[673 941]]
[[464 801]] , [[464 805]]
[[644 634]] , [[644 653]]
[[472 538]] , [[472 539]]
[[476 536]] , [[476 537]]
[[301 538]] , [[301 545]]
[[462 628]] , [[462 633]]
[[306 536]] , [[306 537]]
[[ 844 1614]] , [[ 844 1618]]
[[656 780]] , [[656 781]]
[[468 642]] , [[468 645]]
[[464 626]] , [[464 635]]
[[675 850]] , [[676 849]]
[[466 638]] , [[466 645]]
[[ 495 1024]] , [[ 496 1023]]
[[484 762]] , [[484 767]]
[[466 790]] , [[466 794]]
[[296 705]] , [[296 709]]
[[656 768]] , [[656 777]]
[[470 628]] , [[470 635]]
[[469 654]] , [[468 655]]
[[469 654]] , [[468 655]]
[[468 800]] , [[468 835]]
[[468 800]] , [[468 833]]
[[466 654]] , [[466 667]]
[[470 644]] , [[470 651]]
[[486 766]] , [[486 769]]
[[652 620]] , [[652 621]]
[[489 802]] , [[489 803]]
[[470 642]] , [[470 645]]
[[466 670]] , [[466 685]]
[[658 798]] , [[658 805]]
[[656 786]] , [[656 791]]
[[656 770]] , [[656 783]]
[[460 672]] , [[460 687]]
[[470 638]] , [[470 639]]
[[470 708]] , [[470 717]]
[[482 528]] , [[482 531]]
[[470 692]] , [[470 697]]
[[654 636]] , [[654 637]]
[[754 720]] , [[754 727]]
[[654 644]] , [[654 645]]
[[844 768]] , [[844 775]]
[[846 722]] , [[846 733]]
[[656 790]] , [[656 795]]
[[306 542]] , [[306 549]]
[[660 672]] , [[660 713]]
[[682 721]] , [[682 725]]
[[306 542]] , [[306 547]]
[[520 520]] , [[520 525]]
[[726 516]] , [[726 517]]
[[476 514]] , [[476 519]]
[[736 516]] , [[736 517]]
[[380 514]] , [[380 520]]
[[768 514]] , [[768 515]]
[[817 520]] , [[818 519]]
[[480 528]] , [[479 529]]
[[379 514]] , [[379 518]]
[[799 522]] , [[800 521]]
[[476 514]] , [[476 519]]
[[799 522]] , [[800 521]]
[[801 522]] , [[802 521]]
[[675 534]] , [[676 533]]
[[768 514]] , [[768 515]]
[[297 676]] , [[297 689]]
[[305 536]] , [[304 537]]
[[650 640]] , [[650 647]]
[[296 708]] , [[296 709]]
[[288 720]] , [[288 729]]
[[304 752]] , [[304 757]]
[[835 794]] , [[836 793]]
[[294 686]] , [[294 693]]
[[658 806]] , [[658 841]]
[[832 782]] , [[832 793]]
[[472 782]] , [[472 793]]
[[832 776]] , [[832 779]]
[[832 776]] , [[832 777]]
[[488 768]] , [[488 781]]
[[656 762]] , [[656 773]]
[[839 820]] , [[840 819]]
[[675 934]] , [[675 941]]
[[841 960]] , [[842 959]]
[[841 978]] , [[842 977]]
[[843 962]] , [[844 961]]
[[841 978]] , [[842 977]]
[[471 865]] , [[471 869]]
[[840 776]] , [[840 781]]
[[835 858]] , [[836 857]]
[[475 896]] , [[474 897]]
[[840 772]] , [[840 773]]
[[838 922]] , [[837 923]]
[[840 776]] , [[840 781]]
[[ 500 1018]] , [[ 501 1017]]
[[836 922]] , [[834 924]]
[[676 926]] , [[676 927]]
[[470 832]] , [[470 851]]
[[ 304 1048]] , [[ 304 1053]]
[[471 865]] , [[471 869]]
[[676 924]] , [[676 927]]
[[ 304 1048]] , [[ 304 1053]]
[[676 926]] , [[676 927]]
[[836 924]] , [[836 927]]
[[836 924]] , [[836 927]]
[[468 798]] , [[468 799]]
[[836 924]] , [[836 927]]
[[468 822]] , [[468 847]]
[[674 924]] , [[674 927]]
[[468 832]] , [[468 847]]
[[ 486 1008]] , [[ 486 1014]]
[[839 820]] , [[840 819]]
[[466 774]] , [[466 779]]
[[838 784]] , [[838 792]]
[[839 820]] , [[840 819]]
[[294 696]] , [[294 697]]
[[840 776]] , [[840 779]]
[[470 784]] , [[470 791]]
[[839 820]] , [[840 819]]
[[839 820]] , [[840 819]]
[[488 814]] , [[488 829]]
[[310 748]] , [[310 749]]
[[840 924]] , [[840 925]]
[[313 896]] , [[313 899]]
[[816 886]] , [[816 891]]
[[468 808]] , [[468 815]]
[[468 810]] , [[468 817]]
[[658 786]] , [[658 787]]
[[840 924]] , [[840 925]]
[[826 866]] , [[826 871]]
[[658 782]] , [[658 783]]
[[300 899]] , [[300 903]]
[[300 899]] , [[300 903]]
[[318 746]] , [[317 747]]
[[842 694]] , [[842 695]]
[[320 906]] , [[320 910]]
[[813 886]] , [[813 890]]
[[654 758]] , [[654 769]]
[[672 896]] , [[672 901]]
[[837 768]] , [[837 769]]
[[320 905]] , [[319 906]]
[[814 880]] , [[814 883]]
[[ 689 1018]] , [[ 690 1017]]
[[836 922]] , [[836 927]]
[[836 922]] , [[836 945]]
[[334 742]] , [[334 743]]
[[836 768]] , [[836 777]]
[[499 746]] , [[498 747]]
[[320 903]] , [[319 904]]
[[332 742]] , [[332 743]]
[[499 746]] , [[499 750]]
[[496 746]] , [[496 750]]
[[496 744]] , [[496 751]]
[[812 878]] , [[812 879]]
[[ 710 1012]] , [[ 710 1017]]
[[836 886]] , [[836 891]]
[[839 794]] , [[839 798]]
[[839 816]] , [[839 817]]
[[ 836 1006]] , [[ 836 1007]]
[[ 836 1004]] , [[ 836 1005]]
[[288 886]] , [[288 897]]
[[480 740]] , [[480 741]]
[[ 707 1014]] , [[ 708 1013]]
[[768 879]] , [[768 881]]
[[296 970]] , [[296 973]]
[[312 903]] , [[312 907]]
[[ 697 1008]] , [[ 698 1007]]
[[310 896]] , [[310 901]]
[[ 707 1020]] , [[ 708 1019]]
[[756 880]] , [[756 885]]
[[842 976]] , [[842 977]]
[[370 745]] , [[370 749]]
[[359 887]] , [[359 891]]
[[358 744]] , [[358 749]]
[[656 752]] , [[656 759]]
[[664 742]] , [[664 743]]
[[804 870]] , [[804 877]]
[[464 734]] , [[464 735]]
[[472 750]] , [[472 755]]
[[320 740]] , [[320 743]]
[[302 742]] , [[302 753]]
[[648 700]] , [[648 705]]
[[841 748]] , [[841 749]]
[[500 741]] , [[500 748]]
[[642 734]] , [[642 741]]
[[514 740]] , [[514 745]]
[[312 742]] , [[312 744]]
[[834 740]] , [[834 741]]
[[844 806]] , [[844 817]]
[[834 746]] , [[834 751]]
[[330 742]] , [[330 743]]
[[842 844]] , [[842 845]]
[[470 870]] , [[470 879]]
[[846 836]] , [[846 848]]
[[718 878]] , [[718 883]]
[[838 824]] , [[838 833]]
[[336 886]] , [[336 891]]
[[808 862]] , [[808 863]]
[[808 862]] , [[808 863]]
[[844 848]] , [[844 851]]
[[704 874]] , [[704 878]]
[[838 830]] , [[838 845]]
[[808 862]] , [[808 863]]
[[666 854]] , [[666 857]]
[[844 916]] , [[843 917]]
[[ 480 1018]] , [[ 480 1023]]
[[828 920]] , [[828 925]]
[[654 756]] , [[654 757]]
[[648 706]] , [[648 707]]
[[664 572]] , [[664 577]]
[[795 706]] , [[795 707]]
[[646 710]] , [[646 715]]
[[828 832]] , [[828 839]]
[[782 708]] , [[782 709]]
[[830 820]] , [[830 825]]
[[282 554]] , [[282 565]]
[[814 700]] , [[814 705]]
[[647 625]] , [[647 629]]
[[650 760]] , [[650 761]]
[[602 728]] , [[602 733]]
[[594 728]] , [[594 733]]
[[602 728]] , [[602 733]]
[[648 634]] , [[648 635]]
[[285 560]] , [[286 559]]
[[282 552]] , [[282 559]]
[[470 674]] , [[470 675]]
[[469 692]] , [[470 691]]
[[469 860]] , [[469 869]]
[[470 674]] , [[470 675]]
[[646 632]] , [[646 637]]
[[646 632]] , [[646 637]]
[[296 688]] , [[296 693]]
[[656 776]] , [[656 780]]
[[290 704]] , [[290 711]]
[[654 782]] , [[654 787]]
[[459 663]] , [[459 664]]
[[466 789]] , [[465 790]]
[[367 930]] , [[368 929]]
[[367 932]] , [[368 931]]
[[334 864]] , [[334 873]]
[[336 864]] , [[336 865]]
[[350 859]] , [[350 861]]
[[336 862]] , [[336 863]]
[[308 864]] , [[308 879]]
[[383 948]] , [[384 947]]
[[383 948]] , [[384 947]]
[[351 880]] , [[352 879]]
[[347 876]] , [[348 875]]
[[299 860]] , [[299 861]]
[[299 860]] , [[297 862]]
[[299 860]] , [[297 862]]
[[238 862]] , [[238 867]]
[[646 862]] , [[646 863]]
[[219 903]] , [[219 905]]
[[ 542 1010]] , [[ 542 1011]]
[[240 862]] , [[240 867]]
[[ 751 1016]] , [[ 751 1020]]
[[217 917]] , [[217 922]]
[[217 917]] , [[217 922]]
[[246 888]] , [[246 893]]
[[ 530 1010]] , [[ 530 1011]]
[[ 374 1016]] , [[ 374 1017]]
[[ 751 1016]] , [[ 751 1019]]
[[319 860]] , [[318 861]]
[[640 864]] , [[640 865]]
[[ 526 1012]] , [[ 526 1013]]
[[ 524 1012]] , [[ 524 1013]]
[[644 860]] , [[644 861]]
[[434 858]] , [[433 859]]
[[646 860]] , [[646 861]]
[[646 862]] , [[646 863]]
[[ 522 1012]] , [[ 522 1013]]
[[376 862]] , [[376 863]]
[[646 864]] , [[646 865]]
[[307 862]] , [[306 863]]
[[ 373 1018]] , [[ 373 1021]]
[[304 862]] , [[303 863]]
[[ 752 1016]] , [[ 752 1021]]
[[302 862]] , [[302 863]]
[[654 863]] , [[653 864]]
[[640 864]] , [[640 867]]
[[640 864]] , [[640 867]]
[[544 859]] , [[543 860]]
[[446 860]] , [[445 861]]
[[444 860]] , [[444 861]]
[[638 862]] , [[638 863]]
[[318 860]] , [[317 861]]
[[318 861]] , [[317 862]]
[[318 860]] , [[317 861]]
[[314 860]] , [[314 861]]
[[310 860]] , [[309 861]]
[[232 864]] , [[232 869]]
[[ 516 1012]] , [[ 516 1013]]
[[305 860]] , [[304 861]]
[[290 860]] , [[289 861]]
[[518 858]] , [[517 859]]
[[290 860]] , [[290 861]]
[[518 858]] , [[517 859]]
[[744 860]] , [[744 865]]
[[294 860]] , [[294 861]]
[[294 860]] , [[294 861]]
[[446 858]] , [[446 859]]
[[306 860]] , [[305 861]]
[[310 860]] , [[309 861]]
[[214 926]] , [[214 931]]
[[403 860]] , [[402 861]]
[[212 902]] , [[212 903]]
[[202 960]] , [[202 963]]
[[212 924]] , [[212 925]]
[[ 516 1012]] , [[ 516 1013]]
[[210 926]] , [[210 937]]
[[212 902]] , [[212 903]]
[[192 942]] , [[192 953]]
[[210 902]] , [[210 905]]
[[212 900]] , [[212 901]]
[[355 976]] , [[355 983]]
[[355 970]] , [[355 975]]
[[380 966]] , [[380 967]]
[[192 992]] , [[192 993]]
[[ 206 1036]] , [[ 206 1039]]
[[ 201 1048]] , [[ 202 1047]]
[[ 364 1136]] , [[ 364 1146]]
[[ 217 1160]] , [[ 218 1159]]
[[ 217 1158]] , [[ 218 1157]]
[[ 203 1046]] , [[ 204 1045]]
[[ 508 1012]] , [[ 508 1013]]
[[ 736 1024]] , [[ 736 1041]]
[[188 988]] , [[188 995]]
[[208 946]] , [[208 949]]
[[208 946]] , [[208 949]]
[[210 932]] , [[210 941]]
[[198 950]] , [[198 957]]
[[210 930]] , [[210 943]]
[[178 918]] , [[178 925]]
[[194 934]] , [[194 947]]
[[178 920]] , [[178 927]]
[[192 918]] , [[192 919]]
[[196 918]] , [[196 919]]
[[177 906]] , [[177 913]]
[[195 952]] , [[196 951]]
[[196 920]] , [[196 925]]
[[733 926]] , [[733 953]]
[[208 946]] , [[208 951]]
[[180 934]] , [[180 945]]
[[210 896]] , [[210 907]]
[[178 926]] , [[178 931]]
[[191 962]] , [[192 961]]
[[326 888]] , [[326 895]]
[[190 922]] , [[190 927]]
[[730 896]] , [[730 901]]
[[754 874]] , [[754 895]]
[[180 938]] , [[180 947]]
[[ 206 1028]] , [[ 206 1035]]
[[180 938]] , [[180 945]]
[[210 944]] , [[210 949]]
[[ 506 1014]] , [[ 506 1015]]
[[184 990]] , [[184 995]]
[[206 964]] , [[206 973]]
[[206 964]] , [[206 973]]
[[184 920]] , [[184 927]]
[[182 944]] , [[182 959]]
[[758 874]] , [[758 877]]
[[214 900]] , [[214 905]]
[[210 946]] , [[210 951]]
[[208 916]] , [[208 929]]
[[735 910]] , [[735 925]]
[[188 920]] , [[188 929]]
[[188 920]] , [[188 927]]
[[208 964]] , [[208 975]]
[[214 934]] , [[214 945]]
[[216 932]] , [[216 945]]
[[214 972]] , [[214 983]]
[[192 956]] , [[192 963]]
[[224 900]] , [[224 905]]
[[220 920]] , [[220 927]]
[[224 900]] , [[224 901]]
[[192 944]] , [[192 949]]
[[194 970]] , [[194 977]]
[[214 938]] , [[214 945]]
[[194 990]] , [[194 997]]
[[ 516 1014]] , [[ 516 1015]]
[[218 990]] , [[218 993]]
[[ 516 1014]] , [[ 516 1015]]
[[196 990]] , [[196 995]]
[[ 516 1014]] , [[ 516 1015]]
[[218 968]] , [[218 995]]
[[196 990]] , [[196 995]]
[[ 514 1014]] , [[ 514 1021]]
[[ 233 1062]] , [[ 234 1061]]
[[ 211 1058]] , [[ 212 1057]]
[[ 213 1058]] , [[ 214 1057]]
[[ 379 1026]] , [[ 380 1025]]
[[ 379 1026]] , [[ 380 1025]]
[[198 988]] , [[198 993]]
[[198 988]] , [[198 993]]
[[196 920]] , [[196 927]]
[[ 514 1014]] , [[ 514 1021]]
[[ 757 1024]] , [[ 757 1027]]
[[218 952]] , [[218 955]]
[[216 982]] , [[216 987]]
[[ 512 1014]] , [[ 512 1019]]
[[216 982]] , [[216 987]]
[[622 864]] , [[622 865]]
[[216 958]] , [[216 965]]
[[296 862]] , [[296 867]]
[[321 882]] , [[322 881]]
[[335 860]] , [[334 861]]
[[313 872]] , [[314 871]]
[[748 864]] , [[748 868]]
[[749 870]] , [[750 869]]
[[230 896]] , [[230 900]]
[[230 896]] , [[230 900]]
[[313 862]] , [[312 863]]
[[ 532 1012]] , [[ 532 1013]]
[[417 874]] , [[417 878]]
[[417 874]] , [[417 878]]
[[ 236 1136]] , [[ 236 1147]]
[[ 760 1020]] , [[ 760 1021]]
[[754 864]] , [[754 869]]
[[ 526 1014]] , [[ 526 1015]]
[[ 528 1014]] , [[ 528 1015]]
[[234 896]] , [[234 901]]
[[332 864]] , [[331 865]]
[[330 865]] , [[329 866]]
[[190 912]] , [[190 933]]
[[426 886]] , [[426 893]]
[[656 868]] , [[656 869]]
[[654 868]] , [[654 891]]
[[188 872]] , [[188 873]]
[[430 886]] , [[430 893]]
[[190 870]] , [[190 871]]
[[658 866]] , [[658 867]]
[[739 882]] , [[740 881]]
[[270 896]] , [[270 901]]
[[662 866]] , [[662 867]]
[[190 926]] , [[190 931]]
[[190 926]] , [[190 931]]
[[ 542 1014]] , [[ 542 1015]]
[[190 924]] , [[190 932]]
[[207 978]] , [[208 977]]
[[204 960]] , [[204 963]]
[[210 938]] , [[210 945]]
[[213 938]] , [[213 939]]
[[190 924]] , [[190 931]]
[[190 924]] , [[190 931]]
[[ 213 1068]] , [[ 214 1067]]
[[ 215 1040]] , [[ 216 1039]]
[[192 924]] , [[192 935]]
[[211 996]] , [[212 995]]
[[215 972]] , [[216 971]]
[[209 970]] , [[210 969]]
[[213 998]] , [[214 997]]
[[211 978]] , [[212 977]]
[[215 968]] , [[216 967]]
[[213 982]] , [[214 981]]
[[ 205 1012]] , [[ 206 1011]]
[[207 978]] , [[208 977]]
[[ 203 1034]] , [[ 204 1033]]
[[192 924]] , [[192 931]]
[[192 924]] , [[192 931]]
[[202 904]] , [[202 911]]
[[198 934]] , [[198 941]]
[[200 926]] , [[200 931]]
[[192 924]] , [[192 929]]
[[192 924]] , [[192 929]]
[[208 990]] , [[ 208 1001]]
[[192 912]] , [[192 929]]
[[ 219 1010]] , [[ 220 1009]]
[[215 966]] , [[216 965]]
[[219 994]] , [[220 993]]
[[ 203 1004]] , [[ 204 1003]]
[[ 203 1004]] , [[ 204 1003]]
[[ 203 1002]] , [[ 204 1001]]
[[215 968]] , [[216 967]]
[[360 865]] , [[359 866]]
[[282 898]] , [[282 903]]
[[191 906]] , [[190 907]]
[[502 864]] , [[502 865]]
[[694 870]] , [[694 871]]
[[220 886]] , [[220 895]]
[[690 870]] , [[690 873]]
[[274 878]] , [[274 879]]
[[272 880]] , [[272 891]]
[[484 864]] , [[483 865]]
[[346 865]] , [[345 866]]
[[191 906]] , [[191 907]]
[[215 968]] , [[216 967]]
[[215 978]] , [[216 977]]
[[191 908]] , [[190 909]]
[[191 908]] , [[190 909]]
[[191 908]] , [[190 909]]
[[213 992]] , [[214 991]]
[[ 207 1042]] , [[ 208 1041]]
[[206 942]] , [[206 943]]
[[ 207 1080]] , [[ 208 1079]]
[[ 207 1080]] , [[ 208 1079]]
[[203 994]] , [[204 993]]
[[ 207 1044]] , [[ 208 1043]]
[[ 205 1044]] , [[ 206 1043]]
[[209 982]] , [[210 981]]
[[ 203 1012]] , [[ 204 1011]]
[[264 882]] , [[264 885]]
[[262 882]] , [[262 885]]
[[ 502 1018]] , [[ 502 1019]]
[[198 938]] , [[198 953]]
[[198 934]] , [[198 945]]
[[189 988]] , [[190 987]]
[[ 255 1050]] , [[ 256 1049]]
[[ 750 1008]] , [[ 750 1009]]
[[ 524 1006]] , [[ 524 1007]]
[[178 924]] , [[178 929]]
[[188 902]] , [[188 927]]
[[174 910]] , [[174 915]]
[[180 914]] , [[180 915]]
[[228 888]] , [[228 893]]
[[228 888]] , [[228 893]]
[[ 518 1010]] , [[ 518 1011]]
[[ 504 1010]] , [[ 504 1011]]
[[240 872]] , [[240 877]]
[[618 856]] , [[618 863]]
[[222 888]] , [[222 893]]
[[ 239 1066]] , [[ 240 1065]]
[[ 261 1054]] , [[ 262 1053]]
[[ 261 1058]] , [[ 262 1057]]
[[ 738 1018]] , [[ 738 1023]]
[[ 225 1058]] , [[ 226 1057]]
[[ 736 1022]] , [[ 736 1027]]
[[ 263 1058]] , [[ 264 1057]]
[[188 989]] , [[188 993]]
[[ 500 1010]] , [[ 500 1023]]
[[224 888]] , [[224 893]]
[[730 878]] , [[730 881]]
[[200 946]] , [[200 949]]
[[200 946]] , [[200 949]]
[[200 946]] , [[200 949]]
[[ 195 1026]] , [[ 196 1025]]
[[ 195 1026]] , [[ 196 1025]]
[[ 271 1058]] , [[ 272 1057]]
[[192 934]] , [[192 941]]
[[200 918]] , [[200 927]]
[[200 920]] , [[200 927]]
[[174 898]] , [[174 911]]
[[534 942]] , [[534 951]]
[[208 930]] , [[208 941]]
[[176 924]] , [[176 928]]
[[204 944]] , [[204 945]]
[[192 934]] , [[192 941]]
[[ 376 1010]] , [[ 376 1011]]
[[208 932]] , [[208 941]]
[[200 992]] , [[200 997]]
[[192 932]] , [[192 941]]
[[175 896]] , [[175 897]]
[[175 896]] , [[175 898]]
[[175 896]] , [[175 898]]
[[348 854]] , [[348 855]]
[[518 852]] , [[518 855]]
[[526 854]] , [[526 855]]
[[502 856]] , [[502 857]]
[[175 898]] , [[174 899]]
[[446 856]] , [[445 857]]
[[199 934]] , [[200 933]]
[[199 934]] , [[200 933]]
[[174 900]] , [[174 915]]
[[ 215 1062]] , [[ 216 1061]]
[[ 370 1014]] , [[ 370 1015]]
[[ 370 1014]] , [[ 370 1015]]
[[202 976]] , [[202 977]]
[[192 938]] , [[192 943]]
[[500 858]] , [[500 859]]
[[175 901]] , [[174 902]]
[[200 916]] , [[200 923]]
[[192 936]] , [[192 941]]
[[190 914]] , [[190 921]]
[[190 914]] , [[190 915]]
[[192 938]] , [[192 943]]
[[306 860]] , [[305 861]]
[[175 902]] , [[174 903]]
[[208 938]] , [[208 945]]
[[208 938]] , [[208 945]]
[[175 902]] , [[174 903]]
[[194 950]] , [[194 951]]
[[194 950]] , [[194 951]]
[[178 942]] , [[178 951]]
[[208 940]] , [[208 945]]
[[202 932]] , [[202 937]]
[[202 932]] , [[202 937]]
[[342 860]] , [[342 861]]
[[176 928]] , [[176 935]]
[[176 928]] , [[176 935]]
[[176 928]] , [[176 935]]
[[174 910]] , [[174 918]]
[[200 928]] , [[200 939]]
[[476 860]] , [[476 861]]
[[176 928]] , [[176 937]]
[[177 928]] , [[177 934]]
[[191 962]] , [[192 961]]
[[178 910]] , [[178 933]]
[[212 910]] , [[212 913]]
[[738 868]] , [[736 870]]
[[302 876]] , [[302 877]]
[[209 984]] , [[210 983]]
[[218 920]] , [[218 923]]
[[ 372 1026]] , [[ 372 1027]]
[[546 872]] , [[545 873]]
[[188 918]] , [[188 931]]
[[740 864]] , [[739 865]]
[[190 934]] , [[190 939]]
[[220 916]] , [[220 923]]
[[207 960]] , [[208 959]]
[[220 914]] , [[220 923]]
[[220 914]] , [[220 915]]
[[190 930]] , [[190 937]]
[[205 976]] , [[206 975]]
[[200 910]] , [[200 915]]
[[200 910]] , [[200 915]]
[[207 962]] , [[208 961]]
[[215 958]] , [[216 957]]
[[215 958]] , [[216 957]]
[[209 974]] , [[210 973]]
[[211 950]] , [[212 949]]
[[542 862]] , [[542 863]]
[[554 862]] , [[554 863]]
[[286 870]] , [[286 899]]
[[211 950]] , [[212 949]]
[[207 962]] , [[208 961]]
[[756 856]] , [[756 857]]
[[560 862]] , [[560 863]]
[[772 888]] , [[772 909]]
[[222 914]] , [[222 919]]
[[222 914]] , [[222 933]]
[[750 874]] , [[750 893]]
[[222 926]] , [[222 931]]
[[222 926]] , [[222 931]]
[[266 870]] , [[266 875]]
[[266 870]] , [[266 875]]
[[224 938]] , [[224 941]]
[[198 974]] , [[198 981]]
[[ 790 1072]] , [[ 790 1079]]
[[ 206 1030]] , [[ 206 1033]]
[[ 544 1014]] , [[ 544 1015]]
[[202 984]] , [[202 993]]
[[198 938]] , [[198 969]]
[[224 940]] , [[224 941]]
[[224 940]] , [[224 941]]
[[208 950]] , [[208 961]]
[[222 944]] , [[222 955]]
[[365 962]] , [[365 969]]
[[216 964]] , [[216 975]]
[[630 868]] , [[630 869]]
[[220 990]] , [[220 997]]
[[ 524 1016]] , [[ 524 1017]]
[[551 865]] , [[550 866]]
[[260 868]] , [[260 875]]
[[548 866]] , [[547 867]]
[[260 868]] , [[260 873]]
[[644 866]] , [[644 867]]
[[ 279 1068]] , [[ 280 1067]]
[[438 862]] , [[437 863]]
[[304 864]] , [[304 877]]
[[646 866]] , [[645 867]]
[[ 257 1080]] , [[ 258 1079]]
[[ 259 1076]] , [[ 260 1075]]
[[ 259 1076]] , [[ 260 1075]]
[[ 265 1074]] , [[ 266 1073]]
[[ 534 1014]] , [[ 534 1015]]
[[ 526 1014]] , [[ 526 1015]]
[[ 285 1068]] , [[ 286 1067]]
[[ 756 1018]] , [[ 756 1021]]
[[ 370 1020]] , [[ 370 1033]]
[[ 764 1020]] , [[ 764 1021]]
[[ 266 1064]] , [[ 266 1069]]
[[ 764 1020]] , [[ 764 1021]]
[[ 254 1072]] , [[ 254 1077]]
[[ 266 1058]] , [[ 266 1063]]
[[ 276 1056]] , [[ 276 1061]]
[[ 766 1020]] , [[ 766 1021]]
[[ 370 1018]] , [[ 370 1023]]
[[ 538 1012]] , [[ 538 1013]]
[[ 538 1012]] , [[ 538 1013]]
[[ 536 1012]] , [[ 536 1013]]
[[654 866]] , [[654 867]]
[[ 536 1012]] , [[ 536 1013]]
[[ 377 1018]] , [[ 377 1021]]
[[ 377 1018]] , [[ 377 1021]]
[[ 380 1018]] , [[ 380 1021]]
[[ 380 1018]] , [[ 380 1021]]
[[ 526 1012]] , [[ 526 1013]]
[[ 278 1054]] , [[ 278 1059]]
[[ 530 1012]] , [[ 530 1013]]
[[ 536 1012]] , [[ 536 1013]]
[[246 898]] , [[246 902]]
[[ 252 1088]] , [[ 252 1097]]
[[654 866]] , [[654 867]]
[[ 398 1020]] , [[ 398 1021]]
[[444 866]] , [[444 867]]
[[ 238 1106]] , [[ 238 1111]]
[[ 766 1026]] , [[ 766 1027]]
[[310 870]] , [[310 871]]
[[542 866]] , [[542 867]]
[[ 524 1014]] , [[ 524 1015]]
[[320 860]] , [[320 861]]
[[320 858]] , [[319 859]]
[[ 248 1054]] , [[ 248 1059]]
[[640 860]] , [[640 865]]
[[320 862]] , [[318 864]]
[[642 868]] , [[642 869]]
[[639 870]] , [[638 871]]
[[306 870]] , [[306 875]]
[[240 900]] , [[240 905]]
[[315 869]] , [[314 870]]
[[506 864]] , [[506 865]]
[[416 862]] , [[416 863]]
[[618 862]] , [[618 863]]
[[304 860]] , [[304 869]]
[[ 198 1080]] , [[ 198 1087]]
[[ 736 1026]] , [[ 736 1033]]
[[ 204 1024]] , [[ 204 1031]]
[[ 320 1046]] , [[ 320 1047]]
[[308 876]] , [[308 883]]
[[734 928]] , [[734 943]]
[[202 976]] , [[202 985]]
[[ 203 1072]] , [[ 204 1071]]
[[ 184 1040]] , [[ 184 1061]]
[[ 186 1000]] , [[ 186 1005]]
[[186 998]] , [[ 186 1003]]
[[204 990]] , [[204 995]]
[[206 990]] , [[206 995]]
[[ 272 1048]] , [[ 272 1055]]
[[ 226 1048]] , [[ 226 1053]]
[[ 204 1030]] , [[ 204 1035]]
[[ 202 1030]] , [[ 202 1035]]
[[ 202 1030]] , [[ 202 1035]]
[[ 202 1030]] , [[ 202 1031]]
[[ 256 1048]] , [[ 256 1053]]
[[192 988]] , [[192 989]]
[[192 988]] , [[192 989]]
[[190 992]] , [[190 997]]
[[ 208 1026]] , [[ 208 1031]]
[[ 522 1008]] , [[ 522 1009]]
[[ 358 1010]] , [[ 358 1015]]
[[ 358 1010]] , [[ 358 1015]]
[[ 204 1022]] , [[ 204 1027]]
[[ 504 1012]] , [[ 504 1013]]
[[ 206 1024]] , [[ 206 1039]]
[[ 360 1012]] , [[ 360 1013]]
[[ 362 1012]] , [[ 362 1013]]
[[ 520 1012]] , [[ 520 1013]]
[[ 362 1012]] , [[ 362 1013]]
[[184 958]] , [[184 963]]
[[ 514 1012]] , [[ 514 1013]]
[[ 522 1012]] , [[ 522 1013]]
[[ 360 1012]] , [[ 360 1017]]
[[ 360 1012]] , [[ 360 1019]]
[[ 528 1012]] , [[ 528 1013]]
[[ 219 1048]] , [[ 220 1047]]
[[ 374 1010]] , [[ 374 1013]]
[[550 854]] , [[550 855]]
[[ 207 1022]] , [[ 207 1026]]
[[517 963]] , [[517 969]]
[[391 854]] , [[389 856]]
[[ 200 1020]] , [[ 200 1021]]
[[ 310 1042]] , [[ 310 1043]]
[[ 198 1020]] , [[ 198 1037]]
[[ 516 1006]] , [[ 516 1015]]
[[ 516 1006]] , [[ 516 1013]]
[[ 218 1022]] , [[ 218 1027]]
[[ 222 1022]] , [[ 222 1023]]
[[ 751 1018]] , [[ 751 1033]]
[[ 358 1038]] , [[ 358 1039]]
[[ 528 1006]] , [[ 528 1007]]
[[ 374 1022]] , [[ 374 1023]]
[[ 248 1054]] , [[ 248 1059]]
[[332 866]] , [[332 871]]
[[ 374 1020]] , [[ 374 1029]]
[[436 862]] , [[436 863]]
[[411 886]] , [[412 885]]
[[319 888]] , [[320 887]]
[[ 770 1018]] , [[ 770 1019]]
[[648 862]] , [[648 863]]
[[329 876]] , [[330 875]]
[[442 854]] , [[442 855]]
[[329 874]] , [[330 873]]
[[316 856]] , [[316 857]]
[[316 858]] , [[316 859]]
[[327 880]] , [[328 879]]
[[314 862]] , [[314 863]]
[[454 862]] , [[454 863]]
[[196 912]] , [[196 921]]
[[196 912]] , [[196 919]]
[[ 536 1014]] , [[ 536 1015]]
[[436 862]] , [[436 863]]
[[ 540 1010]] , [[ 540 1011]]
[[548 858]] , [[548 859]]
[[298 870]] , [[298 877]]
[[204 984]] , [[204 991]]
[[ 540 1008]] , [[ 540 1009]]
[[402 870]] , [[402 875]]
[[ 540 1008]] , [[ 540 1011]]
[[664 864]] , [[664 867]]
[[ 522 1012]] , [[ 522 1013]]
[[334 888]] , [[334 895]]
[[324 876]] , [[324 881]]
[[334 888]] , [[334 895]]
[[404 886]] , [[404 896]]
[[404 878]] , [[404 883]]
