[206.60378 283.     ]
[187.5 293. ]
[212.47458 299.3729 ]
[206.60378 283.     ]
[187.5 293. ]
[212.47458 299.3729 ]
[206.60378 283.     ]
[187.5 293. ]
[212.47458 299.3729 ]
[210.  283.5]
[187.5 290. ]
[212.47458 299.3729 ]
[210.51852 283.4074 ]
[187.5 290. ]
[212.47458 299.3729 ]
[210.51852 283.4074 ]
[187.5 290. ]
[210.9375  283.46875]
[187.5 290. ]
[209.55263 299.57895]
[209.  282.5]
[215.  284.5]
[187.5 290. ]
[212.  284.5]
[187.5 290. ]
[215.98387 285.03226]
[187.5 290. ]
[217.38298 297.89362]
[212.  283.5]
[217.5 285.5]
[187.5 290. ]
[215.29462 292.71985]
[205.94872 280.6282 ]
[187.5 293. ]
[211.4665  293.92407]
[205.96875 299.625  ]
[203.9155  280.11267]
[187.5 286. ]
[219.75424 292.39514]
[207.23622 293.91556]
[188.5 281. ]
[202.5 285. ]
[213.59181 293.47412]
[202.53125 293.9375 ]
[213.59167 293.4742 ]
[214.5 288.5]
[196.5 296. ]
[217.61702 297.89362]
[191.01877 286.98334]
[208.5 288.5]
[190.5055  291.49643]
[191.5 296.5]
[210.54286 296.6    ]
[218. 299.]
[204.5 286.5]
[215. 286.]
[201.41881 293.0979 ]
[215. 299.]
[198.60439 283.4279 ]
[218.5 286. ]
[216.     298.8611]
[201.53687 283.84604]
[219. 286.]
[197.52875 293.4723 ]
[204.19608 298.90195]
[215. 299.]
[198.02985 288.64178]
[218.5 286. ]
[190.78542 283.71503]
[216.     298.8611]
[195.67416 288.28088]
[218.5 286. ]
[216.     298.8611]
[197.59322 288.30508]
[219. 286.]
[189.08 289.52]
[187. 296.]
[197.59322 288.30508]
[219. 286.]
[189.08 289.52]
[187. 296.]
[215. 299.]
[197.74074 287.96295]
[218. 286.]
[190.89127 284.77383]
[187. 294.]
[207.02272 298.04544]
[216.     298.8611]
[197.74074 287.96295]
[218. 286.]
[190.89111 284.77353]
[187. 294.]
[207.02272 298.04544]
[215. 299.]
[197.74074 287.96295]
[218. 286.]
[190.89128 284.77393]
[187. 294.]
[207.02272 298.04544]
[215. 299.]
[197.74074 287.96295]
[218. 286.]
[190.89093 284.7731 ]
[187. 294.]
[207.02272 298.04544]
[215. 299.]
[197.74074 287.96295]
[218. 286.]
[190.89513 284.65735]
[187. 294.]
[207.02272 298.04544]
[215. 299.]
[190.92578 284.58893]
[218. 286.]
[187. 294.]
[194.9875 287.7625]
[218. 286.]
[187. 294.]
[207.02272 298.04544]
[215. 299.]
[197.61539 287.78845]
[218. 286.]
[190.90128 284.52878]
[187. 294.]
[209.41791 298.37314]
[197.84 287.88]
[219. 286.]
[190.8355  284.56094]
[187. 294.]
[195.      287.79486]
[187. 294.]
[218.52325 292.93976]
[215.  298.5]
[195.      287.79486]
[219.90475 287.5476 ]
[187. 294.]
[219.16983 293.10428]
[215.  298.5]
[195.      287.79486]
[215.93939 286.54544]
[187. 294.]
[217.11093 292.949  ]
[195.07895 287.85526]
[216. 287.]
[187. 294.]
[215.67839 293.1362 ]
[212.  298.5]
[195.07895 287.85526]
[208.  285.5]
[212.8394  293.07745]
[187. 294.]
[212.8373  293.07825]
[204.5 297.5]
[195.07895 287.85526]
[208.85715 287.09525]
[187. 294.]
[210.24004 293.55545]
[193.50526 288.46317]
[206.5 285.5]
[184.64865 298.6216 ]
[203.76086 298.30435]
[192.59329 292.1786 ]
[205.92 286.52]
[218.3597  290.84808]
[203.97298 296.56757]
[188.93407 291.15384]
[216.7669  291.70566]
[200.5 290.5]
[189.06593 291.32968]
[211.7144  292.44986]
[200.5 290.5]
[216.1892  297.45947]
[183.5 288.5]
[191.01318 285.00485]
[212.6443 293.0461]
[189.5 296. ]
[212.64795 293.04703]
[183.5 288.5]
[190.9536 284.8013]
[203.5 287.5]
[218.  287.5]
[185.97298 297.13513]
[210.42465 297.30136]
[199.53143 293.19232]
[216.  287.5]
[213. 299.]
[199.2619 288.2857]
[207. 286.]
[216.  287.5]
[197.86511 293.51416]
[218.9375 299.1875]
[197.93333 286.96667]
[207. 286.]
[216.  287.5]
[197.37152 293.4789 ]
[218.9375 299.1875]
[197.09091 286.04544]
[207. 286.]
[216.  287.5]
[195.27338 294.68378]
[197.09091 286.04544]
[207. 286.]
[215.  287.5]
[194.5843  296.42233]
[218.9375 299.1875]
[196.07143 287.     ]
[208.  285.5]
[216. 287.]
[193.5 294. ]
[218.9375 299.1875]
[195.5614 290.1228]
[210. 286.]
[218.  287.5]
[202.54546 298.0606 ]
[213. 299.]
[219. 299.]
[193.43661 289.59155]
[209.5 286. ]
[218.  287.5]
[203.73685 298.1842 ]
[212. 299.]
[194.11688 288.7013 ]
[208.5 286. ]
[218.  287.5]
[212. 299.]
[190.45009 282.43213]
[210. 286.]
[218.  287.5]
[212. 299.]
[190.44984 282.43167]
[210. 286.]
[218.  287.5]
[212. 299.]
[190.4501  282.43146]
[210. 286.]
[218.  287.5]
[190.48935 282.33548]
[210. 286.]
[218.  287.5]
[188.5 294. ]
[212. 299.]
[190.46938 282.29355]
[210. 286.]
[218.  287.5]
[188.5 293. ]
[190.44518 282.0048 ]
[195.5     286.66666]
[210. 286.]
[218.  287.5]
[188.5 291. ]
[212. 299.]
[190.44516 282.00476]
[195.5     286.66666]
[210. 286.]
[218.  287.5]
[188.5 291. ]
[190.44516 282.00476]
[195.5     286.66666]
[210. 286.]
[218.  287.5]
[188.5 291. ]
[190.44518 282.0048 ]
[195.5     286.66666]
[215.85  286.675]
[188.5 291. ]
[213. 299.]
[219. 299.]
[190.44516 282.00476]
[195.5     286.66666]
[215.85  286.675]
[188.5 291. ]
[190.57193 282.01422]
[195.5     286.66666]
[215.85  286.675]
[188.5 294. ]
[212. 299.]
[190.67664 282.01114]
[215.85  286.675]
[188.5 295. ]
[212. 299.]
[190.76242 281.95505]
[215.85  286.675]
[188.5 296. ]
[212. 299.]
[190.88016 281.94656]
[215.85  286.675]
[190.88016 281.9465 ]
[215.85  286.675]
[213. 299.]
[219. 299.]
[190.8802  281.94708]
[215.85  286.675]
[212. 299.]
[190.88092 281.94843]
[215.85  286.675]
[212. 299.]
[193.96 287.58]
[215.85  286.675]
[212. 299.]
[194.19565 288.65216]
[214.  286.5]
[204.0351  299.54385]
[212. 299.]
[196.44681 289.02127]
[217.32558 286.69766]
[211.53125 298.96875]
[198.15584 289.37662]
[215.5 286. ]
[219.26315 298.1842 ]
[203.08 286.52]
[200.64474 295.80664]
[218.  298.5]
[200.64482 295.8064 ]
[203.93939 287.48486]
[206.23515 291.59848]
[218.  295.5]
[211.5 285.5]
[207.9751 291.5722]
[214.5 285.5]
[211.65456 291.50922]
[199.54561 294.75085]
[198.18088 281.22992]
[204.38095 287.5    ]
[211.5 288.5]
[198.17348 281.23145]
[206.54411 286.5147 ]
[211. 295.]
[198.19493 281.2907 ]
[205.17647 286.7647 ]
[212.5 295.5]
[208.41772 286.5443 ]
[198.19682 281.29285]
[213.35898 297.43588]
[204.58139 286.66278]
[213.34285 298.82858]
[202.31708 286.80487]
[219.10976 298.06097]
[202.31708 286.80487]
[213.14285 298.14285]
[202.31708 286.80487]
[213.14285 298.14285]
[203.75789 286.69473]
[212.5 297.5]
[205.13252 287.43375]
[213.14285 298.14285]
[205.27711 287.83133]
[212.5 297.5]
[204.93103 288.     ]
[212.93333 298.96667]
[213.54839 286.58066]
[197.5 288.5]
[205.15384 288.20514]
[213.34285 298.82858]
[197.5 288.5]
[205.  288.5]
[218.62857 288.17142]
[213.34285 298.82858]
[197.5 288.5]
[207.5     287.92856]
[219.05714 288.3143 ]
[215.4     298.34546]
[204.59259 288.41974]
[219.05714 288.3143 ]
[213.7381  298.42856]
[197.5 288.5]
[207.5     287.92856]
[219.05714 288.3143 ]
[213.54839 286.58066]
[202.5     287.98334]
[213.08 299.52]
[199.20705 283.79034]
[205.      288.16666]
[216.85454 288.0182 ]
[213.34285 298.82858]
[199.26422 284.13748]
[205.      288.16666]
[216.85454 288.0182 ]
[213.08 299.52]
[199.24576 284.12027]
[204.5 288.5]
[219.05714 288.3143 ]
[213.53847 297.96155]
[199.22559 284.0984 ]
[204.5 288.5]
[219.62857 288.17142]
[213.44444 297.22223]
[201.6842  288.94736]
[219.62857 288.17142]
[216.7069  297.86206]
[201.6842  288.94736]
[219.62857 288.17142]
[216.7069  297.86206]
[201.32259 289.2097 ]
[219.5 288.5]
[212.5 297.5]
[202.42424 291.31818]
[215.  288.5]
[213.38889 299.1111 ]
[204.44 290.44]
[219.5 288.5]
[212.5 296.5]
[218.5 295.5]
[206.23746 292.2868 ]
[218.18518 295.74075]
[211.58333 299.6111 ]
[207.1371 291.8183]
[213.  295.5]
[207.4905  291.58328]
[207.49025 291.58347]
[208.353   291.89093]
[218.  288.5]
[213.52 293.92]
[210.07518 292.16074]
[210.07527 292.16074]
[211.46507 292.198  ]
[215.0118 292.1587]
[198.5 294.5]
[203.5 294.5]
[215.01169 292.1587 ]
[200.41621 296.45825]
[200.41624 296.4585 ]
[200.44614 296.03503]
[200.19978 296.5288 ]
[196.  284.5]
[211. 282.]
[200.28618 296.93887]
[211. 294.]
[212.5 283. ]
[196. 286.]
[195.01492 298.25372]
[212.5 293. ]
[210.5 297. ]
[215.  283.5]
[196.13889 290.     ]
[216.52858 291.8181 ]
[194.5 297. ]
[212.81633 297.91837]
[212.5 281.5]
[217.5 282.5]
[196. 291.]
[213.76666 297.28333]
[194.5 297. ]
[195.325 294.85 ]
[215.23529 297.75   ]
[195.325 294.85 ]
[212.81818 298.79544]
[195.325 294.85 ]
[217.78824 297.15295]
[195.30232 293.3256 ]
[212.92857 299.42856]
[195.59259 293.51852]
[213.07317 299.63416]
[195.59259 293.51852]
[213.07317 299.63416]
[195.59259 293.51852]
[213.07317 299.63416]
[214.625   280.03125]
[195.59259 293.51852]
[213.07317 299.63416]
[195.56604 290.96225]
[213.07317 299.63416]
[195.34782 291.36957]
[212.92857 299.42856]
[195.34782 291.36957]
[212.92857 299.42856]
[195.34782 291.36957]
[212.92857 299.42856]
[195.04878 291.5122 ]
[212.84782 299.9565 ]
[195.04878 291.5122 ]
[195.04878 291.5122 ]
[195.04878 291.5122 ]
[195.04878 291.5122 ]
[200.2427  283.60043]
[195.34782 291.36957]
[196. 294.]
[196.5 292. ]
[195.5 296. ]
[196. 294.]
[196.  293.5]
[196. 282.]
[196.13889 290.     ]
[194.5 297. ]
[196. 282.]
[195.8125 289.9375]
[194.5 297. ]
[195.04546 292.     ]
[199.43542 283.5059 ]
[217.15533 299.10678]
[216.96297 282.19754]
[193.5 287. ]
[192.5 291. ]
[218.  296.5]
[213.88235 298.88235]
[191.5 299. ]
[218.75 284.25]
[214.34567 298.4074 ]
[191.5 299. ]
[218.75 284.25]
[214.4762 298.0476]
[191.5 299. ]
