362.27228 , 389.8317
361.87628 , 389.6695
361.87628 , 389.6695
361.87628 , 389.6695
361.87628 , 389.6695
361.87628 , 389.6695
361.87628 , 389.6695
361.87628 , 389.6695
361.87628 , 389.6695
361.87628 , 389.6695
361.87628 , 389.6695
361.87628 , 389.6695
361.87628 , 389.6695
361.87628 , 389.6695
361.87628 , 389.6695
361.87628 , 389.6695
361.87628 , 389.6695
361.87628 , 389.6695
361.87628 , 389.6695
361.87628 , 389.6695
361.87628 , 389.6695
361.87628 , 389.6695
361.87628 , 389.6695
361.87628 , 389.6695
361.87628 , 389.6695
361.87628 , 389.6695
361.87628 , 389.6695
361.87628 , 389.6695
361.87628 , 389.6695
361.87628 , 389.6695
361.87628 , 389.6695
361.87628 , 389.6695
361.87628 , 389.6695
361.87628 , 389.6695
361.87628 , 389.6695
361.87628 , 389.6695
361.87628 , 389.6695
361.87628 , 389.6695
361.87628 , 389.6695
361.87628 , 389.6695
361.87628 , 389.6695
361.87628 , 389.6695
361.87628 , 389.6695
361.87628 , 389.6695
361.87628 , 389.6695
361.87628 , 389.6695
361.87628 , 389.6695
361.87628 , 389.6695
361.87628 , 389.6695
361.87628 , 389.6695
