271.5 , 444.5
273.98413 , 448.1746
273.98413 , 448.1746
273.98413 , 448.1746
273.98413 , 448.1746
273.98413 , 448.1746
273.98413 , 448.1746
273.98413 , 448.1746
273.98413 , 448.1746
273.98413 , 448.1746
273.98413 , 448.1746
273.98413 , 448.1746
273.98413 , 448.1746
273.98413 , 448.1746
273.98413 , 448.1746
273.98413 , 448.1746
273.98413 , 448.1746
273.98413 , 448.1746
273.98413 , 448.1746
273.98413 , 448.1746
273.98413 , 448.1746
273.98413 , 448.1746
273.98413 , 448.1746
273.98413 , 448.1746
273.98413 , 448.1746
273.98413 , 448.1746
273.98413 , 448.1746
273.98413 , 448.1746
273.98413 , 448.1746
273.98413 , 448.1746
273.98413 , 448.1746
273.98413 , 448.1746
273.98413 , 448.1746
273.98413 , 448.1746
273.98413 , 448.1746
273.98413 , 448.1746
273.98413 , 448.1746
273.98413 , 448.1746
273.98413 , 448.1746
273.98413 , 448.1746
273.98413 , 448.1746
273.98413 , 448.1746
273.98413 , 448.1746
273.98413 , 448.1746
273.98413 , 448.1746
273.98413 , 448.1746
273.98413 , 448.1746
273.98413 , 448.1746
273.98413 , 448.1746
273.98413 , 448.1746
