453.5 , 435.0
444.5 , 441.0
444.5 , 441.0
444.5 , 441.0
444.5 , 441.0
444.5 , 441.0
444.5 , 441.0
444.5 , 441.0
444.5 , 441.0
444.5 , 441.0
444.5 , 441.0
444.5 , 441.0
444.5 , 441.0
444.5 , 441.0
444.5 , 441.0
444.5 , 441.0
444.5 , 441.0
444.5 , 441.0
444.5 , 441.0
444.5 , 441.0
444.5 , 441.0
444.5 , 441.0
444.5 , 441.0
444.5 , 441.0
444.5 , 441.0
444.5 , 441.0
444.5 , 441.0
444.5 , 441.0
444.5 , 441.0
444.5 , 441.0
444.5 , 441.0
444.5 , 441.0
444.5 , 441.0
444.5 , 441.0
444.5 , 441.0
444.5 , 441.0
444.5 , 441.0
444.5 , 441.0
444.5 , 441.0
444.5 , 441.0
444.5 , 441.0
444.5 , 441.0
444.5 , 441.0
444.5 , 441.0
444.5 , 441.0
444.5 , 441.0
444.5 , 441.0
444.5 , 441.0
444.5 , 441.0
444.5 , 441.0
