551.8261 , 477.0
539.9394 , 477.54544
539.9394 , 477.54544
539.9394 , 477.54544
539.9394 , 477.54544
539.9394 , 477.54544
539.9394 , 477.54544
539.9394 , 477.54544
539.9394 , 477.54544
539.9394 , 477.54544
539.9394 , 477.54544
539.9394 , 477.54544
539.9394 , 477.54544
539.9394 , 477.54544
539.9394 , 477.54544
539.9394 , 477.54544
539.9394 , 477.54544
539.9394 , 477.54544
539.9394 , 477.54544
539.9394 , 477.54544
539.9394 , 477.54544
539.9394 , 477.54544
539.9394 , 477.54544
539.9394 , 477.54544
539.9394 , 477.54544
539.9394 , 477.54544
539.9394 , 477.54544
539.9394 , 477.54544
539.9394 , 477.54544
539.9394 , 477.54544
539.9394 , 477.54544
539.9394 , 477.54544
539.9394 , 477.54544
539.9394 , 477.54544
539.9394 , 477.54544
539.9394 , 477.54544
539.9394 , 477.54544
539.9394 , 477.54544
539.9394 , 477.54544
539.9394 , 477.54544
539.9394 , 477.54544
539.9394 , 477.54544
539.9394 , 477.54544
539.9394 , 477.54544
539.9394 , 477.54544
539.9394 , 477.54544
539.9394 , 477.54544
539.9394 , 477.54544
539.9394 , 477.54544
539.9394 , 477.54544
