309.54285 , 380.82858
310.2795 , 385.97195
310.2795 , 385.97195
310.2795 , 385.97195
310.2795 , 385.97195
310.2795 , 385.97195
310.2795 , 385.97195
310.2795 , 385.97195
310.2795 , 385.97195
310.2795 , 385.97195
310.2795 , 385.97195
310.2795 , 385.97195
310.2795 , 385.97195
310.2795 , 385.97195
310.2795 , 385.97195
310.2795 , 385.97195
310.2795 , 385.97195
310.2795 , 385.97195
310.2795 , 385.97195
310.2795 , 385.97195
310.2795 , 385.97195
310.2795 , 385.97195
310.2795 , 385.97195
310.2795 , 385.97195
310.2795 , 385.97195
310.2795 , 385.97195
310.2795 , 385.97195
310.2795 , 385.97195
310.2795 , 385.97195
310.2795 , 385.97195
310.2795 , 385.97195
310.2795 , 385.97195
310.2795 , 385.97195
310.2795 , 385.97195
310.2795 , 385.97195
310.2795 , 385.97195
310.2795 , 385.97195
310.2795 , 385.97195
310.2795 , 385.97195
310.2795 , 385.97195
310.2795 , 385.97195
310.2795 , 385.97195
310.2795 , 385.97195
310.2795 , 385.97195
310.2795 , 385.97195
310.2795 , 385.97195
310.2795 , 385.97195
310.2795 , 385.97195
310.2795 , 385.97195
310.2795 , 385.97195
